
 etall    1, NO =    4, NV =    5, INA =   27
 *********************************************

    I  COEFFICIENT          ORDER   EXPONENTS
     1   -1.299480566701        1     1 0  0 0  0
  -1.2994805667006342     
     2    12.85227339544        1     0 1  0 0  0
   12.852273395439855     
     3   0.9731798088293E-01    1     0 0  0 0  1
  9.73179808829270770E-002
     4   -2.241184668847        2     2 0  0 0  0
  -2.2411846688468806     
     5   -13.86480113626        2     1 1  0 0  0
  -13.864801136256807     
     6   -481.0199124664        2     0 2  0 0  0
  -481.01991246638437     
     7   0.6221213022718        2     0 0  2 0  0
  0.62212130227183171     
     8    42.99728023201        2     0 0  1 1  0
   42.997280232009643     
     9    2.743021557131        2     1 0  0 0  1
   2.7430215571314935     
    10   -182.0925509383        2     0 1  0 0  1
  -182.09255093833067     
    11    1182.210286159        2     0 0  0 2  0
   1182.2102861586297     
    12   -3.390044697093        2     0 0  0 0  2
  -3.3900446970927027     
    13    207.9285470290        3     3 0  0 0  0
   207.92854702901448     
    14   -22678.16414546        3     2 1  0 0  0
  -22678.164145455561     
    15    571989.7866089        3     1 2  0 0  0
   571989.78660886723     
    16   -6977414.499501        3     0 3  0 0  0
  -6977414.4995005103     
    17   -1013.630840328        3     1 0  2 0  0
  -1013.6308403279321     
    18    116083.1922416        3     0 1  2 0  0
   116083.19224164537     
    19   -12613.32090137        3     1 0  1 1  0
  -12613.320901372119     
    20    6373922.687420        3     0 1  1 1  0
   6373922.6874201745     
    21    245.3245081122        3     2 0  0 0  1
   245.32450811221221     
    22   -8071.758538160        3     1 1  0 0  1
  -8071.7585381603549     
    23    23138.60106984        3     0 2  0 0  1
   23138.601069837256     
    24    1083.466653381        3     0 0  2 0  1
   1083.4666533808602     
    25    189348.2375296        3     1 0  0 2  0
   189348.23752956913     
    26    104602926.5404        3     0 1  0 2  0
   104602926.54041921     
    27    57048.07446602        3     0 0  1 1  1
   57048.074466016966     
    28    1118.665347399        3     1 0  0 0  2
   1118.6653473988256     
    29   -92359.29943496        3     0 1  0 0  2
  -92359.299434962260     
    30    488061.4181063        3     0 0  0 2  1
   488061.41810630582     
    31    471.3330680139        3     0 0  0 0  3
   471.33306801391973     
    32    871.2143450227        4     4 0  0 0  0
   871.21434502267732     
    33   -26912.50924705        4     3 1  0 0  0
  -26912.509247054950     
    34   -468425.5862115        4     2 2  0 0  0
  -468425.58621149306     
    35    7693817.292447        4     1 3  0 0  0
   7693817.2924474524     
    36    37501759.09037        4     0 4  0 0  0
   37501759.090367705     
    37   -6347.175217675        4     2 0  2 0  0
  -6347.1752176752698     
    38   -12936.95935732        4     1 1  2 0  0
  -12936.959357317728     
    39    7558381.010873        4     0 2  2 0  0
   7558381.0108730569     
    40   -7540.441096244        4     0 0  4 0  0
  -7540.4410962442735     
    41   -323395.1744324        4     2 0  1 1  0
  -323395.17443238525     
    42   -2338430.161685        4     1 1  1 1  0
  -2338430.1616852391     
    43    580367997.6115        4     0 2  1 1  0
   580367997.61151516     
    44   -1129271.660747        4     0 0  3 1  0
  -1129271.6607474429     
    45    9863.125027800        4     3 0  0 0  1
   9863.1250278001135     
    46   -289661.2923691        4     2 1  0 0  1
  -289661.29236913746     
    47    1698015.352568        4     1 2  0 0  1
   1698015.3525681773     
    48    41777623.84660        4     0 3  0 0  1
   41777623.846602902     
    49   -56484.83009700        4     1 0  2 0  1
  -56484.830096996084     
    50   -1830813.983263        4     0 1  2 0  1
  -1830813.9832634197     
    51   -1378027.495883        4     2 0  0 2  0
  -1378027.4958834082     
    52   -121622782.7058        4     1 1  0 2  0
  -121622782.70578232     
    53    10233905701.25        4     0 2  0 2  0
   10233905701.250914     
    54   -57682258.55719        4     0 0  2 2  0
  -57682258.557188556     
    55   -3614482.811367        4     1 0  1 1  1
  -3614482.8113672198     
    56   -135934311.4140        4     0 1  1 1  1
  -135934311.41399008     
    57    5656.178863291        4     2 0  0 0  2
   5656.1788632909120     
    58   -107614.5096635        4     1 1  0 0  2
  -107614.50966354998     
    59    2302770.429712        4     0 2  0 0  2
   2302770.4297121260     
    60    964.1233349063        4     0 0  2 0  2
   964.12333490633853     
    61   -1292695491.396        4     0 0  1 3  0
  -1292695491.3964062     
    62   -79461733.39015        4     1 0  0 2  1
  -79461733.390154675     
    63   -2097026380.921        4     0 1  0 2  1
  -2097026380.9212768     
    64    1275533.555380        4     0 0  1 1  2
   1275533.5553798627     
    65    33444.12200758        4     1 0  0 0  3
   33444.122007581514     
    66    272342.6956903        4     0 1  0 0  3
   272342.69569031504     
    67   -11317531529.59        4     0 0  0 4  0
  -11317531529.587807     
    68    34410446.66244        4     0 0  0 2  2
   34410446.662435912     
    69    16566.86956087        4     0 0  0 0  4
   16566.869560871266     
                                      

 etall    1, NO =    4, NV =    5, INA =   30
 *********************************************

    I  COEFFICIENT          ORDER   EXPONENTS
     1  -0.2833690163809E-01    1     1 0  0 0  0
 -2.83369016380929650E-002
     2  -0.4892773383921        1     0 1  0 0  0
 -0.48927733839209342     
     3   0.7002673378833E-02    1     0 0  0 0  1
  7.00267337883311858E-003
     4   0.2949797168064E-02    2     2 0  0 0  0
  2.94979716806366421E-003
     5    1.327001786764        2     1 1  0 0  0
   1.3270017867642820     
     6   -14.44134126176        2     0 2  0 0  0
  -14.441341261759575     
     7   0.8155156393468E-03    2     0 0  2 0  0
  8.15515639346751919E-004
     8   0.6538936676595        2     0 0  1 1  0
  0.65389366765946044     
     9   0.3047723807620        2     1 0  0 0  1
  0.30477238076199403     
    10   -8.017861305137        2     0 1  0 0  1
  -8.0178613051369894     
    11    67.33710289437        2     0 0  0 2  0
   67.337102894366637     
    12   0.2790774730203        2     0 0  0 0  2
  0.27907747302034924     
    13    35.60850967857        3     3 0  0 0  0
   35.608509678570236     
    14   -1790.446402000        3     2 1  0 0  0
  -1790.4464019998113     
    15    38771.80414307        3     1 2  0 0  0
   38771.804143066489     
    16   -351331.4848572        3     0 3  0 0  0
  -351331.48485722812     
    17   -142.0659567204        3     1 0  2 0  0
  -142.06595672038759     
    18    4318.647567551        3     0 1  2 0  0
   4318.6475675509982     
    19   -7456.606319399        3     1 0  1 1  0
  -7456.6063193987447     
    20    217615.1714211        3     0 1  1 1  0
   217615.17142105318     
    21    26.08037834309        3     2 0  0 0  1
   26.080378343094914     
    22   -842.1037722010        3     1 1  0 0  1
  -842.10377220097939     
    23    6406.563488969        3     0 2  0 0  1
   6406.5634889694684     
    24    23.64345920611        3     0 0  2 0  1
   23.643459206112880     
    25   -168585.6986213        3     1 0  0 2  0
  -168585.69862128294     
    26    3880345.117985        3     0 1  0 2  0
   3880345.1179850004     
    27    1752.717180937        3     0 0  1 1  1
   1752.7171809370382     
    28    201.8022548799        3     1 0  0 0  2
   201.80225487989992     
    29   -4405.320303773        3     0 1  0 0  2
  -4405.3203037730054     
    30    1606.326114466        3     0 0  0 2  1
   1606.3261144661483     
    31    29.05559488798        3     0 0  0 0  3
   29.055594887976842     
    32   -36.12510400763        4     4 0  0 0  0
  -36.125104007626170     
    33    7585.795149767        4     3 1  0 0  0
   7585.7951497670792     
    34   -232408.6317404        4     2 2  0 0  0
  -232408.63174038992     
    35    2181060.119548        4     1 3  0 0  0
   2181060.1195481536     
    36    6853644.533765        4     0 4  0 0  0
   6853644.5337646743     
    37    594.6675596429        4     2 0  2 0  0
   594.66755964290087     
    38   -23982.34204819        4     1 1  2 0  0
  -23982.342048185339     
    39    177919.1602211        4     0 2  2 0  0
   177919.16022109188     
    40   -811.9864833536        4     0 0  4 0  0
  -811.98648335357359     
    41    9855.387318571        4     2 0  1 1  0
   9855.3873185706325     
    42   -890850.4605649        4     1 1  1 1  0
  -890850.46056490683     
    43    18222741.92015        4     0 2  1 1  0
   18222741.920149390     
    44   -132409.0368597        4     0 0  3 1  0
  -132409.03685969478     
    45    262.6582080041        4     3 0  0 0  1
   262.65820800410620     
    46   -8591.969450315        4     2 1  0 0  1
  -8591.9694503149258     
    47    59445.14356961        4     1 2  0 0  1
   59445.143569606545     
    48    1822019.549282        4     0 3  0 0  1
   1822019.5492821943     
    49   -1380.224034296        4     1 0  2 0  1
  -1380.2240342964697     
    50   -35635.12080140        4     0 1  2 0  1
  -35635.120801403958     
    51   -276901.2892260        4     2 0  0 2  0
  -276901.28922599071     
    52   -10688830.76049        4     1 1  0 2  0
  -10688830.760488901     
    53    368367670.3632        4     0 2  0 2  0
   368367670.36317861     
    54   -7421694.145916        4     0 0  2 2  0
  -7421694.1459156694     
    55   -6210.906621794        4     1 0  1 1  1
  -6210.9066217943910     
    56   -3404092.780321        4     0 1  1 1  1
  -3404092.7803212935     
    57   -296.6985332672        4     2 0  0 0  2
  -296.69853326715372     
    58    22570.55924982        4     1 1  0 0  2
   22570.559249823724     
    59    65783.50898793        4     0 2  0 0  2
   65783.508987933616     
    60    176.9583348769        4     0 0  2 0  2
   176.95833487690663     
    61   -178511830.6784        4     0 0  1 3  0
  -178511830.67836705     
    62   -275180.0789184        4     1 0  0 2  1
  -275180.07891843375     
    63   -51883574.97142        4     0 1  0 2  1
  -51883574.971422955     
    64    77979.99421581        4     0 0  1 1  2
   77979.994215806335     
    65    932.2566128367        4     1 0  0 0  3
   932.25661283665431     
    66    17864.32186810        4     0 1  0 0  3
   17864.321868101233     
    67   -1553625898.983        4     0 0  0 4  0
  -1553625898.9829733     
    68    1703432.723206        4     0 0  0 2  2
   1703432.7232061436     
    69    838.4700808868        4     0 0  0 0  4
   838.47008088681798     
                                      

 etall    1, NO =    4, NV =    5, INA =   31
 *********************************************

    I  COEFFICIENT          ORDER   EXPONENTS
     1   0.3438447723567        1     0 0  1 0  0
  0.34384477235668559     
     2    45.41929079855        1     0 0  0 1  0
   45.419290798551017     
     3    1.378355271434        2     1 0  1 0  0
   1.3783552714339382     
     4    18.47909732335        2     0 1  1 0  0
   18.479097323354221     
     5    53.88288224216        2     1 0  0 1  0
   53.882882242155688     
     6    344.2874010698        2     0 1  0 1  0
   344.28740106980035     
     7   -42.42214036103        2     0 0  1 0  1
  -42.422140361031047     
     8   -1393.333411661        2     0 0  0 1  1
  -1393.3334116608780     
     9    5476.781885848        3     2 0  1 0  0
   5476.7818858482397     
    10   -175896.3597591        3     1 1  1 0  0
  -175896.35975909329     
    11    4084156.609066        3     0 2  1 0  0
   4084156.6090662945     
    12   -17296.40598078        3     0 0  3 0  0
  -17296.405980778884     
    13    134878.9736797        3     2 0  0 1  0
   134878.97367968928     
    14   -3210392.084490        3     1 1  0 1  0
  -3210392.0844901563     
    15    99595071.91363        3     0 2  0 1  0
   99595071.913626894     
    16   -1571561.575338        3     0 0  2 1  0
  -1571561.5753383662     
    17    181.6270894027        3     1 0  1 0  1
   181.62708940265281     
    18    59148.74099477        3     0 1  1 0  1
   59148.740994769498     
    19   -51397744.65032        3     0 0  1 2  0
  -51397744.650315151     
    20   -43588.60421426        3     1 0  0 1  1
  -43588.604214255553     
    21    2206120.949005        3     0 1  0 1  1
   2206120.9490047800     
    22    24956.62691407        3     0 0  1 0  2
   24956.626914065819     
    23   -584843335.6508        3     0 0  0 3  0
  -584843335.65080154     
    24    694634.2681526        3     0 0  0 1  2
   694634.26815264882     
    25   -10090.25324436        4     3 0  1 0  0
  -10090.253244360010     
    26    575038.0697984        4     2 1  1 0  0
   575038.06979835487     
    27   -14165218.69212        4     1 2  1 0  0
  -14165218.692117028     
    28    86317151.27992        4     0 3  1 0  0
   86317151.279924810     
    29    77852.97403110        4     1 0  3 0  0
   77852.974031098362     
    30   -1450781.975044        4     0 1  3 0  0
  -1450781.9750435108     
    31    59329.09239656        4     3 0  0 1  0
   59329.092396559630     
    32   -3703666.694003        4     2 1  0 1  0
  -3703666.6940034823     
    33   -121722821.0938        4     1 2  0 1  0
  -121722821.09379791     
    34    2389495489.999        4     0 3  0 1  0
   2389495489.9993176     
    35    5637079.061417        4     1 0  2 1  0
   5637079.0614173990     
    36   -107672374.7065        4     0 1  2 1  0
  -107672374.70654175     
    37   -265.5243353637        4     2 0  1 0  1
  -265.52433536365334     
    38   -266295.1465760        4     1 1  1 0  1
  -266295.14657600340     
    39   -69190635.69526        4     0 2  1 0  1
  -69190635.695258722     
    40    353978.7753300        4     0 0  3 0  1
   353978.77533001942     
    41    125259639.3492        4     1 0  1 2  0
   125259639.34923676     
    42   -2282461251.581        4     0 1  1 2  0
  -2282461251.5806551     
    43    1070365.342246        4     2 0  0 1  1
   1070365.3422456838     
    44   -56595990.72079        4     1 1  0 1  1
  -56595990.720792919     
    45   -1604479920.414        4     0 2  0 1  1
  -1604479920.4139962     
    46    39480246.83286        4     0 0  2 1  1
   39480246.832858890     
    47   -38482.51544230        4     1 0  1 0  2
  -38482.515442299235     
    48   -247064.6870268        4     0 1  1 0  2
  -247064.68702678254     
    49    527717898.3067        4     1 0  0 3  0
   527717898.30667436     
    50   -7245234516.626        4     0 1  0 3  0
  -7245234516.6264982     
    51    1375045219.311        4     0 0  1 2  1
   1375045219.3112504     
    52    2040000.072338        4     1 0  0 1  2
   2040000.0723377187     
    53   -42856242.90252        4     0 1  0 1  2
  -42856242.902517363     
    54   -441599.6534328        4     0 0  1 0  3
  -441599.65343278315     
    55    15115103161.89        4     0 0  0 3  1
   15115103161.889050     
    56   -11118309.04627        4     0 0  0 1  3
  -11118309.046269774     
                                      

 etall    1, NO =    4, NV =    5, INA =   32
 *********************************************

    I  COEFFICIENT          ORDER   EXPONENTS
     1  -0.3673359818111E-01    1     0 0  1 0  0
 -3.67335981811055465E-002
     2   -1.943941079236        1     0 0  0 1  0
  -1.9439410792361493     
     3  -0.5087604421970E-01    2     1 0  1 0  0
 -5.08760442196950075E-002
     4  -0.1426852172679        2     0 1  1 0  0
 -0.14268521726794370     
     5   -4.684161830515        2     1 0  0 1  0
  -4.6841618305151078     
     6    48.84384268372        2     0 1  0 1  0
   48.843842683717305     
     7   0.9526199146918        2     0 0  1 0  1
  0.95261991469184526     
     8    34.85098581862        2     0 0  0 1  1
   34.850985818619009     
     9   -131.7467704606        3     2 0  1 0  0
  -131.74677046058414     
    10    5279.285645925        3     1 1  1 0  0
   5279.2856459247314     
    11   -109663.6397448        3     0 2  1 0  0
  -109663.63974475134     
    12    400.5696328687        3     0 0  3 0  0
   400.56963286869041     
    13   -838.1064467118        3     2 0  0 1  0
  -838.10644671179125     
    14    45871.08859306        3     1 1  0 1  0
   45871.088593064153     
    15   -2038483.818530        3     0 2  0 1  0
  -2038483.8185301889     
    16    33269.52295345        3     0 0  2 1  0
   33269.522953446321     
    17   -23.08027214445        3     1 0  1 0  1
  -23.080272144452703     
    18   -1406.275882138        3     0 1  1 0  1
  -1406.2758821380694     
    19    1000443.527101        3     0 0  1 2  0
   1000443.5271008832     
    20    2272.586619139        3     1 0  0 1  1
   2272.5866191390232     
    21   -81357.40267436        3     0 1  0 1  1
  -81357.402674363140     
    22   -584.3037891019        3     0 0  1 0  2
  -584.30378910189154     
    23    9666381.274219        3     0 0  0 3  0
   9666381.2742193453     
    24   -9858.318519835        3     0 0  0 1  2
  -9858.3185198352949     
    25    255.2693416238        4     3 0  1 0  0
   255.26934162383316     
    26   -9333.187789021        4     2 1  1 0  0
  -9333.1877890208234     
    27   -13610.39340326        4     1 2  1 0  0
  -13610.393403257593     
    28    3465311.613092        4     0 3  1 0  0
   3465311.6130916975     
    29   -879.1562851706        4     1 0  3 0  0
  -879.15628517055620     
    30    18642.26855044        4     0 1  3 0  0
   18642.268550439170     
    31    7701.906804377        4     3 0  0 1  0
   7701.9068043772213     
    32    215214.1310954        4     2 1  0 1  0
   215214.13109544996     
    33   -7849861.212715        4     1 2  0 1  0
  -7849861.2127149105     
    34    68721617.32330        4     0 3  0 1  0
   68721617.323302358     
    35   -54326.11762821        4     1 0  2 1  0
  -54326.117628212029     
    36    1603902.576666        4     0 1  2 1  0
   1603902.5766657623     
    37   -1146.301590248        4     2 0  1 0  1
  -1146.3015902481368     
    38    20191.23061949        4     1 1  1 0  1
   20191.230619485887     
    39    1661490.381729        4     0 2  1 0  1
   1661490.3817292447     
    40   -6947.157477001        4     0 0  3 0  1
  -6947.1574770007974     
    41   -1258441.347451        4     1 0  1 2  0
  -1258441.3474505916     
    42    41775758.28372        4     0 1  1 2  0
   41775758.283721089     
    43   -22034.24458493        4     2 0  0 1  1
  -22034.244584932727     
    44    840500.5783655        4     1 1  0 1  1
   840500.57836551568     
    45    48206239.90578        4     0 2  0 1  1
   48206239.905779392     
    46   -830937.4785244        4     0 0  2 1  1
  -830937.47852436057     
    47   -329.8625862246        4     1 0  1 0  2
  -329.86258622461037     
    48    52682.05276265        4     0 1  1 0  2
   52682.052762648673     
    49   -10235258.38389        4     1 0  0 3  0
  -10235258.383894214     
    50    278708418.1421        4     0 1  0 3  0
   278708418.14207768     
    51   -28214817.75612        4     0 0  1 2  1
  -28214817.756120861     
    52   -59178.54823794        4     1 0  0 1  2
  -59178.548237939271     
    53    2029805.220205        4     0 1  0 1  2
   2029805.2202053664     
    54    7669.826733753        4     0 0  1 0  3
   7669.8267337531161     
    55   -311292503.5550        4     0 0  0 3  1
  -311292503.55496198     
    56    250718.6217461        4     0 0  0 1  3
   250718.62174610235     
                                      

 etall    1, NO =    4, NV =    5, INA =   33
 *********************************************

    I  COEFFICIENT          ORDER   EXPONENTS
     1    1.000000000000        1     0 0  0 0  1
   1.0000000000000000     
                                      

 etall    1, NO =    4, NV =    5, INA =   43
 *********************************************

    I  COEFFICIENT          ORDER   EXPONENTS
     1   0.8607836665675E-12    0     0 0  0 0  0
  8.60783666567499495E-013
     2  -0.6342147918848E-02    1     1 0  0 0  0
 -6.34214791884803696E-003
     3   0.1376157554278        1     0 1  0 0  0
  0.13761575542783949     
     4    11.74081105694        1     0 0  0 0  1
   11.740811056935263     
     5  -0.1751398795278        2     2 0  0 0  0
 -0.17513987952783910     
     6    5.032884439222        2     1 1  0 0  0
   5.0328844392220002     
     7   -98.03377526512        2     0 2  0 0  0
  -98.033775265116944     
     8  -0.6111050922010        2     0 0  2 0  0
 -0.61110509220102782     
     9   -38.96136009286        2     0 0  1 1  0
  -38.961360092856154     
    10  -0.9278895805372        2     1 0  0 0  1
 -0.92788958053719994     
    11    3.361363284960        2     0 1  0 0  1
   3.3613632849603303     
    12   -561.0999766370        2     0 0  0 2  0
  -561.09997663701984     
    13    5.027399273429        2     0 0  0 0  2
   5.0273992734290562     
    14   -11.44979038393        3     3 0  0 0  0
  -11.449790383925496     
    15    462.7931245145        3     2 1  0 0  0
   462.79312451446259     
    16   -7084.461340447        3     1 2  0 0  0
  -7084.4613404465763     
    17    17368.40901775        3     0 3  0 0  0
   17368.409017745515     
    18    5.860096567973        3     1 0  2 0  0
   5.8600965679727599     
    19    1238.149044557        3     0 1  2 0  0
   1238.1490445565448     
    20   -193.9538522255        3     1 0  1 1  0
  -193.95385222547941     
    21    76740.60212209        3     0 1  1 1  0
   76740.602122090015     
    22   -232.5896893959        3     2 0  0 0  1
  -232.58968939590920     
    23    6275.093530232        3     1 1  0 0  1
   6275.0935302319322     
    24   -102635.5321273        3     0 2  0 0  1
  -102635.53212729347     
    25    721.4759003965        3     0 0  2 0  1
   721.47590039646582     
    26    24826.39486734        3     1 0  0 2  0
   24826.394867338786     
    27    694369.6243270        3     0 1  0 2  0
   694369.62432703946     
    28    44359.58408480        3     0 0  1 1  1
   44359.584084800415     
    29   -81.41111127011        3     1 0  0 0  2
  -81.411111270110879     
    30    1438.086309867        3     0 1  0 0  2
   1438.0863098668333     
    31    906948.0716513        3     0 0  0 2  1
   906948.07165129227     
    32   -404.6358524241        3     0 0  0 0  3
  -404.63585242409425     
    33   -61.15608096403        4     4 0  0 0  0
  -61.156080964034686     
    34    4587.274560992        4     3 1  0 0  0
   4587.2745609916483     
    35   -108670.6570506        4     2 2  0 0  0
  -108670.65705057443     
    36    1012181.593894        4     1 3  0 0  0
   1012181.5938935291     
    37    3163169.697111        4     0 4  0 0  0
   3163169.6971112983     
    38   -404.6128088886        4     2 0  2 0  0
  -404.61280888857783     
    39    34630.42363903        4     1 1  2 0  0
   34630.423639034860     
    40   -1479459.794590        4     0 2  2 0  0
  -1479459.7945896951     
    41    3073.763275880        4     0 0  4 0  0
   3073.7632758801178     
    42    54307.56929772        4     2 0  1 1  0
   54307.569297719048     
    43   -400051.6263706        4     1 1  1 1  0
  -400051.62637055718     
    44   -62940681.54428        4     0 2  1 1  0
  -62940681.544284627     
    45    292128.4274934        4     0 0  3 1  0
   292128.42749335541     
    46    158.5222344533        4     3 0  0 0  1
   158.52223445325205     
    47   -39578.23060231        4     2 1  0 0  1
  -39578.230602307580     
    48    836957.2096406        4     1 2  0 0  1
   836957.20964057464     
    49   -3472495.512798        4     0 3  0 0  1
  -3472495.5127982190     
    50   -2338.291113583        4     1 0  2 0  1
  -2338.2911135832737     
    51    76810.54492627        4     0 1  2 0  1
   76810.544926265124     
    52    2817317.127267        4     2 0  0 2  0
   2817317.1272665914     
    53   -66720852.11181        4     1 1  0 2  0
  -66720852.111808024     
    54   -307572159.7687        4     0 2  0 2  0
  -307572159.76866519     
    55    9066673.467190        4     0 0  2 2  0
   9066673.4671897776     
    56    18133.92832058        4     1 0  1 1  1
   18133.928320584313     
    57    3549139.984068        4     0 1  1 1  1
   3549139.9840678275     
    58   -106.6040294226        4     2 0  0 0  2
  -106.60402942258385     
    59   -2834.109898819        4     1 1  0 0  2
  -2834.1098988194981     
    60    619665.0809113        4     0 2  0 0  2
   619665.08091127942     
    61   -19062.20039526        4     0 0  2 0  2
  -19062.200395259017     
    62    58955162.87013        4     0 0  1 3  0
   58955162.870127149     
    63    2904203.401594        4     1 0  0 2  1
   2904203.4015938304     
    64    45019418.85221        4     0 1  0 2  1
   45019418.852210529     
    65   -1350119.637543        4     0 0  1 1  2
  -1350119.6375432862     
    66   -536.2359688278        4     1 0  0 0  3
  -536.23596882778679     
    67   -10257.66849332        4     0 1  0 0  3
  -10257.668493317582     
    68   -1317899850.071        4     0 0  0 4  0
  -1317899850.0707233     
    69   -20208865.49721        4     0 0  0 2  2
  -20208865.497208852     
    70   -2377.649005483        4     0 0  0 0  4
  -2377.6490054833707     
                                      
