
 etall    1, NO =    4, NV =    5, INA =   27
 *********************************************

    I  COEFFICIENT          ORDER   EXPONENTS
     1   0.4614180974359E-01    1     1 0  0 0  0
  4.61418097435861707E-002
     2    21.31429477467        1     0 1  0 0  0
   21.314294774669499     
     3  -0.3564120252125E-01    1     0 0  0 0  1
 -3.56412025212462374E-002
     4   0.3598379163963        2     2 0  0 0  0
  0.35983791639627249     
     5   -16.35046526911        2     1 1  0 0  0
  -16.350465269108124     
     6   -730.3928300362        2     0 2  0 0  0
  -730.39283003624246     
     7    1.343938568942        2     0 0  2 0  0
   1.3439385689416044     
     8    95.79223468084        2     0 0  1 1  0
   95.792234680844246     
     9   0.2467429928281        2     1 0  0 0  1
  0.24674299282809686     
    10    116.3040752798        2     0 1  0 0  1
   116.30407527979293     
    11    1172.271594297        2     0 0  0 2  0
   1172.2715942967648     
    12   -5.472888449564        2     0 0  0 0  2
  -5.4728884495637935     
    13    1208.037972791        3     3 0  0 0  0
   1208.0379727913401     
    14   -51573.02660487        3     2 1  0 0  0
  -51573.026604865066     
    15    1061395.352052        3     1 2  0 0  0
   1061395.3520524027     
    16   -8028107.760552        3     0 3  0 0  0
  -8028107.7605520822     
    17   -3084.469145488        3     1 0  2 0  0
  -3084.4691454880244     
    18    17272.83447863        3     0 1  2 0  0
   17272.834478631143     
    19   -123965.9230856        3     1 0  1 1  0
  -123965.92308563655     
    20    1046773.083424        3     0 1  1 1  0
   1046773.0834237935     
    21    1220.645151562        3     2 0  0 0  1
   1220.6451515624647     
    22   -38654.44447502        3     1 1  0 0  1
  -38654.444475023229     
    23    401703.9751946        3     0 2  0 0  1
   401703.97519464546     
    24    666.5475777851        3     0 0  2 0  1
   666.54757778513726     
    25   -2912477.118118        3     1 0  0 2  0
  -2912477.1181176207     
    26    48523387.98634        3     0 1  0 2  0
   48523387.986343198     
    27    48280.65136020        3     0 0  1 1  1
   48280.651360196716     
    28    3041.294742344        3     1 0  0 0  2
   3041.2947423435480     
    29   -36152.33535211        3     0 1  0 0  2
  -36152.335352112226     
    30   -266747.2717068        3     0 0  0 2  1
  -266747.27170677576     
    31    1001.246532199        3     0 0  0 0  3
   1001.2465321985811     
    32   -1130.784194287        4     4 0  0 0  0
  -1130.7841942866485     
    33    222120.6787934        4     3 1  0 0  0
   222120.67879340850     
    34   -5828850.673834        4     2 2  0 0  0
  -5828850.6738342410     
    35    34666621.56335        4     1 3  0 0  0
   34666621.563348211     
    36    356420864.5737        4     0 4  0 0  0
   356420864.57372046     
    37   -2494.410549620        4     2 0  2 0  0
  -2494.4105496196225     
    38    78535.56401500        4     1 1  2 0  0
   78535.564015000971     
    39    95128.60962749        4     0 2  2 0  0
   95128.609627488593     
    40   -5339.570005283        4     0 0  4 0  0
  -5339.5700052826869     
    41   -97709.66505763        4     2 0  1 1  0
  -97709.665057627222     
    42   -2939224.456525        4     1 1  1 1  0
  -2939224.4565251339     
    43    88761686.36511        4     0 2  1 1  0
   88761686.365108639     
    44   -1063886.703117        4     0 0  3 1  0
  -1063886.7031168183     
    45   -13763.17174113        4     3 0  0 0  1
  -13763.171741129117     
    46    309563.9512672        4     2 1  0 0  1
   309563.95126718003     
    47    1620960.490816        4     1 2  0 0  1
   1620960.4908155282     
    48   -68743332.26012        4     0 3  0 0  1
  -68743332.260119140     
    49   -10357.19053135        4     1 0  2 0  1
  -10357.190531348175     
    50    216606.8268045        4     0 1  2 0  1
   216606.82680450176     
    51    568681.1478839        4     2 0  0 2  0
   568681.14788394794     
    52   -163929896.2177        4     1 1  0 2  0
  -163929896.21770096     
    53    831279517.4281        4     0 2  0 2  0
   831279517.42810059     
    54   -62110453.21153        4     0 0  2 2  0
  -62110453.211530603     
    55    2205289.600532        4     1 0  1 1  1
   2205289.6005324400     
    56   -17473442.28465        4     0 1  1 1  1
  -17473442.284651317     
    57   -3523.884877110        4     2 0  0 0  2
  -3523.8848771096223     
    58   -262991.0243462        4     1 1  0 0  2
  -262991.02434617677     
    59    9537441.226329        4     0 2  0 0  2
   9537441.2263286766     
    60   -13470.38947348        4     0 0  2 0  2
  -13470.389473478626     
    61   -1508488291.433        4     0 0  1 3  0
  -1508488291.4325771     
    62    26673873.78813        4     1 0  0 2  1
   26673873.788128391     
    63    136126510.5741        4     0 1  0 2  1
   136126510.57408333     
    64    314669.2492548        4     0 0  1 1  2
   314669.24925483624     
    65   -18193.50557454        4     1 0  0 0  3
  -18193.505574537852     
    66   -60541.08552488        4     0 1  0 0  3
  -60541.085524881652     
    67   -13594763316.28        4     0 0  0 4  0
  -13594763316.281475     
    68   -13448496.92541        4     0 0  0 2  2
  -13448496.925413530     
    69    4269.720303074        4     0 0  0 0  4
   4269.7203030737983     
                                      

 etall    1, NO =    4, NV =    5, INA =   30
 *********************************************

    I  COEFFICIENT          ORDER   EXPONENTS
     1  -0.4405290401997E-01    1     1 0  0 0  0
 -4.40529040199675453E-002
     2    1.322952402115        1     0 1  0 0  0
   1.3229524021145276     
     3  -0.1484950340606E-01    1     0 0  0 0  1
 -1.48495034060617051E-002
     4   0.1211654161670E-02    2     2 0  0 0  0
  1.21165416167019237E-003
     5   -3.904491124695        2     1 1  0 0  0
  -3.9044911246954457     
     6    29.92148572931        2     0 2  0 0  0
   29.921485729312217     
     7   0.1067683452111        2     0 0  2 0  0
  0.10676834521106360     
     8    6.310255358504        2     0 0  1 1  0
   6.3102553585042855     
     9   0.2537074705858        2     1 0  0 0  1
  0.25370747058575788     
    10  -0.9181626410730        2     0 1  0 0  1
 -0.91816264107299439     
    11    74.95012310667        2     0 0  0 2  0
   74.950123106673828     
    12  -0.1104531021007        2     0 0  0 0  2
 -0.11045310210069750     
    13    38.70631993596        3     3 0  0 0  0
   38.706319935963243     
    14   -971.4516855485        3     2 1  0 0  0
  -971.45168554846805     
    15    16080.87202967        3     1 2  0 0  0
   16080.872029665836     
    16    45102.86225415        3     0 3  0 0  0
   45102.862254151958     
    17   -162.0688255916        3     1 0  2 0  0
  -162.06882559156782     
    18   -2843.438774749        3     0 1  2 0  0
  -2843.4387747490487     
    19   -6001.615257744        3     1 0  1 1  0
  -6001.6152577437824     
    20   -215311.0743357        3     0 1  1 1  0
  -215311.07433573125     
    21    35.25633937784        3     2 0  0 0  1
   35.256339377841250     
    22   -567.4794169043        3     1 1  0 0  1
  -567.47941690429388     
    23    30293.72496986        3     0 2  0 0  1
   30293.724969864044     
    24   -165.0393871587        3     0 0  2 0  1
  -165.03938715868475     
    25   -87760.58679275        3     1 0  0 2  0
  -87760.586792749062     
    26   -3351563.037333        3     0 1  0 2  0
  -3351563.0373329809     
    27   -11990.97192323        3     0 0  1 1  1
  -11990.971923226713     
    28    115.5515913133        3     1 0  0 0  2
   115.55159131331817     
    29    1338.517424350        3     0 1  0 0  2
   1338.5174243495956     
    30   -240507.5642778        3     0 0  0 2  1
  -240507.56427783161     
    31    107.2732883040        3     0 0  0 0  3
   107.27328830396692     
    32   -98.02291967520        4     4 0  0 0  0
  -98.022919675195595     
    33    14467.37073827        4     3 1  0 0  0
   14467.370738269223     
    34   -356634.1787764        4     2 2  0 0  0
  -356634.17877636256     
    35    4421055.938475        4     1 3  0 0  0
   4421055.9384745369     
    36   -28144060.33299        4     0 4  0 0  0
  -28144060.332987431     
    37    143.6407666174        4     2 0  2 0  0
   143.64076661743690     
    38   -10915.83094144        4     1 1  2 0  0
  -10915.830941441342     
    39    21222.37630423        4     0 2  2 0  0
   21222.376304228270     
    40   -334.2467069357        4     0 0  4 0  0
  -334.24670693567168     
    41    9292.701196929        4     2 0  1 1  0
   9292.7011969293380     
    42   -1117179.351599        4     1 1  1 1  0
  -1117179.3515989084     
    43    11517174.67512        4     0 2  1 1  0
   11517174.675117498     
    44   -65866.86878697        4     0 0  3 1  0
  -65866.868786967359     
    45   -822.0083544404        4     3 0  0 0  1
  -822.00835444038023     
    46    23990.58501224        4     2 1  0 0  1
   23990.585012239942     
    47   -216751.6830363        4     1 2  0 0  1
  -216751.68303631135     
    48    127210.2597263        4     0 3  0 0  1
   127210.25972634647     
    49    509.7961204022        4     1 0  2 0  1
   509.79612040215954     
    50    20311.01892749        4     0 1  2 0  1
   20311.018927488305     
    51    363168.5475082        4     2 0  0 2  0
   363168.54750822257     
    52   -35560391.98962        4     1 1  0 2  0
  -35560391.989620358     
    53    397663928.4559        4     0 2  0 2  0
   397663928.45585036     
    54   -3919763.717061        4     0 0  2 2  0
  -3919763.7170611890     
    55    116340.2523559        4     1 0  1 1  1
   116340.25235589384     
    56    956058.4306023        4     0 1  1 1  1
   956058.43060231302     
    57   -688.9217504018        4     2 0  0 0  2
  -688.92175040176278     
    58    27125.34670446        4     1 1  0 0  2
   27125.346704456457     
    59   -158058.9854732        4     0 2  0 0  2
  -158058.98547315499     
    60    2061.376937568        4     0 0  2 0  2
   2061.3769375683160     
    61   -97404708.82607        4     0 0  1 3  0
  -97404708.826073825     
    62    1633162.524011        4     1 0  0 2  1
   1633162.5240110732     
    63    24744311.18579        4     0 1  0 2  1
   24744311.185792949     
    64    214671.9986550        4     0 0  1 1  2
   214671.99865504581     
    65   -1564.812021603        4     1 0  0 0  3
  -1564.8120216026359     
    66    2436.503300968        4     0 1  0 0  3
   2436.5033009683007     
    67   -861806466.5515        4     0 0  0 4  0
  -861806466.55149400     
    68    3954694.731486        4     0 0  0 2  2
   3954694.7314858083     
    69   -736.5077982269        4     0 0  0 0  4
  -736.50779822691675     
                                      

 etall    1, NO =    4, NV =    5, INA =   31
 *********************************************

    I  COEFFICIENT          ORDER   EXPONENTS
     1    2.143616192300        1     0 0  1 0  0
   2.1436161923003092     
     2    68.83305068299        1     0 0  0 1  0
   68.833050682994397     
     3  -0.8414029773446        2     1 0  1 0  0
 -0.84140297734458014     
     4    51.86383080340        2     0 1  1 0  0
   51.863830803398358     
     5    74.28447336512        2     1 0  0 1  0
   74.284473365115744     
     6    334.8407954434        2     0 1  0 1  0
   334.84079544342467     
     7   -30.28608242432        2     0 0  1 0  1
  -30.286082424323133     
     8   -1080.903433513        2     0 0  0 1  1
  -1080.9034335133902     
     9   -3710.640559119        3     2 0  1 0  0
  -3710.6405591187327     
    10    8848.232027962        3     1 1  1 0  0
   8848.2320279623818     
    11    658134.3860924        3     0 2  1 0  0
   658134.38609241717     
    12    2413.668584800        3     0 0  3 0  0
   2413.6685847996014     
    13    86484.18030725        3     2 0  0 1  0
   86484.180307245595     
    14   -6011014.176781        3     1 1  0 1  0
  -6011014.1767814485     
    15    85003282.46952        3     0 2  0 1  0
   85003282.469518602     
    16   -20953.69372687        3     0 0  2 1  0
  -20953.693726865458     
    17   -375.8198442304        3     1 0  1 0  1
  -375.81984423038875     
    18    78396.43004685        3     0 1  1 0  1
   78396.430046848312     
    19   -6395350.471949        3     0 0  1 2  0
  -6395350.4719488258     
    20    204365.1059794        3     1 0  0 1  1
   204365.10597941116     
    21   -1515368.800242        3     0 1  0 1  1
  -1515368.8002423099     
    22   -1015.229891104        3     0 0  1 0  2
  -1015.2298911038727     
    23   -175477947.6676        3     0 0  0 3  0
  -175477947.66761887     
    24    207062.5776694        3     0 0  0 1  2
   207062.57766935264     
    25   -1331.455292332        4     3 0  1 0  0
  -1331.4552923317140     
    26   -132944.5513973        4     2 1  1 0  0
  -132944.55139730367     
    27   -1394530.194551        4     1 2  1 0  0
  -1394530.1945514381     
    28   -10456523.67988        4     0 3  1 0  0
  -10456523.679882076     
    29   -4288.240857635        4     1 0  3 0  0
  -4288.2408576354101     
    30   -139092.3702914        4     0 1  3 0  0
  -139092.37029141863     
    31   -34691.22943680        4     3 0  0 1  0
  -34691.229436802736     
    32    11364197.66985        4     2 1  0 1  0
   11364197.669852206     
    33   -241624248.1807        4     1 2  0 1  0
  -241624248.18073249     
    34   -1421807261.452        4     0 3  0 1  0
  -1421807261.4517353     
    35   -505680.2398939        4     1 0  2 1  0
  -505680.23989389965     
    36   -3347953.896244        4     0 1  2 1  0
  -3347953.8962442316     
    37   -33191.08930536        4     2 0  1 0  1
  -33191.089305363203     
    38    1950936.897376        4     1 1  1 0  1
   1950936.8973756260     
    39   -27638903.78460        4     0 2  1 0  1
  -27638903.784601152     
    40    113021.3358118        4     0 0  3 0  1
   113021.33581180077     
    41   -46877264.32677        4     1 0  1 2  0
  -46877264.326768048     
    42    202449643.8129        4     0 1  1 2  0
   202449643.81291914     
    43    104810.6657745        4     2 0  0 1  1
   104810.66577452623     
    44    32791839.03008        4     1 1  0 1  1
   32791839.030083854     
    45   -314529993.6841        4     0 2  0 1  1
  -314529993.68407845     
    46    5731611.369900        4     0 0  2 1  1
   5731611.3698997498     
    47   -78148.48279057        4     1 0  1 0  2
  -78148.482790571565     
    48   -47590.77952504        4     0 1  1 0  2
  -47590.779525042628     
    49   -1269070500.498        4     1 0  0 3  0
  -1269070500.4983597     
    50    4996303877.318        4     0 1  0 3  0
   4996303877.3182659     
    51    172506177.0222        4     0 0  1 2  1
   172506177.02216128     
    52    442405.9858932        4     1 0  0 1  2
   442405.98589317780     
    53   -71940515.71851        4     0 1  0 1  2
  -71940515.718507081     
    54   -113165.0523516        4     0 0  1 0  3
  -113165.05235159406     
    55    576804946.7659        4     0 0  0 3  1
   576804946.76592827     
    56   -1598049.378523        4     0 0  0 1  3
  -1598049.3785227411     
                                      

 etall    1, NO =    4, NV =    5, INA =   32
 *********************************************

    I  COEFFICIENT          ORDER   EXPONENTS
     1  -0.5476548801770E-01    1     0 0  1 0  0
 -5.47654880176992043E-002
     2   -1.292057609170        1     0 0  0 1  0
  -1.2920576091698068     
     3   0.8133060769713E-01    2     1 0  1 0  0
  8.13306076971287151E-002
     4  -0.8606473315181        2     0 1  1 0  0
 -0.86064733151809492     
     5   0.2065982184924        2     1 0  0 1  0
  0.20659821849237447     
     6   -4.929820818202        2     0 1  0 1  0
  -4.9298208182017564     
     7   0.6712969984199        2     0 0  1 0  1
  0.67129699841987533     
     8    30.91610398433        2     0 0  0 1  1
   30.916103984332054     
     9    27.95773374887        3     2 0  1 0  0
   27.957733748867554     
    10    363.1087865382        3     1 1  1 0  0
   363.10878653820134     
    11   -55857.23428209        3     0 2  1 0  0
  -55857.234282087644     
    12    177.9872785240        3     0 0  3 0  0
   177.98727852403624     
    13   -3545.447267615        3     2 0  0 1  0
  -3545.4472676146243     
    14    170539.3317811        3     1 1  0 1  0
   170539.33178109751     
    15   -3568621.599526        3     0 2  0 1  0
  -3568621.5995264961     
    16    22047.34787499        3     0 0  2 1  0
   22047.347874990483     
    17    30.48462999625        3     1 0  1 0  1
   30.484629996249502     
    18   -6090.821219123        3     0 1  1 0  1
  -6090.8212191228904     
    19    858738.7036968        3     0 0  1 2  0
   858738.70369680820     
    20   -4471.490391567        3     1 0  0 1  1
  -4471.4903915669183     
    21   -109891.3457299        3     0 1  0 1  1
  -109891.34572989107     
    22   -213.3571144990        3     0 0  1 0  2
  -213.35711449900018     
    23    12389855.58894        3     0 0  0 3  0
   12389855.588942869     
    24   -12654.74638251        3     0 0  0 1  2
  -12654.746382509033     
    25   -3.511962941418        4     3 0  1 0  0
  -3.5119629414184104     
    26   -3686.671854212        4     2 1  1 0  0
  -3686.6718542119334     
    27    216935.4462263        4     1 2  1 0  0
   216935.44622628874     
    28    845131.2796609        4     0 3  1 0  0
   845131.27966090944     
    29   -946.5110284984        4     1 0  3 0  0
  -946.51102849837878     
    30    24553.35744815        4     0 1  3 0  0
   24553.357448148599     
    31    3187.102420804        4     3 0  0 1  0
   3187.1024208035042     
    32   -591350.1909090        4     2 1  0 1  0
  -591350.19090898708     
    33    10488050.24771        4     1 2  0 1  0
   10488050.247712996     
    34    102161126.1376        4     0 3  0 1  0
   102161126.13756213     
    35   -61498.04382630        4     1 0  2 1  0
  -61498.043826297253     
    36    1792774.345328        4     0 1  2 1  0
   1792774.3453275627     
    37    246.7019919044        4     2 0  1 0  1
   246.70199190441826     
    38   -36271.27745024        4     1 1  1 0  1
  -36271.277450240785     
    39    140336.1653210        4     0 2  1 0  1
   140336.16532099503     
    40    837.8064736644        4     0 0  3 0  1
   837.80647366437915     
    41   -363098.2344291        4     1 0  1 2  0
  -363098.23442905885     
    42    40282018.32751        4     0 1  1 2  0
   40282018.327508330     
    43    8740.014559627        4     2 0  0 1  1
   8740.0145596270359     
    44   -899428.0180551        4     1 1  0 1  1
  -899428.01805505319     
    45   -6747050.208633        4     0 2  0 1  1
  -6747050.2086329684     
    46    71070.38772287        4     0 0  2 1  1
   71070.387722874759     
    47    1929.212960762        4     1 0  1 0  2
   1929.2129607615825     
    48   -30854.83993118        4     0 1  1 0  2
  -30854.839931184713     
    49    25048362.10053        4     1 0  0 3  0
   25048362.100534506     
    50    246864161.0976        4     0 1  0 3  0
   246864161.09764859     
    51    692390.5952204        4     0 0  1 2  1
   692390.59522040654     
    52   -9992.553946516        4     1 0  0 1  2
  -9992.5539465158290     
    53    919306.9989424        4     0 1  0 1  2
   919306.99894239241     
    54    2137.756888376        4     0 0  1 0  3
   2137.7568883762015     
    55    34983480.77840        4     0 0  0 3  1
   34983480.778399736     
    56    49539.51230540        4     0 0  0 1  3
   49539.512305399061     
                                      

 etall    1, NO =    4, NV =    5, INA =   33
 *********************************************

    I  COEFFICIENT          ORDER   EXPONENTS
     1    1.000000000000        1     0 0  0 0  1
   1.0000000000000000     
                                      

 etall    1, NO =    4, NV =    5, INA =   43
 *********************************************

    I  COEFFICIENT          ORDER   EXPONENTS
     1  -0.2255281434774E-02    1     1 0  0 0  0
 -2.25528143477382245E-003
     2  -0.2693550783645        1     0 1  0 0  0
 -0.26935507836453598     
     3    13.09994781709        1     0 0  0 0  1
   13.099947817088513     
     4   0.5987904055679E-02    2     2 0  0 0  0
  5.98790405567904780E-003
     5    5.184802110320        2     1 1  0 0  0
   5.1848021103204722     
     6   -74.80496392501        2     0 2  0 0  0
  -74.804963925012586     
     7  -0.1259659523710        2     0 0  2 0  0
 -0.12596595237095032     
     8    5.878495041312        2     0 0  1 1  0
   5.8784950413124175     
     9  -0.4870078427788        2     1 0  0 0  1
 -0.48700784277880887     
    10    8.012499705165        2     0 1  0 0  1
   8.0124997051646272     
    11    350.9937846971        2     0 0  0 2  0
   350.99378469705329     
    12    7.664866661548        2     0 0  0 0  2
   7.6648666615478263     
    13    1.968023865699        3     3 0  0 0  0
   1.9680238656994671     
    14   -135.3661266091        3     2 1  0 0  0
  -135.36612660906519     
    15    4375.102294991        3     1 2  0 0  0
   4375.1022949907601     
    16    157032.7345391        3     0 3  0 0  0
   157032.73453908146     
    17    63.67300190815        3     1 0  2 0  0
   63.673001908146595     
    18   -4748.595060212        3     0 1  2 0  0
  -4748.5950602115745     
    19    3318.566993352        3     1 0  1 1  0
   3318.5669933523154     
    20   -341921.4963804        3     0 1  1 1  0
  -341921.49638044962     
    21    122.3740009869        3     2 0  0 0  1
   122.37400098693807     
    22   -2576.793362488        3     1 1  0 0  1
  -2576.7933624882221     
    23    71960.83629358        3     0 2  0 0  1
   71960.836293580171     
    24   -527.8636504487        3     0 0  2 0  1
  -527.86365044868967     
    25    19792.39903411        3     1 0  0 2  0
   19792.399034114707     
    26   -5608333.816245        3     0 1  0 2  0
  -5608333.8162454907     
    27   -32881.19952767        3     0 0  1 1  1
  -32881.199527666926     
    28    108.8520024734        3     1 0  0 0  2
   108.85200247337957     
    29    3434.367252752        3     0 1  0 0  2
   3434.3672527518684     
    30   -607577.5091043        3     0 0  0 2  1
  -607577.50910433219     
    31    160.8851560528        3     0 0  0 0  3
   160.88515605278707     
    32    80.54586268897        4     4 0  0 0  0
   80.545862688973287     
    33   -10750.47716994        4     3 1  0 0  0
  -10750.477169935642     
    34    337132.6911473        4     2 2  0 0  0
   337132.69114728528     
    35   -5151355.474242        4     1 3  0 0  0
  -5151355.4742419375     
    36    1639274.198529        4     0 4  0 0  0
   1639274.1985286903     
    37   -2247.440970003        4     2 0  2 0  0
  -2247.4409700028104     
    38    51592.12860522        4     1 1  2 0  0
   51592.128605224090     
    39   -1043561.330952        4     0 2  2 0  0
  -1043561.3309518663     
    40    7175.412950354        4     0 0  4 0  0
   7175.4129503543863     
    41   -105395.8882108        4     2 0  1 1  0
  -105395.88821078204     
    42    2017478.976808        4     1 1  1 1  0
   2017478.9768078497     
    43   -55181468.75970        4     0 2  1 1  0
  -55181468.759697728     
    44    850795.5333545        4     0 0  3 1  0
   850795.53335450275     
    45    358.0585614767        4     3 0  0 0  1
   358.05856147668902     
    46   -7501.129067831        4     2 1  0 0  1
  -7501.1290678313089     
    47    416437.7710344        4     1 2  0 0  1
   416437.77103435958     
    48   -8523768.447622        4     0 3  0 0  1
  -8523768.4476222619     
    49   -931.8901559241        4     1 0  2 0  1
  -931.89015592414330     
    50   -88218.08171599        4     0 1  2 0  1
  -88218.081715991430     
    51   -1160867.613963        4     2 0  0 2  0
  -1160867.6139628505     
    52    14726579.30117        4     1 1  0 2  0
   14726579.301170308     
    53   -719739350.2598        4     0 2  0 2  0
  -719739350.25975597     
    54    39267580.01689        4     0 0  2 2  0
   39267580.016888700     
    55   -55147.91065778        4     1 0  1 1  1
  -55147.910657779350     
    56   -4940569.352389        4     0 1  1 1  1
  -4940569.3523885533     
    57   -1425.866470709        4     2 0  0 0  2
  -1425.8664707090434     
    58    8775.232315252        4     1 1  0 0  2
   8775.2323152515892     
    59    29937.14287038        4     0 2  0 0  2
   29937.142870377225     
    60   -419.3060260506        4     0 0  2 0  2
  -419.30602605063814     
    61    834647620.7986        4     0 0  1 3  0
   834647620.79863787     
    62   -1947450.677801        4     1 0  0 2  1
  -1947450.6778012458     
    63   -44658819.10916        4     0 1  0 2  1
  -44658819.109161980     
    64    155482.2270053        4     0 0  1 1  2
   155482.22700531821     
    65    741.1285275748        4     1 0  0 0  3
   741.12852757481915     
    66   -21577.00766841        4     0 1  0 0  3
  -21577.007668408678     
    67    6803864401.701        4     0 0  0 4  0
   6803864401.7007856     
    68    3575438.365714        4     0 0  0 2  2
   3575438.3657136410     
    69   -569.9329463060        4     0 0  0 0  4
  -569.93294630596517     
                                      
