
 etall    1, NO =    4, NV =    5, INA =   26
 *********************************************

    I  COEFFICIENT          ORDER   EXPONENTS
     1   0.4503999677644E-01    1     1 0  0 0  0
   4.5039996776438669E-002
     2    21.37634933994        1     0 1  0 0  0
   21.376349339944095     
     3  -0.1215016262442E-01    1     0 0  0 0  1
  -1.2150162624422457E-002
     4   0.3390373503889        2     2 0  0 0  0
  0.33903735038892369     
     5   -13.84104460767        2     1 1  0 0  0
  -13.841044607670955     
     6   -727.6409446850        2     0 2  0 0  0
  -727.64094468503026     
     7    1.264032778590        2     0 0  2 0  0
   1.2640327785897518     
     8    94.50425019905        2     0 0  1 1  0
   94.504250199049253     
     9   -3.325394937702        2     1 0  0 0  1
  -3.3253949377024346     
    10    161.3733754615        2     0 1  0 0  1
   161.37337546147509     
    11    1167.460638567        2     0 0  0 2  0
   1167.4606385666359     
    12   -5.589773947294        2     0 0  0 0  2
  -5.5897739472939385     
    13   -110.3219567344        3     3 0  0 0  0
  -110.32195673438393     
    14    4678.438316874        3     2 1  0 0  0
   4678.4383168741942     
    15   -90956.83848936        3     1 2  0 0  0
  -90956.838489362446     
    16    727252.9386663        3     0 3  0 0  0
   727252.93866633426     
    17    202.4563694334        3     1 0  2 0  0
   202.45636943337297     
    18   -912.2246622531        3     0 1  2 0  0
  -912.22466225314361     
    19    7181.289806546        3     1 0  1 1  0
   7181.2898065456011     
    20   -115282.7337478        3     0 1  1 1  0
  -115282.73374776212     
    21    24.21064425948        3     2 0  0 0  1
   24.210644259484539     
    22   -2258.680236839        3     1 1  0 0  1
  -2258.6802368387284     
    23   -6742.354602582        3     0 2  0 0  1
  -6742.3546025818159     
    24    8.739927433025        3     0 0  2 0  1
   8.7399274330254606     
    25    193824.9661701        3     1 0  0 2  0
   193824.96617007040     
    26   -5914582.319104        3     0 1  0 2  0
  -5914582.3191038128     
    27   -1180.511156861        3     0 0  1 1  1
  -1180.5111568607820     
    28   -834.4711664685        3     1 0  0 0  2
  -834.47116646851794     
    29    10986.65227056        3     0 1  0 0  2
   10986.652270559845     
    30   -3200.609587925        3     0 0  0 2  1
  -3200.6095879254608     
    31   -187.9489709622        3     0 0  0 0  3
  -187.94897096217747     
    32   -54.73025479765        4     4 0  0 0  0
  -54.730254797649017     
    33    21688.58404213        4     3 1  0 0  0
   21688.584042128088     
    34   -1180621.440759        4     2 2  0 0  0
  -1180621.4407589713     
    35    30243055.29990        4     1 3  0 0  0
   30243055.299897734     
    36   -272517892.0129        4     0 4  0 0  0
  -272517892.01286149     
    37    380.8594795238        4     2 0  2 0  0
   380.85947952383617     
    38   -25780.68196431        4     1 1  2 0  0
  -25780.681964313178     
    39    6099.150369544        4     0 2  2 0  0
   6099.1503695436659     
    40   -116.0214850599        4     0 0  4 0  0
  -116.02148505992047     
    41    15860.37253501        4     2 0  1 1  0
   15860.372535005587     
    42   -1203700.164553        4     1 1  1 1  0
  -1203700.1645527766     
    43    7827538.800714        4     0 2  1 1  0
   7827538.8007141892     
    44    5367.128227669        4     0 0  3 1  0
   5367.1282276691254     
    45   -164301.1212063        4     3 0  0 0  1
  -164301.12120632816     
    46    7530616.385557        4     2 1  0 0  1
   7530616.3855565852     
    47   -166469802.6451        4     1 2  0 0  1
  -166469802.64506164     
    48    1377490637.392        4     0 3  0 0  1
   1377490637.3920388     
    49    24801.23082581        4     1 0  2 0  1
   24801.230825807423     
    50   -417777.4251229        4     0 1  2 0  1
  -417777.42512289761     
    51    183108.0524384        4     2 0  0 2  0
   183108.05243836530     
    52   -24373182.87412        4     1 1  0 2  0
  -24373182.874124054     
    53    606764715.8845        4     0 2  0 2  0
   606764715.88449001     
    54    700512.4133595        4     0 0  2 2  0
   700512.41335945681     
    55    1619482.708177        4     1 0  1 1  1
   1619482.7081767085     
    56   -38232156.97212        4     0 1  1 1  1
  -38232156.972123764     
    57   -90425.80234012        4     2 0  0 0  2
  -90425.802340124108     
    58    3625539.250600        4     1 1  0 0  2
   3625539.2505998588     
    59   -40141000.40253        4     0 2  0 0  2
  -40141000.402531661     
    60   -7549.647348610        4     0 0  2 0  2
  -7549.6473486101395     
    61    26236758.67434        4     0 0  1 3  0
   26236758.674336646     
    62    35418274.42292        4     1 0  0 2  1
   35418274.422916040     
    63   -959690538.2048        4     0 1  0 2  1
  -959690538.20477271     
    64    332564.7598700        4     0 0  1 1  2
   332564.75987003150     
    65   -470101.1521302        4     1 0  0 0  3
  -470101.15213016293     
    66    7679545.204622        4     0 1  0 0  3
   7679545.2046215618     
    67    468431026.5701        4     0 0  0 4  0
   468431026.57007498     
    68    24467213.13840        4     0 0  0 2  2
   24467213.138402611     
    69   -78158.63660588        4     0 0  0 0  4
  -78158.636605877677     
                                      

 etall    1, NO =    4, NV =    5, INA =   29
 *********************************************

    I  COEFFICIENT          ORDER   EXPONENTS
     1  -0.4399088859685E-01    1     1 0  0 0  0
  -4.3990888596852969E-002
     2    1.324054215081        1     0 1  0 0  0
   1.3240542150814185     
     3  -0.1418399216624E-01    1     0 0  0 0  1
  -1.4183992166242210E-002
     4   0.2822097066144E-02    2     2 0  0 0  0
   2.8220970661438447E-003
     5   -3.736135897741        2     1 1  0 0  0
  -3.7361358977409935     
     6    27.53653388240        2     0 2  0 0  0
   27.536533882402381     
     7   0.1129922032312        2     0 0  2 0  0
  0.11299220323119741     
     8    6.843440408486        2     0 0  1 1  0
   6.8434404084859279     
     9   0.1222098462165        2     1 0  0 0  1
  0.12220984621654452     
    10   -1.855120755395        2     0 1  0 0  1
  -1.8551207553945392     
    11    81.96859522765        2     0 0  0 2  0
   81.968595227652997     
    12  -0.1846033712024        2     0 0  0 0  2
 -0.18460337120237100     
    13   -3.591703570489        3     3 0  0 0  0
  -3.5917035704887912     
    14    100.5955584653        3     2 1  0 0  0
   100.59555846529835     
    15   -1457.522268401        3     1 2  0 0  0
  -1457.5222684010869     
    16   -3721.352484822        3     0 3  0 0  0
  -3721.3524848217421     
    17    10.98330885728        3     1 0  2 0  0
   10.983308857280255     
    18    242.1232881098        3     0 1  2 0  0
   242.12328810981387     
    19    245.2321264237        3     1 0  1 1  0
   245.23212642371047     
    20    20389.70610828        3     0 1  1 1  0
   20389.706108282313     
    21  -0.6873791028501        3     2 0  0 0  1
 -0.68737910285012904     
    22   -135.1083217351        3     1 1  0 0  1
  -135.10832173508328     
    23    803.6967614282        3     0 2  0 0  1
   803.69676142819560     
    24    6.614292327555        3     0 0  2 0  1
   6.6142923275552121     
    25    540.2248602945        3     1 0  0 2  0
   540.22486029451102     
    26    346073.2295144        3     0 1  0 2  0
   346073.22951442859     
    27    373.8387631838        3     0 0  1 1  1
   373.83876318377941     
    28   -29.92081464249        3     1 0  0 0  2
  -29.920814642490214     
    29   -99.30975097587        3     0 1  0 0  2
  -99.309750975869690     
    30    6468.200411949        3     0 0  0 2  1
   6468.2004119486082     
    31   -13.07987291110        3     0 0  0 0  3
  -13.079872911099997     
    32    20.43286961805        4     4 0  0 0  0
   20.432869618052962     
    33   -1028.333110722        4     3 1  0 0  0
  -1028.3331107221816     
    34    30211.93152995        4     2 2  0 0  0
   30211.931529951406     
    35   -309097.9351502        4     1 3  0 0  0
  -309097.93515023706     
    36    704345.4345665        4     0 4  0 0  0
   704345.43456646428     
    37   -20.21583499310        4     2 0  2 0  0
  -20.215834993095829     
    38    92.65453571753        4     1 1  2 0  0
   92.654535717531417     
    39   -46014.55802062        4     0 2  2 0  0
  -46014.558020622251     
    40    83.01222855427        4     0 0  4 0  0
   83.012228554265505     
    41   -2012.246062427        4     2 0  1 1  0
  -2012.2460624267499     
    42    81348.72561366        4     1 1  1 1  0
   81348.725613658011     
    43   -4314544.097878        4     0 2  1 1  0
  -4314544.0978780165     
    44    12696.45867076        4     0 0  3 1  0
   12696.458670757129     
    45   -4908.830324370        4     3 0  0 0  1
  -4908.8303243699429     
    46    119581.0344828        4     2 1  0 0  1
   119581.03448281594     
    47   -1855018.966695        4     1 2  0 0  1
  -1855018.9666949967     
    48   -5997579.983635        4     0 3  0 0  1
  -5997579.9836350977     
    49    545.0385291207        4     1 0  2 0  1
   545.03852912074217     
    50   -1076.899998599        4     0 1  2 0  1
  -1076.8999985987939     
    51   -65976.40438941        4     2 0  0 2  0
  -65976.404389407297     
    52    3582162.764180        4     1 1  0 2  0
   3582162.7641799184     
    53   -99553246.70898        4     0 2  0 2  0
  -99553246.708982512     
    54    693635.3937832        4     0 0  2 2  0
   693635.39378323255     
    55    16547.85236523        4     1 0  1 1  1
   16547.852365230014     
    56   -182082.1255354        4     0 1  1 1  1
  -182082.12553542387     
    57   -1739.049828688        4     2 0  0 0  2
  -1739.0498286878001     
    58    48534.80006371        4     1 1  0 0  2
   48534.800063713163     
    59   -2291906.891306        4     0 2  0 0  2
  -2291906.8913064781     
    60    426.4616506747        4     0 0  2 0  2
   426.46165067471969     
    61    16869869.12971        4     0 0  1 3  0
   16869869.129712708     
    62    176923.1391819        4     1 0  0 2  1
   176923.13918190985     
    63   -4913100.221495        4     0 1  0 2  1
  -4913100.2214949578     
    64    50886.47822409        4     0 0  1 1  2
   50886.478224085324     
    65   -13325.12709194        4     1 0  0 0  3
  -13325.127091941555     
    66   -124272.0335340        4     0 1  0 0  3
  -124272.03353399842     
    67    157277970.3122        4     0 0  0 4  0
   157277970.31222019     
    68    1121342.256036        4     0 0  0 2  2
   1121342.2560362266     
    69   -7407.388424940        4     0 0  0 0  4
  -7407.3884249400926     
                                      

 etall    1, NO =    4, NV =    5, INA =   30
 *********************************************

    I  COEFFICIENT          ORDER   EXPONENTS
     1    2.121630606831        1     0 0  1 0  0
   2.1216306068308577     
     2    67.88392617083        1     0 0  0 1  0
   67.883926170834329     
     3   -1.233814545758        2     1 0  1 0  0
  -1.2338145457582714     
     4    55.80913606509        2     0 1  1 0  0
   55.809136065092787     
     5    69.54997851043        2     1 0  0 1  0
   69.549978510432425     
     6    560.5138054094        2     0 1  0 1  0
   560.51380540942523     
     7   -27.83667407931        2     0 0  1 0  1
  -27.836674079305663     
     8   -872.5760436502        2     0 0  0 1  1
  -872.57604365018187     
     9    298.6672839387        3     2 0  1 0  0
   298.66728393867749     
    10    4543.008100927        3     1 1  1 0  0
   4543.0081009267651     
    11   -190924.4727475        3     0 2  1 0  0
  -190924.47274747709     
    12   -8.129682225850        3     0 0  3 0  0
  -8.1296822258502548     
    13   -6785.560169647        3     2 0  0 1  0
  -6785.5601696466174     
    14    756182.5996661        3     1 1  0 1  0
   756182.59966614889     
    15   -12466336.07323        3     0 2  0 1  0
  -12466336.073229063     
    16    6363.430851474        3     0 0  2 1  0
   6363.4308514742197     
    17    186.2852735475        3     1 0  1 0  1
   186.28527354750113     
    18   -3272.261876937        3     0 1  1 0  1
  -3272.2618769373375     
    19    386921.0224839        3     0 0  1 2  0
   386921.02248392289     
    20   -4419.637413105        3     1 0  0 1  1
  -4419.6374131046859     
    21    58484.53158800        3     0 1  0 1  1
   58484.531587997277     
    22    106.5048035065        3     0 0  1 0  2
   106.50480350651226     
    23    8358190.810674        3     0 0  0 3  0
   8358190.8106735153     
    24   -7515.360941475        3     0 0  0 1  2
  -7515.3609414752109     
    25    145.8373230151        4     3 0  1 0  0
   145.83732301509013     
    26    22241.65938461        4     2 1  1 0  0
   22241.659384606071     
    27   -557761.3866860        4     1 2  1 0  0
  -557761.38668595173     
    28    17801260.74989        4     0 3  1 0  0
   17801260.749890734     
    29   -714.8605842241        4     1 0  3 0  0
  -714.86058422408678     
    30   -21214.66175529        4     0 1  3 0  0
  -21214.661755290992     
    31   -3521.345586362        4     3 0  0 1  0
  -3521.3455863623731     
    32    474223.1540301        4     2 1  0 1  0
   474223.15403009852     
    33   -36735130.90958        4     1 2  0 1  0
  -36735130.909581140     
    34    1124742047.479        4     0 3  0 1  0
   1124742047.4793322     
    35   -10154.29606671        4     1 0  2 1  0
  -10154.296066709265     
    36   -4107401.736267        4     0 1  2 1  0
  -4107401.7362666493     
    37   -7345.967121340        4     2 0  1 0  1
  -7345.9671213400334     
    38    1073113.529687        4     1 1  1 0  1
   1073113.5296865171     
    39   -11995501.54825        4     0 2  1 0  1
  -11995501.548251115     
    40    1400.005806240        4     0 0  3 0  1
   1400.0058062401040     
    41    260969.6496068        4     1 0  1 2  0
   260969.64960680765     
    42   -185097940.1216        4     0 1  1 2  0
  -185097940.12160599     
    43   -807166.0627596        4     2 0  0 1  1
  -807166.06275963690     
    44    53806951.73180        4     1 1  0 1  1
   53806951.731800094     
    45   -712230430.6166        4     0 2  0 1  1
  -712230430.61662328     
    46   -2872552.791325        4     0 0  2 1  1
  -2872552.7913251468     
    47   -84319.48790905        4     1 0  1 0  2
  -84319.487909050382     
    48    1276869.152473        4     0 1  1 0  2
   1276869.1524725964     
    49   -13889277.31825        4     1 0  0 3  0
  -13889277.318252426     
    50   -1972247067.201        4     0 1  0 3  0
  -1972247067.2006595     
    51   -181001286.4820        4     0 0  1 2  1
  -181001286.48200610     
    52   -3670906.923435        4     1 0  0 1  2
  -3670906.9234352312     
    53    79807494.53207        4     0 1  0 1  2
   79807494.532069191     
    54   -20945.41637926        4     0 0  1 0  3
  -20945.416379258411     
    55   -3749049136.878        4     0 0  0 3  1
  -3749049136.8784261     
    56   -706399.8797935        4     0 0  0 1  3
  -706399.87979348202     
                                      

 etall    1, NO =    4, NV =    5, INA =   31
 *********************************************

    I  COEFFICIENT          ORDER   EXPONENTS
     1  -0.5442560392079E-01    1     0 0  1 0  0
  -5.4425603920790877E-002
     2   -1.270072023700        1     0 0  0 1  0
  -1.2700720237002439     
     3   0.8886621846524E-01    2     1 0  1 0  0
   8.8866218465237873E-002
     4  -0.7324650053136        2     0 1  1 0  0
 -0.73246500531361480     
     5   0.3206283370324        2     1 0  0 1  0
  0.32062833703237148     
     6   -4.405705826231        2     0 1  0 1  0
  -4.4057058262308573     
     7   0.5331362607860        2     0 0  1 0  1
  0.53313626078596110     
     8    22.77836658845        2     0 0  0 1  1
   22.778366588453672     
     9   -3.197889765025        3     2 0  1 0  0
  -3.1978897650245308     
    10   -143.0235432863        3     1 1  1 0  0
  -143.02354328628132     
    11    7796.209626944        3     0 2  1 0  0
   7796.2096269442191     
    12   -6.884591845066        3     0 0  3 0  0
  -6.8845918450660832     
    13    253.6389213775        3     2 0  0 1  0
   253.63892137752094     
    14   -21266.28861508        3     1 1  0 1  0
  -21266.288615076817     
    15    454873.0940711        3     0 2  0 1  0
   454873.09407106956     
    16   -836.7681725245        3     0 0  2 1  0
  -836.76817252446949     
    17   -3.779362886169        3     1 0  1 0  1
  -3.7793628861692632     
    18    230.1303612722        3     0 1  1 0  1
   230.13036127222384     
    19   -32862.88269188        3     0 0  1 2  0
  -32862.882691875311     
    20    102.3485174775        3     1 0  0 1  1
   102.34851747745097     
    21    3689.223141194        3     0 1  0 1  1
   3689.2231411935272     
    22    10.63708212693        3     0 0  1 0  2
   10.637082126930405     
    23   -487621.2570807        3     0 0  0 3  0
  -487621.25708069454     
    24    676.4871132709        3     0 0  0 1  2
   676.48711327087028     
    25  -0.7025587125064        4     3 0  1 0  0
 -0.70255871250642077     
    26   -378.9995902057        4     2 1  1 0  0
  -378.99959020567530     
    27    3940.942356139        4     1 2  1 0  0
   3940.9423561385702     
    28   -827689.6975492        4     0 3  1 0  0
  -827689.69754922320     
    29    37.27434765307        4     1 0  3 0  0
   37.274347653071544     
    30    3241.989299656        4     0 1  3 0  0
   3241.9892996555191     
    31   -131.5286551947        4     3 0  0 1  0
  -131.52865519467065     
    32   -1600.008452739        4     2 1  0 1  0
  -1600.0084527394647     
    33    1031339.045368        4     1 2  0 1  0
   1031339.0453677219     
    34   -50677484.25018        4     0 3  0 1  0
  -50677484.250175193     
    35    1806.221223150        4     1 0  2 1  0
   1806.2212231496535     
    36    383646.7366566        4     0 1  2 1  0
   383646.73665664141     
    37    723.9600391724        4     2 0  1 0  1
   723.96003917237590     
    38   -46384.41074077        4     1 1  1 0  1
  -46384.410740767882     
    39    623082.7716815        4     0 2  1 0  1
   623082.77168152656     
    40    2689.229444185        4     0 0  3 0  1
   2689.2294441845438     
    41    30167.36268911        4     1 0  1 2  0
   30167.362689111313     
    42    14382269.58178        4     0 1  1 2  0
   14382269.581783414     
    43    38926.12941035        4     2 0  0 1  1
   38926.129410346541     
    44   -2290119.023939        4     1 1  0 1  1
  -2290119.0239389250     
    45    32641700.01008        4     0 2  0 1  1
   32641700.010079961     
    46    333675.9171351        4     0 0  2 1  1
   333675.91713508498     
    47    1779.660803237        4     1 0  1 0  2
   1779.6608032370568     
    48   -9914.780351216        4     0 1  1 0  2
  -9914.7803512155733     
    49    723799.3794111        4     1 0  0 3  0
   723799.37941107829     
    50    161819470.1701        4     0 1  0 3  0
   161819470.17011032     
    51    13540342.94421        4     0 0  1 2  1
   13540342.944214620     
    52    100832.6352465        4     1 0  0 1  2
   100832.63524648013     
    53   -1608725.383360        4     0 1  0 1  2
  -1608725.3833600623     
    54    1715.565135405        4     0 0  1 0  3
   1715.5651354045383     
    55    203260117.6601        4     0 0  0 3  1
   203260117.66006771     
    56    61942.97943921        4     0 0  0 1  3
   61942.979439208699     
                                      

 etall    1, NO =    4, NV =    5, INA =   32
 *********************************************

    I  COEFFICIENT          ORDER   EXPONENTS
     1    1.000000000000        1     0 0  0 0  1
   1.0000000000000000     
                                      

 etall    1, NO =    4, NV =    5, INA =   42
 *********************************************

    I  COEFFICIENT          ORDER   EXPONENTS
     1   0.4948541576510E-12    0     0 0  0 0  0
   4.9485415765104790E-013
     2  -0.1173343411890E-02    1     1 0  0 0  0
  -1.1733434118902132E-003
     3  -0.2871144975438        1     0 1  0 0  0
 -0.28711449754384077     
     4    4.144525635651        1     0 0  0 0  1
   4.1445256356510702     
     5  -0.7516598776636E-01    2     2 0  0 0  0
  -7.5165987766362380E-002
     6    7.166330159124        2     1 1  0 0  0
   7.1663301591242838     
     7   -116.0059768344        2     0 2  0 0  0
  -116.00597683435365     
     8  -0.2085109520936        2     0 0  2 0  0
 -0.20851095209362891     
     9  -0.4204970454251        2     0 0  1 1  0
 -0.42049704542509053     
    10  -0.4597750712299        2     1 0  0 0  1
 -0.45977507122987959     
    11    4.598576495976        2     0 1  0 0  1
   4.5985764959755340     
    12    203.4619463061        2     0 0  0 2  0
   203.46194630611120     
    13    20.70532775928        2     0 0  0 0  2
   20.705327759278912     
    14    1.899740914738        3     3 0  0 0  0
   1.8997409147384094     
    15   -126.0021807891        3     2 1  0 0  0
  -126.00218078914745     
    16    1640.607951480        3     1 2  0 0  0
   1640.6079514800838     
    17   -3720.650835298        3     0 3  0 0  0
  -3720.6508352975361     
    18  -0.2398570034678        3     1 0  2 0  0
 -0.23985700346782476     
    19    155.0625949541        3     0 1  2 0  0
   155.06259495410029     
    20   -38.53069094641        3     1 0  1 1  0
  -38.530690946414907     
    21    12245.57599027        3     0 1  1 1  0
   12245.575990269866     
    22   -38.50214197923        3     2 0  0 0  1
  -38.502141979225676     
    23    937.8643757017        3     1 1  0 0  1
   937.86437570166686     
    24   -15987.90868476        3     0 2  0 0  1
  -15987.908684757846     
    25    29.11745724762        3     0 0  2 0  1
   29.117457247620088     
    26   -728.1104034535        3     1 0  0 2  0
  -728.11040345350273     
    27    239524.8030998        3     0 1  0 2  0
   239524.80309980016     
    28    1946.484902041        3     0 0  1 1  1
   1946.4849020406698     
    29   -12.50488024622        3     1 0  0 0  2
  -12.504880246217562     
    30   -329.5966853047        3     0 1  0 0  2
  -329.59668530474369     
    31    36986.87617819        3     0 0  0 2  1
   36986.876178186947     
    32   -115.5851896120        3     0 0  0 0  3
  -115.58518961201528     
    33   -1880.407331801        4     4 0  0 0  0
  -1880.4073318011028     
    34    113296.8345810        4     3 1  0 0  0
   113296.83458098590     
    35   -3722125.969704        4     2 2  0 0  0
  -3722125.9697037754     
    36    60261810.19135        4     1 3  0 0  0
   60261810.191352636     
    37   -484906744.7469        4     0 4  0 0  0
  -484906744.74686569     
    38    649.2574787385        4     2 0  2 0  0
   649.25747873849627     
    39   -21819.39683299        4     1 1  2 0  0
  -21819.396832994575     
    40    361135.8770974        4     0 2  2 0  0
   361135.87709737750     
    41    1304.793968198        4     0 0  4 0  0
   1304.7939681981002     
    42    44148.65651904        4     2 0  1 1  0
   44148.656519036464     
    43   -1937332.197246        4     1 1  1 1  0
  -1937332.1972459382     
    44    30074780.02615        4     0 2  1 1  0
   30074780.026146207     
    45    165076.6983817        4     0 0  3 1  0
   165076.69838172468     
    46   -442.9395090136        4     3 0  0 0  1
  -442.93950901364150     
    47    52945.82604337        4     2 1  0 0  1
   52945.826043371228     
    48   -1273187.742423        4     1 2  0 0  1
  -1273187.7424226664     
    49   -17496551.19822        4     0 3  0 0  1
  -17496551.198217940     
    50   -997.0641440792        4     1 0  2 0  1
  -997.06414407920204     
    51    54269.36835673        4     0 1  2 0  1
   54269.368356729232     
    52    865593.0164949        4     2 0  0 2  0
   865593.01649493282     
    53   -43691939.79413        4     1 1  0 2  0
  -43691939.794128455     
    54    660068734.3018        4     0 2  0 2  0
   660068734.30183768     
    55    8527533.116942        4     0 0  2 2  0
   8527533.1169419568     
    56    12581.12450978        4     1 0  1 1  1
   12581.124509775213     
    57    2501094.656259        4     0 1  1 1  1
   2501094.6562594092     
    58   -30586.62373414        4     2 0  0 0  2
  -30586.623734139885     
    59    947975.0825219        4     1 1  0 0  2
   947975.08252187027     
    60   -18637681.46579        4     0 2  0 0  2
  -18637681.465792410     
    61    3770.395380361        4     0 0  2 0  2
   3770.3953803608101     
    62    207802693.3859        4     0 0  1 3  0
   207802693.38594314     
    63    1754369.673501        4     1 0  0 2  1
   1754369.6735005884     
    64    9035075.681972        4     0 1  0 2  1
   9035075.6819721181     
    65    261647.1578181        4     0 0  1 1  2
   261647.15781806924     
    66   -8408.591833703        4     1 0  0 0  3
  -8408.5918337032217     
    67   -342407.9541903        4     0 1  0 0  3
  -342407.95419031009     
    68    2081981169.703        4     0 0  0 4  0
   2081981169.7027998     
    69    4492563.479368        4     0 0  0 2  2
   4492563.4793680618     
    70   -38891.56246686        4     0 0  0 0  4
  -38891.562466861978     
                                      
