
 etall    1, NO =    4, NV =    5, INA =   27
 *********************************************

    I  COEFFICIENT          ORDER   EXPONENTS
     1   -1.299480566701        1     1 0  0 0  0
  -1.2994805667006342     
     2    12.85227339544        1     0 1  0 0  0
   12.852273395439855     
     3   0.9738025723826E-01    1     0 0  0 0  1
  9.73802572382568010E-002
     4   -2.179208493239        2     2 0  0 0  0
  -2.1792084932394458     
     5   -13.45469145984        2     1 1  0 0  0
  -13.454691459838473     
     6   -467.7311831021        2     0 2  0 0  0
  -467.73118310212357     
     7   0.6049294536011        2     0 0  2 0  0
  0.60492945360106776     
     8    41.80975333558        2     0 0  1 1  0
   41.809753335583444     
     9   0.6562838919857        2     1 0  0 0  1
  0.65628389198565418     
    10   -25.18540103071        2     0 1  0 0  1
  -25.185401030709237     
    11    1150.037541910        2     0 0  0 2  0
   1150.0375419101094     
    12   -4.262042495631        2     0 0  0 0  2
  -4.2620424956313716     
    13    5.774911421169        3     3 0  0 0  0
   5.7749114211691293     
    14    1019.198603194        3     2 1  0 0  0
   1019.1986031941709     
    15   -34206.42129645        3     1 2  0 0  0
  -34206.421296448352     
    16    486000.4102063        3     0 3  0 0  0
   486000.41020630562     
    17    313.1557768965        3     1 0  2 0  0
   313.15577689654094     
    18   -58897.06395743        3     0 1  2 0  0
  -58897.063957428443     
    19   -21256.69786251        3     1 0  1 1  0
  -21256.697862511497     
    20   -2943309.878953        3     0 1  1 1  0
  -2943309.8789533880     
    21   -82.47825484441        3     2 0  0 0  1
  -82.478254844411097     
    22    1563.192750339        3     1 1  0 0  1
   1563.1927503391337     
    23    46656.22472391        3     0 2  0 0  1
   46656.224723907508     
    24   -628.8388593617        3     0 0  2 0  1
  -628.83885936173181     
    25   -742744.7739414        3     1 0  0 2  0
  -742744.77394136402     
    26   -41620304.73382        3     0 1  0 2  0
  -41620304.733824775     
    27   -37961.57418573        3     0 0  1 1  1
  -37961.574185730802     
    28   -251.3988552756        3     1 0  0 0  2
  -251.39885527555467     
    29    28701.71329528        3     0 1  0 0  2
   28701.713295275131     
    30   -444742.9492996        3     0 0  0 2  1
  -444742.94929960638     
    31   -12.00347919850        3     0 0  0 0  3
  -12.003479198501081     
    32    388.2165738329        4     4 0  0 0  0
   388.21657383285981     
    33   -24276.75865374        4     3 1  0 0  0
  -24276.758653735906     
    34    737743.3214656        4     2 2  0 0  0
   737743.32146556396     
    35   -10731637.64512        4     1 3  0 0  0
  -10731637.645115582     
    36    102957435.6789        4     0 4  0 0  0
   102957435.67891243     
    37    2402.160046548        4     2 0  2 0  0
   2402.1600465483684     
    38   -2472.417772125        4     1 1  2 0  0
  -2472.4177721249180     
    39   -3786476.679088        4     0 2  2 0  0
  -3786476.6790881348     
    40    4061.391205055        4     0 0  4 0  0
   4061.3912050554318     
    41    75342.41298796        4     2 0  1 1  0
   75342.412987955715     
    42    1357681.136073        4     1 1  1 1  0
   1357681.1360731043     
    43   -300993746.0734        4     0 2  1 1  0
  -300993746.07337719     
    44    611200.1242618        4     0 0  3 1  0
   611200.12426182721     
    45   -2240.301735079        4     3 0  0 0  1
  -2240.3017350791433     
    46    75478.72104713        4     2 1  0 0  1
   75478.721047128565     
    47   -696787.8997020        4     1 2  0 0  1
  -696787.89970202860     
    48   -5848194.263258        4     0 3  0 0  1
  -5848194.2632579384     
    49    17104.39428363        4     1 0  2 0  1
   17104.394283634563     
    50    1148880.649205        4     0 1  2 0  1
   1148880.6492051471     
    51   -1830344.850761        4     2 0  0 2  0
  -1830344.8507614529     
    52    95673903.86464        4     1 1  0 2  0
   95673903.864637837     
    53   -5474945615.201        4     0 2  0 2  0
  -5474945615.2010794     
    54    31412556.41421        4     0 0  2 2  0
   31412556.414210469     
    55    1383327.983879        4     1 0  1 1  1
   1383327.9838791501     
    56    79187095.17713        4     0 1  1 1  1
   79187095.177126229     
    57    2379.192366059        4     2 0  0 0  2
   2379.1923660591888     
    58   -68663.70610949        4     1 1  0 0  2
  -68663.706109485458     
    59    395110.9241437        4     0 2  0 0  2
   395110.92414374941     
    60    1504.004268969        4     0 0  2 0  2
   1504.0042689690197     
    61    709514241.4605        4     0 0  1 3  0
   709514241.46050954     
    62    36626338.14788        4     1 0  0 2  1
   36626338.147875600     
    63    1175759032.852        4     0 1  0 2  1
   1175759032.8520017     
    64   -435971.4480601        4     0 0  1 1  2
  -435971.44806008082     
    65    2589.485996094        4     1 0  0 0  3
   2589.4859960936310     
    66   -354821.5653637        4     0 1  0 0  3
  -354821.56536367047     
    67    6184703034.613        4     0 0  0 4  0
   6184703034.6134233     
    68   -14058924.81983        4     0 0  0 2  2
  -14058924.819830468     
    69   -2999.898789853        4     0 0  0 0  4
  -2999.8987898534451     
                                      

 etall    1, NO =    4, NV =    5, INA =   30
 *********************************************

    I  COEFFICIENT          ORDER   EXPONENTS
     1  -0.2833690163809E-01    1     1 0  0 0  0
 -2.83369016380929650E-002
     2  -0.4892773383921        1     0 1  0 0  0
 -0.48927733839209342     
     3   0.7007154575130E-02    1     0 0  0 0  1
  7.00715457513025487E-003
     4   0.2746203202449E-02    2     2 0  0 0  0
  2.74620320244894911E-003
     5    1.293301745813        2     1 1  0 0  0
   1.2933017458132579     
     6   -14.06211758276        2     0 2  0 0  0
  -14.062117582756740     
     7   0.8623873390986E-03    2     0 0  2 0  0
  8.62387339098567851E-004
     8   0.6398056140191        2     0 0  1 1  0
  0.63980561401906821     
     9  -0.4820341598197E-01    2     1 0  0 0  1
 -4.82034159819682007E-002
    10  -0.3195565962817        2     0 1  0 0  1
 -0.31955659628166777     
    11    65.64569265020        2     0 0  0 2  0
   65.645692650201937     
    12   0.2333362921214        2     0 0  0 0  2
  0.23333629212136253     
    13  -0.1007028867880        3     3 0  0 0  0
 -0.10070288678803030     
    14    14.40903743657        3     2 1  0 0  0
   14.409037436567026     
    15   -1223.031850475        3     1 2  0 0  0
  -1223.0318504747918     
    16    19330.45246202        3     0 3  0 0  0
   19330.452462024543     
    17    41.88413967300        3     1 0  2 0  0
   41.884139673003816     
    18   -1815.944651670        3     0 1  2 0  0
  -1815.9446516701182     
    19    1533.729532520        3     1 0  1 1  0
   1533.7295325202895     
    20   -71229.15007348        3     0 1  1 1  0
  -71229.150073475423     
    21   -14.29181279008        3     2 0  0 0  1
  -14.291812790075472     
    22    380.2299201992        3     1 1  0 0  1
   380.22992019915768     
    23   -1167.445730818        3     0 2  0 0  1
  -1167.4457308181491     
    24   -16.88976518659        3     0 0  2 0  1
  -16.889765186589027     
    25    47961.44780641        3     1 0  0 2  0
   47961.447806413838     
    26   -1099191.717106        3     0 1  0 2  0
  -1099191.7171056801     
    27   -1452.322681393        3     0 0  1 1  1
  -1452.3226813926540     
    28   -39.66083612089        3     1 0  0 0  2
  -39.660836120887765     
    29    1111.697699068        3     0 1  0 0  2
   1111.6976990683338     
    30   -13181.52543533        3     0 0  0 2  1
  -13181.525435328334     
    31   -11.96264127044        3     0 0  0 0  3
  -11.962641270438001     
    32    10.47307522311        4     4 0  0 0  0
   10.473075223108813     
    33   -1566.917491907        4     3 1  0 0  0
  -1566.9174919074305     
    34    57576.52106714        4     2 2  0 0  0
   57576.521067141017     
    35   -857942.4153060        4     1 3  0 0  0
  -857942.41530599666     
    36    4828712.900137        4     0 4  0 0  0
   4828712.9001374589     
    37   -165.4237109307        4     2 0  2 0  0
  -165.42371093073822     
    38    7563.603320782        4     1 1  2 0  0
   7563.6033207823384     
    39   -70887.18458098        4     0 2  2 0  0
  -70887.184580979578     
    40    439.1971619155        4     0 0  4 0  0
   439.19716191547695     
    41    2911.941609476        4     2 0  1 1  0
   2911.9416094760863     
    42    167623.6498537        4     1 1  1 1  0
   167623.64985367944     
    43   -8737128.694871        4     0 2  1 1  0
  -8737128.6948710512     
    44    71332.02489655        4     0 0  3 1  0
   71332.024896546776     
    45   -61.53049257669        4     3 0  0 0  1
  -61.530492576692183     
    46    4295.078864976        4     2 1  0 0  1
   4295.0788649758479     
    47   -92735.92876850        4     1 2  0 0  1
  -92735.928768497732     
    48    345409.7996430        4     0 3  0 0  1
   345409.79964304023     
    49    924.4537085360        4     1 0  2 0  1
   924.45370853601855     
    50    6268.343679526        4     0 1  2 0  1
   6268.3436795258822     
    51    246208.4414955        4     2 0  0 2  0
   246208.44149546730     
    52    1169687.154128        4     1 1  0 2  0
   1169687.1541276895     
    53   -192004773.7747        4     0 2  0 2  0
  -192004773.77472925     
    54    3997523.817674        4     0 0  2 2  0
   3997523.8176744138     
    55    38113.07920104        4     1 0  1 1  1
   38113.079201039829     
    56    628138.7918845        4     0 1  1 1  1
   628138.79188449774     
    57    290.1820334435        4     2 0  0 0  2
   290.18203344351633     
    58   -13803.06427815        4     1 1  0 0  2
  -13803.064278150789     
    59    62841.56579279        4     0 2  0 0  2
   62841.565792785266     
    60   -159.7262684208        4     0 0  2 0  2
  -159.72626842084907     
    61    96129210.69264        4     0 0  1 3  0
   96129210.692637414     
    62    945521.1058944        4     1 0  0 2  1
   945521.10589442030     
    63   -164851.5289157        4     0 1  0 2  1
  -164851.52891571075     
    64   -38453.95905588        4     0 0  1 1  2
  -38453.959055881751     
    65    363.4556101189        4     1 0  0 0  3
   363.45561011889976     
    66   -11387.76511378        4     0 1  0 0  3
  -11387.765113777055     
    67    833839808.4094        4     0 0  0 4  0
   833839808.40935397     
    68   -742894.4696542        4     0 0  0 2  2
  -742894.46965421631     
    69   -181.9787733863        4     0 0  0 0  4
  -181.97877338626944     
                                      

 etall    1, NO =    4, NV =    5, INA =   31
 *********************************************

    I  COEFFICIENT          ORDER   EXPONENTS
     1   0.3438447723567        1     0 0  1 0  0
  0.34384477235668559     
     2    45.41929079855        1     0 0  0 1  0
   45.419290798551017     
     3    1.333844979429        2     1 0  1 0  0
   1.3338449794294478     
     4    18.03176489988        2     0 1  1 0  0
   18.031764899878926     
     5    52.30142261708        2     1 0  0 1  0
   52.301422617075275     
     6    335.4481629739        2     0 1  0 1  0
   335.44816297388996     
     7   -27.93889261913        2     0 0  1 0  1
  -27.938892619126495     
     8   -976.5766646241        2     0 0  0 1  1
  -976.57666462405894     
     9   -1622.012497448        3     2 0  1 0  0
  -1622.0124974484713     
    10    59558.86935426        3     1 1  1 0  0
   59558.869354257025     
    11   -1963435.986038        3     0 2  1 0  0
  -1963435.9860380434     
    12    9223.938001323        3     0 0  3 0  0
   9223.9380013233040     
    13   -30162.01952042        3     2 0  0 1  0
  -30162.019520421141     
    14    245463.5848723        3     1 1  0 1  0
   245463.58487229486     
    15   -41631634.78947        3     0 2  0 1  0
  -41631634.789470159     
    16    837921.9198216        3     0 0  2 1  0
   837921.91982164735     
    17    76.42935745074        3     1 0  1 0  1
   76.429357450742245     
    18   -34644.77095251        3     0 1  1 0  1
  -34644.770952508115     
    19    27458928.77625        3     0 0  1 2  0
   27458928.776251055     
    20    30499.36983278        3     1 0  0 1  1
   30499.369832782817     
    21   -1373903.144974        3     0 1  0 1  1
  -1373903.1449743879     
    22   -14459.00660860        3     0 0  1 0  2
  -14459.006608598218     
    23    313616179.6380        3     0 0  0 3  0
   313616179.63795578     
    24   -390913.8033098        3     0 0  0 1  2
  -390913.80330982991     
    25    3371.229115613        4     3 0  1 0  0
   3371.2291156125184     
    26   -115064.1905270        4     2 1  1 0  0
  -115064.19052704515     
    27    4863437.395289        4     1 2  1 0  0
   4863437.3952892432     
    28   -38912797.33821        4     0 3  1 0  0
  -38912797.338209808     
    29   -41533.78499649        4     1 0  3 0  0
  -41533.784996494185     
    30    771484.8036733        4     0 1  3 0  0
   771484.80367333500     
    31   -23632.37326301        4     3 0  0 1  0
  -23632.373263008067     
    32    5388514.859289        4     2 1  0 1  0
   5388514.8592894040     
    33    6967337.007554        4     1 2  0 1  0
   6967337.0075539593     
    34   -1396492141.683        4     0 3  0 1  0
  -1396492141.6829545     
    35   -3039501.846060        4     1 0  2 1  0
  -3039501.8460596586     
    36    57895149.86029        4     0 1  2 1  0
   57895149.860290237     
    37   -17523.01998524        4     2 0  1 0  1
  -17523.019985239818     
    38    343130.8388151        4     1 1  1 0  1
   343130.83881513646     
    39    40377633.74569        4     0 2  1 0  1
   40377633.745693475     
    40   -202148.6645434        4     0 0  3 0  1
  -202148.66454339755     
    41   -69548527.06517        4     1 0  1 2  0
  -69548527.065169185     
    42    1259079727.461        4     0 1  1 2  0
   1259079727.4606559     
    43   -1066987.029058        4     2 0  0 1  1
  -1066987.0290576285     
    44    38113687.07640        4     1 1  0 1  1
   38113687.076398060     
    45    1103010095.985        4     0 2  0 1  1
   1103010095.9853241     
    46   -23129502.94999        4     0 0  2 1  1
  -23129502.949991245     
    47    15836.55653120        4     1 0  1 0  2
   15836.556531204822     
    48    245140.2423892        4     0 1  1 0  2
   245140.24238924074     
    49   -324705397.6426        4     1 0  0 3  0
  -324705397.64259773     
    50    4616630164.803        4     0 1  0 3  0
   4616630164.8028784     
    51   -829517320.6190        4     0 0  1 2  1
  -829517320.61898398     
    52   -938213.2475159        4     1 0  0 1  2
  -938213.24751592241     
    53    22578066.81982        4     0 1  0 1  2
   22578066.819816899     
    54    310369.0614242        4     0 0  1 0  3
   310369.06142419513     
    55   -9673667459.164        4     0 0  0 3  1
  -9673667459.1637840     
    56    9716445.117700        4     0 0  0 1  3
   9716445.1177001726     
                                      

 etall    1, NO =    4, NV =    5, INA =   32
 *********************************************

    I  COEFFICIENT          ORDER   EXPONENTS
     1  -0.3673359818111E-01    1     0 0  1 0  0
 -3.67335981811055465E-002
     2   -1.943941079236        1     0 0  0 1  0
  -1.9439410792361493     
     3  -0.4930883119420E-01    2     1 0  1 0  0
 -4.93088311942038379E-002
     4  -0.1403185057665        2     0 1  1 0  0
 -0.14031850576651650     
     5   -4.559835317752        2     1 0  0 1  0
  -4.5598353177516184     
     6    47.57176722738        2     0 1  0 1  0
   47.571767227375879     
     7   0.6172344586413        2     0 0  1 0  1
  0.61723445864132431     
     8    27.90784057237        2     0 0  0 1  1
   27.907840572370414     
     9    40.77861343403        3     2 0  1 0  0
   40.778613434028379     
    10   -2347.130574210        3     1 1  1 0  0
  -2347.1305742104887     
    11    58120.00295754        3     0 2  1 0  0
   58120.002957538120     
    12   -213.4764496479        3     0 0  3 0  0
  -213.47644964794580     
    13   -551.1159142641        3     2 0  0 1  0
  -551.11591426414816     
    14    442.2201441907        3     1 1  0 1  0
   442.22014419071093     
    15    1021799.211588        3     0 2  0 1  0
   1021799.2115876507     
    16   -17670.93879790        3     0 0  2 1  0
  -17670.938797901847     
    17    14.40981737904        3     1 0  1 0  1
   14.409817379039950     
    18    670.8922447787        3     0 1  1 0  1
   670.89224477870084     
    19   -530685.2862170        3     0 0  1 2  0
  -530685.28621698590     
    20   -1167.617376063        3     1 0  0 1  1
  -1167.6173760627657     
    21    42933.38331329        3     0 1  0 1  1
   42933.383313290607     
    22    338.9853226319        3     0 0  1 0  2
   338.98532263191311     
    23   -5127875.483074        3     0 0  0 3  0
  -5127875.4830737524     
    24    5309.442361007        3     0 0  0 1  2
   5309.4423610073645     
    25   -143.4729324843        4     3 0  1 0  0
  -143.47293248425672     
    26    3123.810978004        4     2 1  1 0  0
   3123.8109780038994     
    27    24114.02863982        4     1 2  1 0  0
   24114.028639816650     
    28   -1933718.203613        4     0 3  1 0  0
  -1933718.2036128379     
    29    474.6885936450        4     1 0  3 0  0
   474.68859364502282     
    30   -9835.395370685        4     0 1  3 0  0
  -9835.3953706853717     
    31   -6211.637917698        4     3 0  0 1  0
  -6211.6379176976543     
    32   -112254.9589878        4     2 1  0 1  0
  -112254.95898776461     
    33    4092438.679263        4     1 2  0 1  0
   4092438.6792628556     
    34   -34483292.68849        4     0 3  0 1  0
  -34483292.688490309     
    35    29840.35529987        4     1 0  2 1  0
   29840.355299874951     
    36   -852804.2132988        4     0 1  2 1  0
  -852804.21329875593     
    37    587.4893550681        4     2 0  1 0  1
   587.48935506807527     
    38   -350.4857495492        4     1 1  1 0  1
  -350.48574954921969     
    39   -1169430.238245        4     0 2  1 0  1
  -1169430.2382445580     
    40    4706.595835454        4     0 0  3 0  1
   4706.5958354540562     
    41    720825.9294214        4     1 0  1 2  0
   720825.92942135129     
    42   -22389451.78339        4     0 1  1 2  0
  -22389451.783391923     
    43    12791.85812715        4     2 0  0 1  1
   12791.858127147338     
    44   -144026.0778961        4     1 1  0 1  1
  -144026.07789611164     
    45   -37693230.19702        4     0 2  0 1  1
  -37693230.197023630     
    46    551949.3938029        4     0 0  2 1  1
   551949.39380294271     
    47    210.4138871340        4     1 0  1 0  2
   210.41388713404854     
    48   -32112.71237309        4     0 1  1 0  2
  -32112.712373094757     
    49    6069950.942098        4     1 0  0 3  0
   6069950.9420979191     
    50   -150988025.3434        4     0 1  0 3  0
  -150988025.34340084     
    51    19285103.64081        4     0 0  1 2  1
   19285103.640813246     
    52    25582.59604793        4     1 0  0 1  2
   25582.596047927815     
    53   -1127054.761048        4     0 1  0 1  2
  -1127054.7610478103     
    54   -6899.843599201        4     0 0  1 0  3
  -6899.8435992010254     
    55    227295974.0446        4     0 0  0 3  1
   227295974.04459059     
    56   -254294.5731231        4     0 0  0 1  3
  -254294.57312308316     
                                      

 etall    1, NO =    4, NV =    5, INA =   33
 *********************************************

    I  COEFFICIENT          ORDER   EXPONENTS
     1    1.000000000000        1     0 0  0 0  1
   1.0000000000000000     
                                      

 etall    1, NO =    4, NV =    5, INA =   43
 *********************************************

    I  COEFFICIENT          ORDER   EXPONENTS
     1   0.4414246745910E-12    0     0 0  0 0  0
  4.41424674590962240E-013
     2  -0.6346206427395E-02    1     1 0  0 0  0
 -6.34620642739535876E-003
     3   0.1377038193971        1     0 1  0 0  0
  0.13770381939714410     
     4    2.907303143407        1     0 0  0 0  1
   2.9073031434070806     
     5   0.2508075046766E-01    2     2 0  0 0  0
  2.50807504676577725E-002
     6  -0.5186398044078        2     1 1  0 0  0
 -0.51863980440777591     
     7   -10.12292943377        2     0 2  0 0  0
  -10.122929433767192     
     8  -0.4028767518994        2     0 0  2 0  0
 -0.40287675189939876     
     9   -26.04654673368        2     0 0  1 1  0
  -26.046546733676561     
    10  -0.8386853684631        2     1 0  0 0  1
 -0.83868536846314545     
    11    1.681802527580        2     0 1  0 0  1
   1.6818025275802122     
    12   -313.7606880485        2     0 0  0 2  0
  -313.76068804851980     
    13    18.92300693301        2     0 0  0 0  2
   18.923006933010786     
    14    5.530685769336        3     3 0  0 0  0
   5.5306857693356406     
    15   -218.4987109307        3     2 1  0 0  0
  -218.49871093068930     
    16    2755.447223934        3     1 2  0 0  0
   2755.4472239344409     
    17    3994.447155906        3     0 3  0 0  0
   3994.4471559056342     
    18    1.689880315294        3     1 0  2 0  0
   1.6898803152938773     
    19   -753.4026740286        3     0 1  2 0  0
  -753.40267402859331     
    20    407.2041333316        3     1 0  1 1  0
   407.20413333156972     
    21   -49024.95196248        3     0 1  1 1  0
  -49024.951962480220     
    22    44.23485569979        3     2 0  0 0  1
   44.234855699793492     
    23   -1285.375677033        3     1 1  0 0  1
  -1285.3756770329960     
    24    28433.41018864        3     0 2  0 0  1
   28433.410188642341     
    25   -417.0449941230        3     0 0  2 0  1
  -417.04499412303056     
    26   -8341.935633383        3     1 0  0 2  0
  -8341.9356333831565     
    27   -515796.4401120        3     0 1  0 2  0
  -515796.44011202594     
    28   -25344.64037947        3     0 0  1 1  1
  -25344.640379471301     
    29    47.61120681393        3     1 0  0 0  2
   47.611206813927062     
    30   -400.4778295246        3     0 1  0 0  2
  -400.47782952459420     
    31   -519498.7959208        3     0 0  0 2  1
  -519498.79592081613     
    32    46.50706770153        3     0 0  0 0  3
   46.507067701534567     
    33    21.34550049675        4     4 0  0 0  0
   21.345500496747427     
    34   -1664.083825856        4     3 1  0 0  0
  -1664.0838258557048     
    35    50054.69767478        4     2 2  0 0  0
   50054.697674782197     
    36   -670729.2333593        4     1 3  0 0  0
  -670729.23335928877     
    37    1495418.891676        4     0 4  0 0  0
   1495418.8916758155     
    38   -158.4871796599        4     2 0  2 0  0
  -158.48717965993319     
    39   -3976.289765652        4     1 1  2 0  0
  -3976.2897656515597     
    40    702838.5487933        4     0 2  2 0  0
   702838.54879325721     
    41   -1674.197522640        4     0 0  4 0  0
  -1674.1975226400089     
    42   -40575.12877373        4     2 0  1 1  0
  -40575.128773732045     
    43    935414.9515975        4     1 1  1 1  0
   935414.95159746578     
    44    27911342.28029        4     0 2  1 1  0
   27911342.280288044     
    45   -158674.4066563        4     0 0  3 1  0
  -158674.40665634847     
    46   -93.70310355714        4     3 0  0 0  1
  -93.703103557144814     
    47    12222.47490668        4     2 1  0 0  1
   12222.474906683497     
    48   -256766.1495058        4     1 2  0 0  1
  -256766.14950579903     
    49    814350.3461874        4     0 3  0 0  1
   814350.34618736454     
    50    920.1216031429        4     1 0  2 0  1
   920.12160314287780     
    51   -32407.14041693        4     0 1  2 0  1
  -32407.140416926995     
    52   -1441057.876202        4     2 0  0 2  0
  -1441057.8762019305     
    53    39548829.70663        4     1 1  0 2  0
   39548829.706632569     
    54    135526764.9536        4     0 2  0 2  0
   135526764.95358962     
    55   -4926527.373888        4     0 0  2 2  0
  -4926527.3738877205     
    56   -36796.38718107        4     1 0  1 1  1
  -36796.387181066988     
    57   -1152949.348163        4     0 1  1 1  1
  -1152949.3481626390     
    58   -711.0572033787        4     2 0  0 0  2
  -711.05720337869445     
    59    22901.64234376        4     1 1  0 0  2
   22901.642343756859     
    60   -464610.2299857        4     0 2  0 0  2
  -464610.22998573736     
    61    12836.58987065        4     0 0  2 0  2
   12836.589870647831     
    62   -33785519.72623        4     0 0  1 3  0
  -33785519.726234995     
    63   -1968046.367455        4     1 0  0 2  1
  -1968046.3674548827     
    64   -8861134.410366        4     0 1  0 2  1
  -8861134.4103664253     
    65    890979.9209277        4     0 0  1 1  2
   890979.92092774413     
    66    107.9499145740        4     1 0  0 0  3
   107.94991457397514     
    67    7159.012936395        4     0 1  0 0  3
   7159.0129363947899     
    68    657241440.2717        4     0 0  0 4  0
   657241440.27170861     
    69    13484729.64012        4     0 0  0 2  2
   13484729.640115878     
    70    1195.945952925        4     0 0  0 0  4
   1195.9459529248968     
                                      
