# Waketime [ns]         DipolX [V/pC/mm]                DipolY [V/pC/mm]                QuadX [V/pC/mm]         QuadY [V/pC/mm]
0.00000000000000        0.00000000000000        0.00000000000000        0.00000000000000        0.00000000000000
0.0100000000000000	22.1699059905733	36.4811651586492	-13.9822272725000	13.2911249883553
0.0200000000000000	17.9812753970939	31.2246015525484	-10.6990633485657	11.0342450413832

0.0300000000000000	16.8882236508994	31.2417508087841	-10.1235468826789	11.1656501081420

0.0400000000000000	16.1481424860880	31.7678330307747	-9.95364996535481	11.5564627838010

0.0500000000000000	15.4648932260399	32.2058088038588	-9.90899573484493	11.9674609276460

0.0600000000000000	14.7958142074410	32.4213459572194	-9.90255943081107	12.2774306598485

0.0700000000000000	14.1607320310875	32.3209867034518	-9.86614161431882	12.4525862985263

0.0800000000000000	13.5373267910507	31.8931510224956	-9.76863804031622	12.3976431739665

0.0900000000000000	13.0443728080767	31.2700769859633	-9.67010379771648	12.2419165771394

0.100000000000000	12.6209541742379	30.4248083516030	-9.52876457683915	11.9345916773665

0.110000000000000	12.2797816570452	29.3982957927523	-9.34994257792441	11.5124956664584

0.120000000000000	12.0099060470842	28.2285340352662	-9.13870264288087	11.0302225346038

0.130000000000000	11.7320282817358	26.8939016060522	-8.87650088264310	10.4592527375915

0.140000000000000	11.4871022025803	25.4816465168281	-8.60340682203191	9.89369368358766

0.150000000000000	11.2229186715984	23.9817544558960	-8.30950148983217	9.32471676773814

0.160000000000000	10.9196152514773	22.3969834656280	-7.99595737141981	8.77454090228545

0.170000000000000	10.5939662157714	20.7863371636597	-7.68352906139241	8.25547609987294

0.180000000000000	10.2213740959260	19.1272487893172	-7.36277810951878	7.78285799329265

0.190000000000000	9.82756790004287	17.4805404783467	-7.04907099584647	7.34592452094062

0.200000000000000	9.40478320982542	15.8496880080628	-6.73895259751429	6.94850530217342

0.210000000000000	8.97887964384324	14.2832937736055	-6.44249073081480	6.59082259876409

0.220000000000000	8.54191721459720	12.7898655446602	-6.15237081637278	6.24853670694229

0.230000000000000	8.11820949823134	11.4150038825979	-5.88138770532976	5.94113822216835

0.240000000000000	7.69444198398020	10.1669535411335	-5.62097287964672	5.63581675123521

0.250000000000000	7.28308960215946	9.07190207622574	-5.37882749352335	5.34025949999188

0.260000000000000	6.88324648303918	8.13752028648858	-5.15282369042937	5.04460255575770

0.270000000000000	6.48423569926451	7.35319649022478	-4.93903346285873	4.74028228289852

0.280000000000000	6.10540468255556	6.73871890194780	-4.74949171184776	4.44016992266012

0.290000000000000	5.72692633172985	6.25469656426915	-4.57062402211195	4.13127821046551

0.300000000000000	5.36029927752562	5.89410737328523	-4.40852542894864	3.82366651969958

0.310000000000000	5.00664840789305	5.63435126048171	-4.26209775256703	3.52063948487476

0.320000000000000	4.65875154169659	5.43967919275062	-4.12531381907583	3.22420896405330

0.330000000000000	4.33884816056509	5.31023938090665	-4.00780954977549	2.94586523001626

0.340000000000000	4.02609751573480	5.19946071909193	-3.89681830101467	2.68289121740097

0.350000000000000	3.73281533979387	5.10483083250369	-3.79777317148152	2.44303973905136

0.360000000000000	3.45634874899394	5.00947717285639	-3.70742582721452	2.22653068043223

0.370000000000000	3.19049998478668	4.90249769295895	-3.62303474720104	2.03489888002525

0.380000000000000	2.94742969815613	4.78957752119360	-3.54721867927592	1.86769453293673

0.390000000000000	2.71384459017370	4.66113351344611	-3.47446119993305	1.72328074537799

0.400000000000000	2.49639842121579	4.52324328950301	-3.40633308629822	1.59952459790268

0.410000000000000	2.29727082382649	4.37932944690836	-3.34263115415114	1.49418321208429

0.420000000000000	2.11059946086213	4.22625148244502	-3.28126972524929	1.40408051101103

0.430000000000000	1.94808746862814	4.07033290649877	-3.22469129217339	1.32641717204547

0.440000000000000	1.79917704490225	3.90592640567122	-3.17111205038854	1.26028330676443

0.450000000000000	1.66834923415908	3.73423354027720	-3.12238785638299	1.20502972514116

0.460000000000000	1.55349476107784	3.55312720561224	-3.07890761266824	1.16141904720937

0.470000000000000	1.44769599783827	3.35886608426337	-3.04117704803197	1.13242165203184

0.480000000000000	1.35750415563074	3.15391738158091	-3.01121979430617	1.12060829840806

0.490000000000000	1.27091970235369	2.93437107885201	-2.98915441983070	1.13126253306363

0.500000000000000	1.18867864051482	2.69976311113812	-2.97537550998573	1.16706766882231

0.510000000000000	1.10888875836624	2.45189614398289	-2.97056277218733	1.23104759202204

0.520000000000000	1.02706927572619	2.19128429444960	-2.97493663629154	1.32561301576468

0.530000000000000	0.948640319925514	1.92225254700668	-2.98744478288346	1.44828003390575

0.540000000000000	0.865809701742332	1.64251196828876	-3.00613871939248	1.59645855017402

0.550000000000000	0.783634902710225	1.35783233155057	-3.03022029283991	1.76540280374809

0.560000000000000	0.701786261714442	1.06785833777692	-3.05674798753244	1.94775374670308

0.570000000000000	0.619299967299544	0.773042952223373	-3.08415880884003	2.13721507262021

0.580000000000000	0.542131614769723	0.476917861620226	-3.11003265103097	2.32546274737587

0.590000000000000	0.467652444923081	0.177439510079227	-3.13315279162472	2.50703873553632

0.600000000000000	0.399387798338468	-0.124894360817992	-3.15082278564691	2.67480566868802

0.610000000000000	0.337696547479547	-0.430160761526344	-3.16103931557301	2.82359245611875

0.620000000000000	0.283421409774959	-0.737141801947261	-3.16364117886891	2.95125116379144

0.630000000000000	0.239959056138148	-1.04052428398771	-3.15670941874503	3.05388411792996

0.640000000000000	0.206922867866778	-1.33732995744987	-3.14111669677079	3.13315478362589

0.650000000000000	0.185880882923977	-1.62036923973797	-3.11607197772874	3.18868754979259

0.660000000000000	0.176863745948183	-1.88234024023899	-3.08173873260918	3.22229310111856

0.670000000000000	0.179267695442431	-2.11644456471442	-3.03870198175195	3.23704826926832

0.680000000000000	0.193086582672487	-2.31262844221856	-2.98628470636035	3.23366594706356

0.690000000000000	0.216920255890101	-2.46316267520848	-2.92647584417414	3.21657907699618

0.700000000000000	0.248646808096492	-2.55987001416465	-2.85885326594060	3.18618772379764

0.710000000000000	0.287191585221059	-2.59336562459476	-2.78457286510859	3.14394040940411

0.720000000000000	0.332067012768769	-2.55623211333795	-2.70509626263969	3.09019704207694

0.730000000000000	0.380832113538461	-2.43938096080397	-2.62055628059625	3.02384886356812

0.740000000000000	0.432692552478463	-2.23895943078924	-2.53259968554507	2.94444304136234

0.750000000000000	0.485972285151726	-1.95141183935111	-2.44186503122737	2.85156176166159

0.760000000000000	0.539788030569540	-1.57710244201797	-2.35000436693617	2.74671545042263

0.770000000000000	0.593909159464309	-1.12224658205629	-2.25847738626712	2.63241158449730

0.780000000000000	0.646412731056647	-0.596052918087066	-2.16883869561245	2.51322361716657

0.790000000000000	0.698562650284838	-0.0168241884937156	-2.08226501804004	2.39429612847658

0.800000000000000	0.750360818467355	0.594702250779705	-1.99986705682250	2.28167756633550

0.810000000000000	0.802008442172199	1.21381063907761	-1.92236653532415	2.18112225150897

0.820000000000000	0.854669772958666	1.81412206985957	-1.84990485267101	2.09724818086361

0.830000000000000	0.907821177526954	2.37415247875672	-1.78314940477749	2.03433261193034

0.840000000000000	0.962285957717058	2.87250210989601	-1.72090911261642	1.99304948861151

0.850000000000000	1.01717805903698	3.29879042981929	-1.66329641975491	1.97358478631503

0.860000000000000	1.07229559955569	3.64979360134469	-1.61014538089229	1.97432541872147

0.870000000000000	1.12732470323874	3.92886130753173	-1.56080841536783	1.99122770282623

0.880000000000000	1.18012207761382	4.14734599492985	-1.51603183756281	2.02113811559439

0.890000000000000	1.23066759943541	4.31644424167688	-1.47439243786265	2.05731364980365

0.900000000000000	1.27780598351774	4.45035602326976	-1.43649027894605	2.09505524826712

0.910000000000000	1.32091129865429	4.55939883129142	-1.40209860872921	2.12868931738357

0.920000000000000	1.35977592349497	4.64879997790816	-1.37017886035549	2.15178320143853

0.930000000000000	1.39406418300977	4.72300283245001	-1.34234641067239	2.16127719074574

0.940000000000000	1.42447802529476	4.77753990119953	-1.31682308887388	2.15047376224249

0.950000000000000	1.45105312812033	4.80836018357624	-1.29439596312237	2.11578881171706

0.960000000000000	1.47391536000224	4.80858872713127	-1.27484645261154	2.05311616280923

0.970000000000000	1.49430734638719	4.77116119297686	-1.25743530995723	1.95846987805617

0.980000000000000	1.51176453824318	4.69110666288697	-1.24344376520694	1.83064068671837

0.990000000000000	1.52776052924413	4.56346853613924	-1.23072488928694	1.66730528834400

1	1.54169926808805	4.38795335914669	-1.21924224664646	1.47000956221404

1.01000000000000	1.55448913599022	4.16898952991087	-1.20861223933978	1.24231349116337

1.02000000000000	1.56595197829749	3.91261463658111	-1.19723443317917	0.989402174359112

1.03000000000000	1.57543057154177	3.63223051661501	-1.18621604172258	0.721305903772023

1.04000000000000	1.58249683428472	3.33947069298457	-1.17307896788906	0.446162301731495

1.05000000000000	1.58673585523625	3.04979566859652	-1.15827295473945	0.175989675660401

1.06000000000000	1.58831468107812	2.77715778274303	-1.14188551519278	-0.0777762354238236

1.07000000000000	1.58781820497338	2.53275358308725	-1.12329564664642	-0.305747803745499

1.08000000000000	1.58516807392194	2.32613484811554	-1.10410113489013	-0.498405296388852

1.09000000000000	1.58223688094032	2.16107386315654	-1.08343308712584	-0.652442117855653

1.10000000000000	1.57914495332110	2.03841280648309	-1.06190339152253	-0.766167489473314

1.11000000000000	1.57691937212702	1.95575341995361	-1.03944854464882	-0.842528509427295

1.12000000000000	1.57605949211094	1.90699170333047	-1.01522821128951	-0.888620298138208

1.13000000000000	1.57706009705582	1.88521528859889	-0.990327714417626	-0.911426882533266

1.14000000000000	1.58068388085779	1.88104291628398	-0.963459876394056	-0.922923204500600

1.15000000000000	1.58702099838002	1.88565716645607	-0.935428940633115	-0.932732410656657

1.16000000000000	1.59615359035988	1.88993778512337	-0.906566644037824	-0.950964065743089

1.17000000000000	1.60864970559650	1.88639590264419	-0.877940971641539	-0.986002337168765

1.18000000000000	1.62384547185686	1.86751616432038	-0.851752749873937	-1.04217026082740

1.19000000000000	1.64186419914811	1.82829967253453	-0.829170983550941	-1.12342998464781

1.20000000000000	1.66185173944487	1.76465768788872	-0.812909801124165	-1.22809294729633

1.21000000000000	1.68351743106955	1.67586741260879	-0.805263518279930	-1.35192834006298

1.22000000000000	1.70567731486736	1.56221745749481	-0.808028265061218	-1.48789796741324

1.23000000000000	1.72737461902728	1.42622523356389	-0.823250779816635	-1.62506602419041

1.24000000000000	1.74712149190837	1.27204147669328	-0.851371082254281	-1.75242132647245

1.25000000000000	1.76420369854458	1.10553546784459	-0.893234813319646	-1.85654532400366

1.26000000000000	1.77748313660252	0.932106976076201	-0.948489001500330	-1.92483442039412

1.27000000000000	1.78629634471831	0.758082960918180	-1.01615406753488	-1.94621300964451

1.28000000000000	1.78989720853477	0.587690328449720	-1.09537964659745	-1.91072775745754

1.29000000000000	1.78798535890257	0.425817860747529	-1.18401593820212	-1.81311211555697

1.30000000000000	1.78031295453806	0.274699798650018	-1.28003928493886	-1.65081359098254

1.31000000000000	1.76765760859607	0.137793933846460	-1.38128804991292	-1.42524857261036

1.32000000000000	1.74982216005085	0.0157345153636931	-1.48515899051877	-1.14164851631723

1.33000000000000	1.72818987256006	-0.0894921722471520	-1.58955557861078	-0.807742286319326

1.34000000000000	1.70337393411363	-0.175850198197776	-1.69186000900784	-0.434318974585950

1.35000000000000	1.67677052203090	-0.240387205297007	-1.79031077956531	-0.0325602556863485

1.36000000000000	1.64954251264797	-0.280213783079744	-1.88314513972502	0.385307963859976

1.37000000000000	1.62242506897341	-0.292270888496083	-1.96887417319323	0.807518251338298

1.38000000000000	1.59557290778028	-0.276818354098248	-2.04629400073042	1.22288763783241

1.39000000000000	1.56854651901798	-0.235312645836391	-2.11393375974175	1.62092427856451

1.40000000000000	1.54111231358725	-0.172719226786713	-2.17111362264023	1.99281777652192

1.41000000000000	1.51204360822392	-0.0984899224577509	-2.21671324792097	2.33051044350737

1.42000000000000	1.48056347619589	-0.0229395489583666	-2.24988209763679	2.62765322311745

1.43000000000000	1.44562785536265	0.0398970995729301	-2.26972644514207	2.87915483768470

1.44000000000000	1.40664087793274	0.0803593790918309	-2.27560643606280	3.08144270750631

1.45000000000000	1.36345389538548	0.0892651361418327	-2.26703401865733	3.23321725472373

1.46000000000000	1.31620557210784	0.0619424021411272	-2.24357980595606	3.33479579268706

1.47000000000000	1.26583057288696	-0.000240956258436120	-2.20575354335749	3.38891969978104

1.48000000000000	1.21350418418552	-0.0945601115530195	-2.15416207443851	3.40065045918504

1.49000000000000	1.16086171626613	-0.211335098597350	-2.09018925565828	3.37631934671864

1.50000000000000	1.10958624677225	-0.341568655724483	-2.01558359438179	3.32317061910943

1.51000000000000	1.06147955382386	-0.474461397753773	-1.93248669695323	3.24850753198980

1.52000000000000	1.01816438581194	-0.599239829582822	-1.84360082923015	3.15864948305166

1.53000000000000	0.981112544480851	-0.707772943659324	-1.75132812171109	3.05812508597808

1.54000000000000	0.951031159104980	-0.791548999666159	-1.65850459047404	2.94939465377694

1.55000000000000	0.928589975238007	-0.845282968078428	-1.56750934168258	2.83270741206553

1.56000000000000	0.913450004300772	-0.864664987239495	-1.48083578101161	2.70653646963175

1.57000000000000	0.905459642881484	-0.846916029271883	-1.40082800314875	2.56834004971304

1.58000000000000	0.904182929108392	-0.792345913064624	-1.32905389046955	2.41491500298659

1.59000000000000	0.908889223026089	-0.701512859008338	-1.26738846366702	2.24385146838898

1.60000000000000	0.918725750254491	-0.578102677512139	-1.21700492339542	2.05434197701744

1.61000000000000	0.933136812793312	-0.427527000769165	-1.17899053816158	1.84733352322814

1.62000000000000	0.951382897853526	-0.256972892631444	-1.15413805293714	1.62541246072754

1.63000000000000	0.972729131264220	-0.0750159148921015	-1.14232090074159	1.39272624479910

1.64000000000000	0.996194833552852	0.109055258095033	-1.14343949717371	1.15375684842971

1.65000000000000	1.02029966646795	0.286320946427559	-1.15659821340186	0.913112617020487

1.66000000000000	1.04362979590749	0.448989317339773	-1.18040814702196	0.674704366196996

1.67000000000000	1.06469307444474	0.591660311625376	-1.21340614400038	0.441740400549214

1.68000000000000	1.08206452629735	0.711308255556139	-1.25349454497049	0.216449833437085

1.69000000000000	1.09454216494947	0.808095112849717	-1.29931419082349	0.000772867062873828

1.70000000000000	1.10165862070228	0.884632266140453	-1.34887819250223	-0.204214392806654

1.71000000000000	1.10334014860773	0.945006872097980	-1.40080907143651	-0.397344760289244

1.72000000000000	1.10017653954680	0.994968081580469	-1.45395370829375	-0.577237825438055

1.73000000000000	1.09288005913527	1.03938978875945	-1.50696504728805	-0.742414895493182

1.74000000000000	1.08235040811270	1.08416597097527	-1.55960069114547	-0.889885373828657

1.75000000000000	1.06906518452315	1.13384192753734	-1.61157562141048	-1.01644447443123

1.76000000000000	1.05419809203186	1.19316650849813	-1.66308153091341	-1.11800667631037

1.77000000000000	1.03820780710925	1.26590566005454	-1.71450127140117	-1.19054050661294

1.78000000000000	1.02135845957071	1.35545806506661	-1.76586304581442	-1.23100785768587

1.79000000000000	1.00390577485176	1.46438454731951	-1.81781391432868	-1.23642731862776

1.80000000000000	0.986103155087033	1.59445580495351	-1.87011694988549	-1.20596298511609

1.81000000000000	0.967764652166435	1.74563733749729	-1.92269287416649	-1.13996577794632

1.82000000000000	0.949065936177627	1.91729363770957	-1.97536023464403	-1.04011043222112

1.83000000000000	0.929948280080784	2.10652056791344	-2.02713599011830	-0.909967214539134

1.84000000000000	0.910558927223897	2.30966968859940	-2.07752453246928	-0.753825130813654

1.85000000000000	0.891137058431937	2.52108583390906	-2.12544104418127	-0.577061858299823

1.86000000000000	0.872023769893987	2.73474387274597	-2.16983680351320	-0.385346002588788

1.87000000000000	0.853250378179953	2.94302273892950	-2.20979926452036	-0.184127616017761

1.88000000000000	0.834894224137221	3.13892910357178	-2.24384001761876	0.0210126646141422

1.89000000000000	0.816644760345110	3.31458210946292	-2.27143374261178	0.225878227188882

1.90000000000000	0.797629453033900	3.46330960204071	-2.29151676091818	0.426440090975907

1.91000000000000	0.777326363927083	3.57986912614451	-2.30346259873500	0.619709805002933

1.92000000000000	0.755106844950181	3.65976710598636	-2.30706856700200	0.803749165223825

1.93000000000000	0.731201771501844	3.70276834126420	-2.30196609047660	0.977060108811897

1.94000000000000	0.706157841300324	3.70929889646646	-2.28889323832376	1.13963798806142

1.95000000000000	0.681569621995037	3.68338260014363	-2.26845119762563	1.29187588825150

1.96000000000000	0.659390486066323	3.63013619484169	-2.24179087302623	1.43484007329005

1.97000000000000	0.642148486519337	3.55565582796145	-2.21050426440615	1.57003079271867

1.98000000000000	0.632086486243787	3.46720310989960	-2.17563138518852	1.69829981404150

1.99000000000000	0.631119491753452	3.37027019261767	-2.13900265559857	1.82059125264496

2	0.640695945859614	3.27043755126982	-2.10159069476789	1.93682096693142

2.01000000000000	0.661156309016189	3.17091250016111	-2.06443676835456	2.04637323932697

2.02000000000000	0.691764074361230	3.07357217119280	-2.02847966899807	2.14836778440067

2.03000000000000	0.730918911284935	2.97796378206066	-1.99401165069403	2.24122039757611

2.04000000000000	0.776787589051307	2.88168407605729	-1.96176827439129	2.32388081979337

2.05000000000000	0.826544645385956	2.78111905897445	-1.93173318109112	2.39491555660797

2.06000000000000	0.877507294517957	2.67256581751093	-1.90394789796659	2.45351845286103

2.07000000000000	0.927425301722171	2.55264311858111	-1.87849645493974	2.49932516039283

2.08000000000000	0.974299960313430	2.41925366456392	-1.85472558170843	2.53175488882639

2.09000000000000	1.01694919272556	2.27176333502978	-1.83255882108739	2.55145940459280

2.10000000000000	1.05450858252358	2.11156399593697	-1.81170491997989	2.55886442426086

2.11000000000000	1.08629392368615	1.94133257542996	-1.79184370740371	2.55454332757221

2.12000000000000	1.11275273401578	1.76525366990934	-1.77301813541466	2.53928883820799

2.13000000000000	1.13359323947709	1.58756940720696	-1.75513204541303	2.51318604253724

2.14000000000000	1.14855430662750	1.41249740281474	-1.73872020085702	2.47656806552576

2.15000000000000	1.15732618272022	1.24340111914188	-1.72416711602667	2.42909957782609

2.16000000000000	1.16000931740088	1.08326682092801	-1.71187671964119	2.36996271759974

2.17000000000000	1.15678355332355	0.933894244367694	-1.70231056406690	2.29836066386897

2.18000000000000	1.14826903453749	0.796718414964854	-1.69550996858198	2.21327650637394

2.19000000000000	1.13575789215684	0.672052397486483	-1.69148794020872	2.11422671314981

2.20000000000000	1.12087008474947	0.559754913430366	-1.68985280228659	2.00129309103785

2.21000000000000	1.10555830933049	0.459488050537904	-1.69000596115837	1.87556411005179

2.22000000000000	1.09242435040627	0.369767546974559	-1.69131388444140	1.73932948492078

2.23000000000000	1.08329824651742	0.290405109509733	-1.69292851304083	1.59563647668562

2.24000000000000	1.07940386325615	0.220052360841908	-1.69423720167896	1.44860350576831

2.25000000000000	1.08174815894086	0.159227726057595	-1.69446711837479	1.30216932077858

2.26000000000000	1.08985030864027	0.107998717406274	-1.69292318020024	1.15993602302735

2.27000000000000	1.10282068216423	0.0669172490451095	-1.68899701340815	1.02484329950069

2.28000000000000	1.11919011699735	0.0364572456606742	-1.68190865979517	0.898702034730120

2.29000000000000	1.13746470190871	0.0169187818182529	-1.67121076118620	0.782803171442680

2.30000000000000	1.15614587127317	0.00727269652459184	-1.65653039879325	0.677758362440519

2.31000000000000	1.17467237704212	0.00646629292998557	-1.63751047999138	0.583932731745375

2.32000000000000	1.19233533457308	0.0117859708049258	-1.61413258437676	0.501740348549303

2.33000000000000	1.20885879412038	0.0214243088494842	-1.58648453314515	0.431635870493011

2.34000000000000	1.22392988537729	0.0327154720081334	-1.55502985096031	0.374447080074594

2.35000000000000	1.23760706918783	0.0452976531719554	-1.52015460174084	0.330663988047671

2.36000000000000	1.24952883676554	0.0592925057183371	-1.48258510189818	0.300565978923698

2.37000000000000	1.25956964030183	0.0776271720853162	-1.44306440502180	0.283815137152409

2.38000000000000	1.26755021650624	0.103802136947837	-1.40225712225473	0.278958793213902

2.39000000000000	1.27343453422461	0.142701882868102	-1.36081939370230	0.283724459616566

2.40000000000000	1.27718746895615	0.198991224700227	-1.31936512699863	0.295031829463201

2.41000000000000	1.27956429153225	0.276694807595327	-1.27838105046511	0.309374936184821

2.42000000000000	1.28126954374624	0.377535993477864	-1.23821835024594	0.323364731700799

2.43000000000000	1.28340277531967	0.500647176791928	-1.19937619793322	0.334203527717151

2.44000000000000	1.28712721829789	0.642412618373220	-1.16226027957308	0.340254923488081

2.45000000000000	1.29342028724452	0.796441691411549	-1.12750784703709	0.341121726669701

2.46000000000000	1.30386643309899	0.955316292106230	-1.09571280757258	0.337534354003995

2.47000000000000	1.31945823274012	1.11120757234067	-1.06770793536564	0.331351703177562

2.48000000000000	1.34108143427804	1.25711071053132	-1.04460333388882	0.324808018473742

2.49000000000000	1.36891375180749	1.38828305215007	-1.02741152229535	0.320097257222734

2.50000000000000	1.40323036166254	1.50253003206458	-1.01696724785543	0.318472940317900

2.51000000000000	1.44385548695085	1.60096607205218	-1.01413122170767	0.320224307296796

2.52000000000000	1.48967222365752	1.68582004334411	-1.01941330534974	0.324636314192536

2.53000000000000	1.53980968961298	1.76211644399871	-1.03347654085512	0.330080789021788

2.54000000000000	1.59261007535308	1.83386634379563	-1.05617064009872	0.334297388050666

2.55000000000000	1.64703487839696	1.90607756904779	-1.08730879997946	0.334951479011970

2.56000000000000	1.70095657234342	1.98069539013055	-1.12642020410666	0.330172454403705

2.57000000000000	1.75250653666161	2.05857502250291	-1.17276706756680	0.319012994105138

2.58000000000000	1.80043397341921	2.13821095149575	-1.22549089010924	0.301657356989591

2.59000000000000	1.84341945674411	2.21624525406371	-1.28347666530582	0.279549221749050

2.60000000000000	1.88049569430876	2.28797534151378	-1.34575647540348	0.255503758472727

2.61000000000000	1.91118623853744	2.34840286915464	-1.41127695806234	0.233103714799267

2.62000000000000	1.93500429546390	2.39175900084114	-1.47856598286871	0.216089431787288

2.63000000000000	1.95269851368704	2.41541507542418	-1.54634715476197	0.208342153800798

2.64000000000000	1.96427777522701	2.41675909787333	-1.61283170794603	0.212873568852191

2.65000000000000	1.97084355724251	2.39754538793242	-1.67627739489342	0.232119549878319

2.66000000000000	1.97315434675758	2.36024954682840	-1.73485754906090	0.267444116622274

2.67000000000000	1.97242773135200	2.31094582832774	-1.78669472907368	0.319127981306936

2.68000000000000	1.96974966891896	2.25632489789549	-1.83029829830480	0.386834207921075

2.69000000000000	1.96532979455982	2.20406944001268	-1.86403708595465	0.468922133050101

2.70000000000000	1.95994579078552	2.16126268397365	-1.88695839422576	0.563497941398896

2.71000000000000	1.95356320322949	2.13323999594134	-1.89832154271821	0.668249169164223

2.72000000000000	1.94594021581165	2.12347871500549	-1.89767721551924	0.780709900980169

2.73000000000000	1.93647395029877	2.13221320320779	-1.88499199209265	0.898384091815941

2.74000000000000	1.92458451070997	2.15729588373591	-1.86040625473107	1.01925414608536

2.75000000000000	1.90979147836278	2.19486067584456	-1.82455364971830	1.14142479905846

2.76000000000000	1.89146485984450	2.23945701857955	-1.77797842362916	1.26331158496816

2.77000000000000	1.86906547346287	2.28573594380182	-1.72148900163872	1.38357724094708

2.78000000000000	1.84254519217288	2.32894233216111	-1.65629847187839	1.50123461925326

2.79000000000000	1.81131745998030	2.36591998289470	-1.58355072657232	1.61531849131722

2.80000000000000	1.77547566474756	2.39478757159876	-1.50471536228157	1.72499537659918

2.81000000000000	1.73514876923510	2.41532801639331	-1.42116390557432	1.82920878311861

2.82000000000000	1.69070941500905	2.42842521928378	-1.33446540248744	1.92674866680493

2.83000000000000	1.64303578053260	2.43565318231528	-1.24621609948909	2.01620542635258

2.84000000000000	1.59301553364560	2.43853759660678	-1.15776188081085	2.09568002245589

2.85000000000000	1.54204821321460	2.43829638296673	-1.07048694762240	2.16324516188367

2.86000000000000	1.49146929652116	2.43487464939915	-0.985698737817011	2.21682827682082

2.87000000000000	1.44308947712691	2.42733246186848	-0.904659516058736	2.25463790860555

2.88000000000000	1.39790591463935	2.41338649308674	-0.828571478077240	2.27510202868479

2.89000000000000	1.35696918255869	2.38993504892812	-0.758420725208277	2.27671284229573

2.90000000000000	1.32105866653218	2.35364357637594	-0.695318067548656	2.25883853137322

2.91000000000000	1.29040812391551	2.30150191240145	-0.640155607146421	2.22099349389032

2.92000000000000	1.26496685208112	2.23148041726034	-0.593706465297480	2.16292562253362

2.93000000000000	1.24447805703753	2.14287131677821	-0.556737715172623	2.08496162943453

2.94000000000000	1.22826514446146	2.03666967604255	-0.529505237348710	1.98723225000613

2.95000000000000	1.21573809046656	1.91577830611537	-0.512279690583497	1.87007281239638

2.96000000000000	1.20627728041079	1.78428897515652	-0.505025088909191	1.73405340408156

2.97000000000000	1.19880999037317	1.64755265148870	-0.507495694745051	1.57994964019688

2.98000000000000	1.19241128756772	1.51107753080189	-0.519238881196537	1.40869498050288

2.99000000000000	1.18609255165038	1.38036239801947	-0.539489373023625	1.22197248902948

3	1.17864917582515	1.25948060663910	-0.567426928747199	1.02203492417914

3.01000000000000	1.16882134682876	1.15051328827923	-0.602097637242647	0.811774167861110

3.02000000000000	1.15549626135993	1.05438084706069	-0.642287430128374	0.594737428727332

3.03000000000000	1.13716475554005	0.968877724719200	-0.686638507906250	0.374687457804523

3.04000000000000	1.11286943950388	0.891381756922470	-0.733747298878164	0.155771360335586

3.05000000000000	1.08187179646151	0.817749207813007	-0.782291956260938	-0.0578452406270635

3.06000000000000	1.04329919382679	0.743546971998429	-0.830835629967898	-0.262449060122519

3.07000000000000	0.996610742825355	0.665259741681301	-0.878223882609825	-0.454541348820456

3.08000000000000	0.941965950019687	0.580538577471402	-0.923558375322734	-0.631446204181279

3.09000000000000	0.880203694059573	0.489204829535450	-0.966256022442602	-0.791057832343929

3.10000000000000	0.812663339568269	0.393583728159482	-1.00599623053872	-0.932279116563627

3.11000000000000	0.741044231651763	0.297080654824655	-1.04280501043116	-1.05480116615708

3.12000000000000	0.668116935249980	0.205880036455654	-1.07686022393547	-1.15901406185798

3.13000000000000	0.596446321840418	0.125193861129673	-1.10855473111377	-1.24570356835489

3.14000000000000	0.529089536482166	0.0617538643872024	-1.13810823241796	-1.31600513458517

3.15000000000000	0.468289903308801	0.0195568467023137	-1.16564640907388	-1.37067501641489

3.16000000000000	0.416741503756030	0.00247741386621103	-1.19123891193393	-1.41005066735607

3.17000000000000	0.376291117860889	0.0107382720146517	-1.21475018468822	-1.43373665090433

3.18000000000000	0.348494610161388	0.0433220272569893	-1.23581009861175	-1.44045358327722

3.19000000000000	0.333990800951967	0.0965043869449490	-1.25398240572794	-1.42858964065416

3.20000000000000	0.332801200983579	0.164993513474276	-1.26896305259246	-1.39572693276511

3.21000000000000	0.344506824281150	0.242839358188742	-1.28068083124089	-1.33943766022606

3.22000000000000	0.367502418150039	0.323383966330070	-1.28919172751763	-1.25785402018391

3.23000000000000	0.399862538428011	0.400942281743079	-1.29489983063454	-1.14968054608698

3.24000000000000	0.439581158439805	0.471043403034001	-1.29836692673734	-1.01500646294631

3.25000000000000	0.484164861540746	0.529810854406586	-1.30026239447963	-0.855095548431487

3.26000000000000	0.531831218224593	0.575253716435568	-1.30169297426492	-0.671916314596924

3.27000000000000	0.580554529135421	0.606055283834214	-1.30335667754137	-0.468750019882757

3.28000000000000	0.628904312962426	0.622120027724486	-1.30616253713297	-0.249038416630673

3.29000000000000	0.675893236301207	0.624234874984849	-1.31070934801077	-0.0165637715248511

3.30000000000000	0.720781233330141	0.613604410405126	-1.31746685216769	0.224767100315799

3.31000000000000	0.763075969890427	0.591903101896863	-1.32665188917719	0.471155758511177

3.32000000000000	0.802633842794849	0.561043127412933	-1.33810046998583	0.718554252589585

3.33000000000000	0.839335074886005	0.522715269529220	-1.35140262639951	0.962768622810617

3.34000000000000	0.873362614534882	0.478973353713859	-1.36570397791020	1.19947481821104

3.35000000000000	0.904950649956430	0.431494648397833	-1.38009219244114	1.42436662308634

3.36000000000000	0.934878417405257	0.382592174455138	-1.39345244053506	1.63357903525114

3.37000000000000	0.963946779681094	0.335332205292641	-1.40434821073538	1.82369235025972

3.38000000000000	0.992980757587687	0.292956131224142	-1.41164958433599	1.99262335183934

3.39000000000000	1.02283833866312	0.259206173029382	-1.41423933627741	2.13986951797342

3.40000000000000	1.05414645695380	0.238004550097140	-1.41123001584894	2.26639109829664

3.41000000000000	1.08683117729590	0.232278294319215	-1.40177423746827	2.37441040936580

3.42000000000000	1.12102109165359	0.245184414148103	-1.38536978741148	2.46746088580144

3.43000000000000	1.15580448564368	0.277419947933334	-1.36197802417689	2.54951415608909

3.44000000000000	1.19086239027937	0.329644818683516	-1.33142504698292	2.62398852711228

3.45000000000000	1.22472165528013	0.399417109763606	-1.29401595329849	2.69383376063065

3.46000000000000	1.25639993328345	0.483939213037941	-1.25031782164989	2.76039507371823

3.47000000000000	1.28429080327627	0.577653359852359	-1.20113028483447	2.82307665026202

3.48000000000000	1.30709628676197	0.675016649383476	-1.14739703780019	2.87928502383051

3.49000000000000	1.32319352948459	0.769139942505331	-1.09009752848975	2.92414505937720

3.50000000000000	1.33141142331606	0.853989708365831	-1.03037922327986	2.95123280415349

3.51000000000000	1.33091474900770	0.924272068933477	-0.969360369955573	2.95331236589780

3.52000000000000	1.32110011933601	0.975679940552701	-0.908139358715628	2.92296431230458

3.53000000000000	1.30204285311653	1.00648971724629	-0.847987357534751	2.85362294245824

3.54000000000000	1.27424410736809	1.01584226941721	-0.789849026819211	2.74043915210965

3.55000000000000	1.23859114435960	1.00457318681396	-0.734981926968743	2.58092024327894

3.56000000000000	1.19661225465520	0.975947505468942	-0.684484808918420	2.37508948557948

3.57000000000000	1.14996756786085	0.933198562466174	-0.639376825643948	2.12591723055099

3.58000000000000	1.10039973190922	0.881120933575325	-0.600619089020154	1.83869202074387

3.59000000000000	1.05025487361316	0.824535016454745	-0.568932476432578	1.52065368335512

3.60000000000000	1.00170146865029	0.768256756759805	-0.544965734239242	1.18092724860326

3.61000000000000	0.957066748269196	0.717221454827603	-0.529152771867393	0.829386150611999

3.62000000000000	0.918485108010349	0.675011706761287	-0.521723773167937	0.476228821765841

3.63000000000000	0.887998278216677	0.645572151352529	-0.522756250648256	0.131765873477996

3.64000000000000	0.866899783628496	0.630704920314743	-0.532048203580181	-0.194548249314706

3.65000000000000	0.856050423682561	0.632539252732928	-0.549474616825854	-0.493884083100598

3.66000000000000	0.855348178890771	0.651222686574986	-0.574677700272130	-0.758999348815906

3.67000000000000	0.864322979733772	0.686662593204116	-0.607184950298856	-0.983841709285929

3.68000000000000	0.881660563102748	0.737701926714295	-0.646520202608797	-1.16393400542475

3.69000000000000	0.905665958366539	0.802334783572322	-0.692117855511656	-1.29660624123185

3.70000000000000	0.934320119468858	0.877510654181036	-0.743322104521893	-1.38056714819366

3.71000000000000	0.965599872245596	0.959060685288599	-0.799278369305791	-1.41632695015692

3.72000000000000	0.997631674158884	1.04202874987481	-0.859042156390504	-1.40616667570543

3.73000000000000	1.02788034272291	1.12038166982531	-0.921548898941303	-1.35380558376352

3.74000000000000	1.05452362654255	1.18788630746129	-0.985535972779268	-1.26447138783233

3.75000000000000	1.07575479583041	1.23843143366412	-1.04963894126840	-1.14479581721732

3.76000000000000	1.09005881389287	1.26684230140390	-1.11252147292638	-1.00236448741668

3.77000000000000	1.09606156123049	1.26922779501917	-1.17274696662406	-0.845434589896753

3.78000000000000	1.09306256969293	1.24419460452371	-1.22932714521325	-0.682114236862939

3.79000000000000	1.08058571974789	1.19184764441941	-1.28116975979427	-0.520339004663355

3.80000000000000	1.05868054047027	1.11512952958922	-1.32761023334110	-0.366890688529452

3.81000000000000	1.02777353559035	1.01869438571395	-1.36820967845932	-0.227112606987017

3.82000000000000	0.988693456638468	0.908179023557176	-1.40275732579769	-0.104568452786288

3.83000000000000	0.942319635472304	0.790623821542051	-1.43124608644201	-0.000889271061707220

3.84000000000000	0.889998765246493	0.670961853679733	-1.45380891737923	0.0841219115903086

3.85000000000000	0.833681079289848	0.554559484940774	-1.47065315652903	0.152414809718596

3.86000000000000	0.775381894882856	0.444462948064284	-1.48206373899175	0.207167087759482

3.87000000000000	0.716814008960816	0.340978365143094	-1.48838391824913	0.252432826975514

3.88000000000000	0.659973188453639	0.244021767058693	-1.49001846714808	0.292629226204188

3.89000000000000	0.606616960688251	0.151687200638025	-1.48728381534869	0.331766956240957

3.90000000000000	0.558259553755534	0.0620973515740688	-1.48051962255553	0.373327656178085

3.91000000000000	0.516195755022315	-0.0258408738126272	-1.47013188831613	0.419784126407833

3.92000000000000	0.480753233513307	-0.113682415023902	-1.45640293756848	0.472556211327294

3.93000000000000	0.452632969424985	-0.200556255443597	-1.43959774376987	0.532121031902299

3.94000000000000	0.431378133206702	-0.286451941855648	-1.41984674055670	0.597842638623952

3.95000000000000	0.416166169743150	-0.368894081415786	-1.39748865330466	0.668732969784450

3.96000000000000	0.405433087958580	-0.446332254027499	-1.37268564005221	0.743322096766173

3.97000000000000	0.397959277930306	-0.515636031975543	-1.34563439987885	0.819823208348114

3.98000000000000	0.391885387591291	-0.574686944077964	-1.31661493196449	0.896553032773725

3.99000000000000	0.385709905284930	-0.621290082615930	-1.28595154913185	0.971700945879140

4	0.378194914886983	-0.653873277958356	-1.25398677535043	1.04357292831829

4.01000000000000	0.368666287686419	-0.671509175692311	-1.22098737514621	1.11039467693640

4.02000000000000	0.356843946059225	-0.673648015028564	-1.18721359787327	1.17027193789668

4.03000000000000	0.342808208714461	-0.659938781727741	-1.15290454918129	1.22139006375785

4.04000000000000	0.327056266732143	-0.630451714265222	-1.11815437867589	1.26174837574706

4.05000000000000	0.310370426782994	-0.584919552617281	-1.08293275441671	1.28942860203031

4.06000000000000	0.293649373539453	-0.523621707858046	-1.04712314485140	1.30284952999484

4.07000000000000	0.277604886958213	-0.446590708158305	-1.01063768421834	1.30087906693462

4.08000000000000	0.262943457991798	-0.353900287221137	-0.973371497700079	1.28332735147873

4.09000000000000	0.250185834823429	-0.245954985959733	-0.935248644789204	1.25098818653537

4.10000000000000	0.239550926167168	-0.122871189667434	-0.896319858750318	1.20575563081646

4.11000000000000	0.230988746727414	0.0146777297210654	-0.856646256204177	1.15074434664042

4.12000000000000	0.224096336715319	0.165428328468627	-0.816506367082100	1.09030511661115

4.13000000000000	0.218635508132434	0.327579086681805	-0.776228467478674	1.02956493635557

4.14000000000000	0.214275407858213	0.497748011044911	-0.736248934598333	0.974268218120143

4.15000000000000	0.210845369474453	0.671566064521299	-0.697141477896583	0.930330601753069

4.16000000000000	0.208339441142122	0.843447212591552	-0.659603544831778	0.903409560057540

4.17000000000000	0.206937982292061	1.00697436301793	-0.624422260896354	0.898280760744653

4.18000000000000	0.207066313806558	1.15601275586312	-0.592572381338729	0.918306619424574

4.19000000000000	0.208795683997683	1.28436892760837	-0.564981925352055	0.965342241489045

4.20000000000000	0.212533622999021	1.38771890065183	-0.542529173654774	1.03866383195554

4.21000000000000	0.218591350091754	1.46348012559908	-0.526000737781504	1.13527728806480

4.22000000000000	0.227001573588171	1.51124549643993	-0.516076072381610	1.25010125427527

4.23000000000000	0.237935715231217	1.53318959460865	-0.513102366774007	1.37594111464347

4.24000000000000	0.251618747298537	1.53340018467372	-0.517265506171598	1.50449101740881

4.25000000000000	0.268501787863958	1.51805526387602	-0.528620617207414	1.62698965738701

4.26000000000000	0.288809032420289	1.49416474388160	-0.547080883299158	1.73519923835090

4.27000000000000	0.313372290718951	1.46920435716014	-0.572281603476827	1.82173630996005

4.28000000000000	0.342498804290553	1.44991394614118	-0.603750441770329	1.88075009442267

4.29000000000000	0.376895831975166	1.44212794561576	-0.640971593246167	1.90829952857037

4.30000000000000	0.416528266295694	1.44949453547815	-0.683301870797425	1.90242241029398

4.31000000000000	0.461253869634371	1.47387807663390	-0.729885329959763	1.86261011679679

4.32000000000000	0.510467742042577	1.51482970380122	-0.779925134000812	1.79037685018253

4.33000000000000	0.563185420196665	1.56999364282242	-0.832494382067494	1.68840712483493

4.34000000000000	0.618225043029353	1.63578828760979	-0.886737843315212	1.56037687736685

4.35000000000000	0.674396778756065	1.70771406993474	-0.941727619304613	1.41067740092195

4.36000000000000	0.730411550635142	1.78094317515323	-0.996524110480372	1.24407475577106

4.37000000000000	0.785389608140535	1.85163061364558	-1.05016682774648	1.06548438119950

4.38000000000000	0.838249537293603	1.91604203750694	-1.10154791885549	0.879568764050136

4.39000000000000	0.888915733083898	1.97234027948859	-1.14965825850610	0.690862136682689

4.40000000000000	0.936924093036652	2.01914714957512	-1.19334643685008	0.503123243829306

4.41000000000000	0.981933424473228	2.05583451593461	-1.23146405955149	0.319368258549994

4.42000000000000	1.02378156295823	2.08265458086947	-1.26286286757713	0.141623580227841

4.43000000000000	1.06173932540961	2.09884352907718	-1.28650969310180	-0.0291463738543346

4.44000000000000	1.09547627362160	2.10478020580063	-1.30152900123604	-0.192976788102146

4.45000000000000	1.12390373326348	2.09830614705283	-1.30724539697958	-0.350809835999051

4.46000000000000	1.14663720011747	2.07858883326344	-1.30333542407347	-0.504220003505872

4.47000000000000	1.16286137466324	2.04297507603016	-1.28990338146015	-0.654917860998243

4.48000000000000	1.17253255408880	1.98944504821094	-1.26739560844241	-0.804489864778627

4.49000000000000	1.17595904661348	1.91650683237522	-1.23676374226596	-0.953756545290048

4.50000000000000	1.17377229013931	1.82336143168128	-1.19934814190455	-1.10257481063506

4.51000000000000	1.16713200531653	1.71064256777025	-1.15685189892902	-1.24935618361584

4.52000000000000	1.15739351978154	1.58051999352443	-1.11123528145916	-1.39109715346692

4.53000000000000	1.14590122717902	1.43603578570978	-1.06450838017418	-1.52343980064834

4.54000000000000	1.13451088820352	1.28259816781409	-1.01875930376959	-1.64055578773516

4.55000000000000	1.12428288741299	1.12523517755585	-0.975823399179956	-1.73613136992704

4.56000000000000	1.11652725628064	0.970332169889031	-0.937309677595397	-1.80328811573665

4.57000000000000	1.11182059627137	0.822829188681025	-0.904543230963632	-1.83537878758417

4.58000000000000	1.11089581743817	0.687023700289854	-0.878318203096762	-1.82692561689627

4.59000000000000	1.11355271820245	0.565617051101842	-0.859194138659543	-1.77346044924945

4.60000000000000	1.11944238646111	0.459438099760975	-0.847247420037558	-1.67276406058700

4.61000000000000	1.12800093075384	0.367870334266874	-0.842239723775220	-1.52478986994572

4.62000000000000	1.13839095662470	0.288886839280539	-0.843679594999729	-1.33146549872416

4.63000000000000	1.14996978880334	0.219565668842082	-0.850637256772469	-1.09749085269767

4.64000000000000	1.16203494135473	0.157275433645073	-0.862086353548063	-0.829502852868843

4.65000000000000	1.17401700070502	0.0995720863883446	-0.876588004065774	-0.535644219575686

4.66000000000000	1.18521066309683	0.0445099137688706	-0.892703093444369	-0.225431151567393

4.67000000000000	1.19499976469279	-0.00848008099703956	-0.908637884278409	0.0912487245664655

4.68000000000000	1.20263374787102	-0.0601386080159966	-0.922540595442509	0.404742693329446

4.69000000000000	1.20724240090391	-0.109757415857328	-0.932687036451837	0.706583494728053

4.70000000000000	1.20786645768027	-0.156750114831488	-0.937467474619464	0.990111725199493

4.71000000000000	1.20345546860527	-0.200643134665256	-0.935569616786065	1.25073902281842

4.72000000000000	1.19333469056903	-0.240345016455342	-0.926131397616154	1.48655586566663

4.73000000000000	1.17681689282103	-0.275833908525781	-0.908681714834881	1.69773263751564

4.74000000000000	1.15392838694948	-0.305624749322660	-0.883450739722503	1.88629706153944

4.75000000000000	1.12481209609618	-0.330035125477526	-0.850943116103442	2.05541978032900

4.76000000000000	1.09055231015711	-0.348025053343367	-0.812180656155210	2.20869096228134

4.77000000000000	1.05196245260444	-0.360089275507877	-0.768576345895088	2.34947723365599

4.78000000000000	1.01055296737797	-0.366036601369364	-0.721775917166289	2.48046048044889

4.79000000000000	0.967540677319473	-0.366639654394366	-0.673601030006867	2.60319521326576

4.80000000000000	0.924143456552672	-0.362975500539324	-0.625916346953222	2.71804816179448

4.81000000000000	0.881463937220283	-0.356224620408351	-0.580627498114218	2.82444215756888

4.82000000000000	0.840468063460047	-0.347292987795731	-0.539644626444324	2.92096753130259

4.83000000000000	0.801933244966061	-0.337328335558595	-0.504608560167117	3.00540381335114

4.84000000000000	0.766952813718427	-0.325656138128579	-0.477129419465419	3.07547282045085

4.85000000000000	0.735925070258609	-0.312989529736409	-0.458464670818423	3.12841611801052

4.86000000000000	0.710096674765765	-0.297444301899899	-0.449916964223557	3.16155420677708

4.87000000000000	0.689755361750626	-0.278941477184032	-0.452223039665974	3.17202358131753

4.88000000000000	0.675662839447235	-0.256066477295983	-0.465838653822632	3.15671525084271

4.89000000000000	0.667744266882456	-0.228696510478971	-0.491007299997654	3.11256933886444

4.90000000000000	0.665976314641109	-0.196770213098502	-0.527638203743486	3.03676972500804

4.91000000000000	0.669926229325048	-0.160927767835824	-0.575242819004282	2.92665118129139

4.92000000000000	0.678927083378078	-0.122474076101269	-0.633116654713031	2.78012584226441

4.93000000000000	0.692374767228553	-0.0826333730574074	-0.700176462504325	2.59612316442125

4.94000000000000	0.709299168553723	-0.0429779844817470	-0.775230084130860	2.37460492768768

4.95000000000000	0.729018969892048	-0.00403674390599397	-0.856557280306626	2.11678580092019

4.96000000000000	0.750747911780305	0.0337601893901324	-0.942505462689561	1.82574224248537

4.97000000000000	0.773815630963088	0.0713065302848475	-1.03098815034467	1.50577866957466

4.98000000000000	0.797549863202606	0.109850301285051	-1.11982819056681	1.16277156632762

4.99000000000000	0.821636677727843	0.151440875796168	-1.20692937073357	0.804253916647298

5	0.845862786252706	0.197950647596425	-1.29022723268887	0.438861890028927

5.01000000000000	0.870340104701855	0.251314555416535	-1.36786893735754	0.0758620695384922

5.02000000000000	0.894873828793755	0.312773076962209	-1.43815948419048	-0.275278212701284

5.03000000000000	0.920032497896702	0.382294523082600	-1.49970299340352	-0.605374743439859

5.04000000000000	0.945644063460088	0.459294083969685	-1.55138731997724	-0.906511960277083

5.05000000000000	0.971360290910747	0.541528716704837	-1.59239194115996	-1.17215375304887

5.06000000000000	0.996671150386460	0.626532240994076	-1.62209561454698	-1.39741395847128

5.07000000000000	1.02058453571868	0.710694142892261	-1.64027526906994	-1.57959398535974

5.08000000000000	1.04229874633788	0.791091824311275	-1.64698329103968	-1.71759372823863

5.09000000000000	1.06042077174814	0.864601107540450	-1.64263333257003	-1.81192672258116

5.10000000000000	1.07359699904659	0.929276594181061	-1.62779336058400	-1.86458527360417

5.11000000000000	1.08072456684522	0.984013247660278	-1.60347293936920	-1.87829267929551

5.12000000000000	1.08074740384564	1.02882597535156	-1.57084626885362	-1.85642891026632

5.13000000000000	1.07282617915188	1.06438551702779	-1.53116659986407	-1.80254489472964

5.14000000000000	1.05636092803879	1.09210847209215	-1.48574398055349	-1.72027440902113

5.15000000000000	1.03068677638005	1.11314160845479	-1.43611227407438	-1.61291269088028

5.16000000000000	0.996606569226815	1.12976676778643	-1.38373529298012	-1.48360488540974

5.17000000000000	0.954464787642085	1.14258961604211	-1.32982355349933	-1.33561553758896

5.18000000000000	0.905598102532700	1.15333048984026	-1.27577301330870	-1.17215182508672

5.19000000000000	0.851452743404286	1.16255524257414	-1.22238108070275	-0.996811580146809

5.20000000000000	0.793941656351548	1.17119732113696	-1.17054477115760	-0.813390177830538

5.21000000000000	0.734885914537030	1.18010616451623	-1.12081337546521	-0.625804218938469

5.22000000000000	0.675846898194127	1.19006911652834	-1.07348300614240	-0.437745391716208

5.23000000000000	0.618579576966403	1.20265299735379	-1.02880195797942	-0.252237899904255

5.24000000000000	0.563697254514309	1.21914406761015	-0.986923324768009	-0.0712915194271692

5.25000000000000	0.512341264859758	1.24155153912496	-0.947957715022992	0.104346684531006

5.26000000000000	0.464767169769513	1.27079850676763	-0.911951392645016	0.275187683523010

5.27000000000000	0.421233856955533	1.30821200474881	-0.878980378441785	0.442618672459577

5.28000000000000	0.381404060944829	1.35353098302796	-0.849038340827574	0.608685523327028

5.29000000000000	0.344932778891122	1.40584611475721	-0.822093031713776	0.775372363214252

5.30000000000000	0.311271160967714	1.46272649753729	-0.797973066771516	0.943839645832856

5.31000000000000	0.279896009310417	1.52094376637518	-0.776508067718170	1.11424535560003

5.32000000000000	0.250403670680012	1.57645358165781	-0.757578557942965	1.28558340884047

5.33000000000000	0.222070806191058	1.62470971663743	-0.740920719903095	1.45525335110497

5.34000000000000	0.194646339066781	1.66102345905454	-0.726423251053999	1.61971772915227

5.35000000000000	0.167976215611977	1.68148324259191	-0.714008958905637	1.77464153184216

5.36000000000000	0.141831705554737	1.68280433582949	-0.703627384794222	1.91553828050248

5.37000000000000	0.116154626412231	1.66300081501299	-0.695197307582879	2.03806528658428

5.38000000000000	0.0911400613617963	1.62114071704663	-0.688574595624129	2.13839214064308

5.39000000000000	0.0669360835503061	1.55804609756003	-0.683533209956025	2.21376071887869

5.40000000000000	0.0437594565807915	1.47568741558454	-0.679782520833584	2.26234121129267

5.41000000000000	0.0221878825255639	1.37722552391474	-0.676957828018838	2.28333740757454

5.42000000000000	0.00313833934462737	1.26668590854481	-0.674757622876110	2.27732145571869

5.43000000000000	-0.0127473257394221	1.14833353640428	-0.672716729182384	2.24541111808847

5.44000000000000	-0.0246588997235688	1.02680042153864	-0.670672527984139	2.18961650091521

5.45000000000000	-0.0319067221301960	0.905920352098208	-0.668494353786359	2.11275877205068

5.46000000000000	-0.0336625851194913	0.789239834027902	-0.666171112470563	2.01796277808673

5.47000000000000	-0.0296040236242135	0.678833473533356	-0.663786312763531	1.90877661283982

5.48000000000000	-0.0200297578145509	0.575806101866406	-0.661460461704465	1.78925787641017

5.49000000000000	-0.00516052405042505	0.480455419343323	-0.659322452076312	1.66358132764913

5.50000000000000	0.0146400121357746	0.391957566122209	-0.657505640231668	1.53617073081848

5.51000000000000	0.0384030318045012	0.308989385099056	-0.656063634022255	1.41148569668887

5.52000000000000	0.0652011214567169	0.230130248828334	-0.654831357937851	1.29364641662362

5.53000000000000	0.0940813621302006	0.153772778539817	-0.653529468684506	1.18634913023159

5.54000000000000	0.124103400182760	0.0789550005370429	-0.651937044927540	1.09260795885587

5.55000000000000	0.154334754021191	0.00499229012700114	-0.649733963289926	1.01462288044144

5.56000000000000	0.183767593552423	-0.0683778642349137	-0.646545306041685	0.953497000976102

5.57000000000000	0.211424248916228	-0.141013181068140	-0.642172421770187	0.909111403284377

5.58000000000000	0.236168004920069	-0.212720438589588	-0.636638302935937	0.880403368072897

5.59000000000000	0.256835921710938	-0.283277028811098	-0.630136130744768	0.865251676231180

5.60000000000000	0.272275004781210	-0.352502450961654	-0.623043171775117	0.860360389398572

5.61000000000000	0.281442746308012	-0.420429028069085	-0.615967242737479	0.861704478644775

5.62000000000000	0.283736197329149	-0.487531054277576	-0.609614536499963	0.864566789938272

5.63000000000000	0.278865157284042	-0.553969120879195	-0.604725412220328	0.863685240122988

5.64000000000000	0.266929376827430	-0.620122274888317	-0.601846879240539	0.853577600330903

5.65000000000000	0.248792109384824	-0.685210879690866	-0.601476952502511	0.829168719756590

5.66000000000000	0.225027298374132	-0.749299528188806	-0.603899808488460	0.786190194416990

5.67000000000000	0.197266204360985	-0.810445145880692	-0.609242491079982	0.721751416531238

5.68000000000000	0.166922038078007	-0.867838098098755	-0.617503284658916	0.634567305542772

5.69000000000000	0.135976561699880	-0.918994853000346	-0.628570583084284	0.525667032408299

5.70000000000000	0.105954380307125	-0.962412667932122	-0.642244664961165	0.397921848165883

5.71000000000000	0.0784981805201807	-0.996312797323461	-0.658207037720464	0.255817450476052

5.72000000000000	0.0547735743992086	-1.01962531556775	-0.676022660741185	0.105241713893894

5.73000000000000	0.0353847935144923	-1.03205782207705	-0.695187729808085	-0.0472484400502483

5.74000000000000	0.0207370775509063	-1.03333221683902	-0.715059580207246	-0.195187590159695

5.75000000000000	0.0101839949780387	-1.02500188140786	-0.734918537106863	-0.332635599910619

5.76000000000000	0.00343653447495823	-1.00786404711808	-0.753968558327588	-0.454902888207396

5.77000000000000	-0.000771772527450032	-0.984720803481104	-0.771346749760384	-0.558773210884376

5.78000000000000	-0.00332080008753499	-0.957090198270681	-0.786208451192731	-0.642946290458051

5.79000000000000	-0.00536164752144380	-0.926967141359776	-0.797719838409476	-0.707851403824011

5.80000000000000	-0.00786087019007414	-0.896128487784526	-0.805221773588996	-0.755182114217817

5.81000000000000	-0.0117378206160907	-0.865608652003786	-0.808243036098050	-0.788101579414428

5.82000000000000	-0.0175162225059540	-0.835407066337720	-0.806466678383678	-0.810485603367146

5.83000000000000	-0.0256768264947272	-0.805354458625212	-0.799866628869601	-0.826373251000394

5.84000000000000	-0.0363056978819752	-0.774291435219865	-0.788649016688408	-0.840191564204147

5.85000000000000	-0.0494290512049281	-0.741324915194071	-0.773121482322348	-0.855828420095240

5.86000000000000	-0.0647086446466182	-0.704877360839569	-0.753710548708187	-0.876738524001982

5.87000000000000	-0.0817200548108207	-0.664161049495831	-0.730912777902864	-0.905421632003082

5.88000000000000	-0.0995721491139790	-0.617943850945264	-0.705364670633856	-0.943034179735991

5.89000000000000	-0.117369924965273	-0.566123702990567	-0.677623344656887	-0.989524447651232

5.90000000000000	-0.134121018791657	-0.508356230279578	-0.648223027220960	-1.04323998670934

5.91000000000000	-0.148856795104200	-0.444954775647378	-0.617715870038106	-1.10105418375068

5.92000000000000	-0.160606087584217	-0.376503198407644	-0.586681739704576	-1.15851281909999

5.93000000000000	-0.168437631202918	-0.303318063952759	-0.555705119310868	-1.20988240525077

5.94000000000000	-0.171753991443338	-0.226027978521030	-0.525328824536378	-1.24894821382467

5.95000000000000	-0.170042299150490	-0.144787717797601	-0.496138877493914	-1.26904703632181

5.96000000000000	-0.163094437487797	-0.0601311327754538	-0.468692473847015	-1.26374340525740

5.97000000000000	-0.150744996869336	0.0280641003033812	-0.443472955004268	-1.22751317625013

5.98000000000000	-0.133449188262947	0.119015160656209	-0.420969716284435	-1.15574502033942

5.99000000000000	-0.111972019379075	0.212483881725355	-0.401440696689738	-1.04556941627387

6	-0.0874412820451577	0.307197366835105	-0.385208007064029	-0.895888331311445

6.01000000000000	-0.0611479173776456	0.402119105713956	-0.372494323966400	-0.707338784870956

6.02000000000000	-0.0345606185498068	0.495792769542987	-0.363492813911606	-0.482721623757898

6.03000000000000	-0.00919138074367995	0.586778737620247	-0.358345568513283	-0.226856679453764

6.04000000000000	0.0137945655803400	0.673932261195983	-0.357004836582202	0.0536435818690959

6.05000000000000	0.0331475166440035	0.755813312687200	-0.359357300189886	0.350335969350661

6.06000000000000	0.0483374103840432	0.832550099927698	-0.365031249730810	0.653611843287969

6.07000000000000	0.0587783581688027	0.903684770828336	-0.373492994414726	0.953361840449398

6.08000000000000	0.0643482332577495	0.969718185425345	-0.384059219102071	1.23971900585451

6.09000000000000	0.0651679744112807	1.03181016812199	-0.395839754137231	1.50385810068529

6.10000000000000	0.0614734997545584	1.09108869468820	-0.407966460184384	1.73883228388723

6.11000000000000	0.0539004410699507	1.14859680048081	-0.419606743785294	1.94023416622226

6.12000000000000	0.0429107647647724	1.20526307993078	-0.429924548992925	2.10619982879396

6.13000000000000	0.0289829078976744	1.26136177925547	-0.438245396595598	2.23719970774048

6.14000000000000	0.0129963381365744	1.31755594722410	-0.444021454030474	2.33610461327815

6.15000000000000	-0.00445791245688693	1.37328676105114	-0.446964794445204	2.40715182397323

6.16000000000000	-0.0224318847093792	1.42911648179740	-0.446948810196395	2.45521973259915

6.17000000000000	-0.0401905899735568	1.48417954431445	-0.444096763448876	2.48543937184613

6.18000000000000	-0.0567809472531502	1.53921429041911	-0.438833839576652	2.50220474836617

6.19000000000000	-0.0711305066476653	1.59321380067354	-0.431768514992726	2.50886224930878

6.20000000000000	-0.0823847358727330	1.64625786597752	-0.423604082972364	2.50736841603012

6.21000000000000	-0.0898606649459825	1.69724851702922	-0.415143761187203	2.49826991966659

6.22000000000000	-0.0928662202888008	1.74507624740186	-0.407223417575415	2.48087988507628

6.23000000000000	-0.0908655418225192	1.78851652082255	-0.400619415547821	2.45362731100526

6.24000000000000	-0.0840107342390813	1.82584646015563	-0.395980433885512	2.41433127343398

6.25000000000000	-0.0725020545146101	1.85583168125146	-0.393878166216527	2.36059767899317

6.26000000000000	-0.0569341410160250	1.87707309874589	-0.394715587769006	2.29007700691611

6.27000000000000	-0.0383129794761596	1.88818378735914	-0.398696742190680	2.20055273597178

6.28000000000000	-0.0175264495940151	1.88900728364726	-0.405997162739083	2.09013929827681

6.29000000000000	0.00406658959809658	1.87866946348316	-0.416528282527489	1.95718932484553

6.30000000000000	0.0253049485770821	1.85704820182618	-0.430174375975616	1.80067490225815

6.31000000000000	0.0451270983556415	1.82383514395416	-0.446749623379692	1.62013192951674

6.32000000000000	0.0625345769805035	1.77849240774062	-0.465969832740722	1.41596510368611

6.33000000000000	0.0768248825401025	1.72046264619693	-0.487581115941109	1.18972298373940

6.34000000000000	0.0875775658161256	1.64870481019242	-0.511297216466669	0.944056853318683

6.35000000000000	0.0946627400735527	1.56210085151463	-0.536862707075320	0.682856741390940

6.36000000000000	0.0979984902577535	1.45995881285988	-0.563707384622191	0.410700931385938

6.37000000000000	0.0976897900479222	1.34177324688768	-0.591227040285301	0.132795247480316

6.38000000000000	0.0942502864201716	1.20820481831037	-0.618660085209162	-0.145528080775892

6.39000000000000	0.0879918136882552	1.06026176624632	-0.645051010603578	-0.419131465347550

6.40000000000000	0.0794714215617922	0.900456537334783	-0.669190365956875	-0.683698126251462

6.41000000000000	0.0694214615114136	0.731895074531608	-0.689934924298616	-0.935465914107750

6.42000000000000	0.0586244883210136	0.558061268579387	-0.706209585739567	-1.17138355071493

6.43000000000000	0.0480388643151019	0.382679878422978	-0.717238292916721	-1.38910343420323

6.44000000000000	0.0384502068942016	0.209303285448739	-0.722381764708882	-1.58676556412713

6.45000000000000	0.0303518529202797	0.0406924533284704	-0.721334167866805	-1.76285285151772

6.46000000000000	0.0246763437196968	-0.120607710802310	-0.714266550333511	-1.91602421308183

6.47000000000000	0.0213675953116843	-0.274166006607333	-0.701495194856589	-2.04510035509869

6.48000000000000	0.0202710110824838	-0.419048751898025	-0.683590040357095	-2.14898750390567

6.49000000000000	0.0206150471415114	-0.556311883717343	-0.661277676038498	-2.22666667705204

6.50000000000000	0.0218967487016523	-0.686370779813332	-0.635476851550948	-2.27688766655429

6.51000000000000	0.0230254722128240	-0.810751953000802	-0.607185339296445	-2.29852583163285

6.52000000000000	0.0234892905799325	-0.930159778171624	-0.577562532572291	-2.29038513230038

6.53000000000000	0.0228927724023017	-1.04521721971708	-0.547872491596998	-2.25113181244849

6.54000000000000	0.0210199128757944	-1.15619685709775	-0.519371316577314	-2.17979265222275

6.55000000000000	0.0179212494703392	-1.26225474784696	-0.493219008175201	-2.07579882790498

6.56000000000000	0.0143181895542347	-1.36259893310005	-0.470799763331140	-1.93855175228041

6.57000000000000	0.0106732742540486	-1.45501047964256	-0.453080419632803	-1.76862301232888

6.58000000000000	0.00767701552796110	-1.53683961959872	-0.440912819950750	-1.56716156818439

6.59000000000000	0.00570070011041252	-1.60600101101652	-0.434647673270292	-1.33625079001688

6.60000000000000	0.00527182506911483	-1.65999271291193	-0.434482896222316	-1.07895034646616

6.61000000000000	0.00668079194489676	-1.69717519413209	-0.440167923237102	-0.799193046942622

6.62000000000000	0.0101178027540009	-1.71681032057346	-0.451058124497251	-0.501615436933888

6.63000000000000	0.0155032018460794	-1.71902652818310	-0.466053915966325	-0.191833638219498

6.64000000000000	0.0228783886243118	-1.70509785765276	-0.483862831405504	0.124385059952828

6.65000000000000	0.0323494964070489	-1.67671859536319	-0.502893241887071	0.440985339225930

6.66000000000000	0.0436290667477690	-1.63686364802407	-0.521681354173476	0.752124900520539

6.67000000000000	0.0562467273150202	-1.58807563903738	-0.538261864024163	1.05194823342289

6.68000000000000	0.0697621082432252	-1.53371467881742	-0.551363786345490	1.33548539289976

6.69000000000000	0.0835276908209084	-1.47634407496847	-0.559719488003260	1.59831736211703

6.70000000000000	0.0964871136046639	-1.41889467311738	-0.562442626525304	1.83660811155370

6.71000000000000	0.107482412808572	-1.36321497898990	-0.558993342739159	2.04689835089197

6.72000000000000	0.115100387799958	-1.31081002683771	-0.549311391343617	2.22666770359190

6.73000000000000	0.118086575271009	-1.26253816929327	-0.533693602321437	2.37372333710882

6.74000000000000	0.115068994334957	-1.21849604785202	-0.512724763897673	2.48627636604137

6.75000000000000	0.104927917196406	-1.17869506690831	-0.487250625059170	2.56345599883789

6.76000000000000	0.0873571976700235	-1.14257424487488	-0.458346869435379	2.60488071450994

6.77000000000000	0.0625991806809822	-1.10931318680973	-0.427116916466752	2.61081824199064

6.78000000000000	0.0313117322329083	-1.07856077823187	-0.394755284804130	2.58274444406273

6.79000000000000	-0.00524101779987526	-1.04933497056983	-0.362411851068514	2.52275466782352

6.80000000000000	-0.0453173491299955	-1.02115347582128	-0.331191264893498	2.43380414143103

6.81000000000000	-0.0870014566890431	-0.993161295481474	-0.302111917479783	2.31989733345504

6.82000000000000	-0.128380360674218	-0.964200059883634	-0.276134901176660	2.18554880280399

6.83000000000000	-0.167652742289364	-0.933009330421780	-0.254177711992849	2.03570849456260

6.84000000000000	-0.203326336449372	-0.897939658443557	-0.236994324589522	1.87576382823147

6.85000000000000	-0.234327467347583	-0.857371187475424	-0.225327668359772	1.71099779654191

6.86000000000000	-0.259902209091068	-0.809744142998309	-0.219893669864183	1.54652166618297

6.87000000000000	-0.279569560054821	-0.753458846943989	-0.221328340021581	1.38720046735364

6.88000000000000	-0.293268747006424	-0.688204405590618	-0.230128702794477	1.23718981176254

6.89000000000000	-0.300747586388728	-0.613494961479938	-0.246684942133454	1.09967726152243

6.90000000000000	-0.302142052573861	-0.530255528563334	-0.271093907349991	0.976980931471382

6.91000000000000	-0.297471952214723	-0.440017055192552	-0.303361036199599	0.870320992180504

6.92000000000000	-0.286755333427282	-0.344691062846147	-0.343048687682574	0.779755814875494

6.93000000000000	-0.270209003912931	-0.246857015996403	-0.389495798297520	0.704409706244048

6.94000000000000	-0.248439789619117	-0.149830263963309	-0.441792237986442	0.642586932271736

6.95000000000000	-0.221628455789327	-0.0560795310850500	-0.498779209105197	0.591793587048847

6.96000000000000	-0.190940842327654	0.0307180158359380	-0.558960871577333	0.548906746325809

6.97000000000000	-0.156937804122889	0.108755963264994	-0.620706837619217	0.510445268784560

6.98000000000000	-0.120829983973135	0.175119812806239	-0.682255549075341	0.472690233962514

6.99000000000000	-0.0831668832237346	0.229416750089621	-0.741701940211561	0.431913021130498

7	-0.0450454957684665	0.270451279733375	-0.797262799629738	0.384754433300896

7.01000000000000	-0.00681486260101752	0.299276037919877	-0.847260922188189	0.328506054351168

7.02000000000000	0.0308179006529509	0.316651589260676	-0.890179691699909	0.261206511045820

7.03000000000000	0.0674762199261950	0.324285101445807	-0.924803667951868	0.181860985901843

7.04000000000000	0.102814013036637	0.324260516529966	-0.950192655044819	0.0905533669859434

7.05000000000000	0.136370965689443	0.318238819983542	-0.965759154955674	-0.0114509464553989

7.06000000000000	0.168117360603297	0.308316080857077	-0.971211854952508	-0.121798001863529

7.07000000000000	0.197871123896475	0.295893235835448	-0.966612255099307	-0.236995419256991

7.08000000000000	0.225491737843347	0.281432869336363	-0.952430669184427	-0.352692545031320

7.09000000000000	0.251351193965985	0.266512955606300	-0.929426561526707	-0.463869044010985

7.10000000000000	0.275518231560003	0.251043847573642	-0.898618187005099	-0.565284021053827

7.11000000000000	0.298520949496242	0.235676143194430	-0.861242642322730	-0.652020317139695

7.12000000000000	0.320689771648808	0.220446354080048	-0.818647149261344	-0.720019258873268

7.13000000000000	0.342333537507622	0.205248471703085	-0.772194780028165	-0.766325567431667

7.14000000000000	0.363723788070111	0.190510751117916	-0.723183456125272	-0.789579203566232

7.15000000000000	0.384804951970896	0.176382462213575	-0.672732237334576	-0.790236145234678

7.16000000000000	0.405369019988919	0.163375788165355	-0.621804335450124	-0.770198413627942

7.17000000000000	0.424863612254933	0.151765108547118	-0.571154236152985	-0.732654829740422

7.18000000000000	0.442530160125038	0.141800313104132	-0.521262784456509	-0.681940923807320

7.19000000000000	0.457456373878252	0.133398859089388	-0.472293434507030	-0.622836349042891

7.20000000000000	0.468631171279050	0.126015348945689	-0.424300148538939	-0.560036526882166

7.21000000000000	0.474994848690175	0.118445447990688	-0.377284550684822	-0.497694389218616

7.22000000000000	0.475904829948157	0.109333176788434	-0.331038417321450	-0.439280638174223

7.23000000000000	0.470918827478792	0.0970077541716760	-0.285399601974905	-0.387219018989091

7.24000000000000	0.459933469761421	0.0796858710032594	-0.240384242680755	-0.342625043629574

7.25000000000000	0.443481031040040	0.0562442893865509	-0.196158285293071	-0.305686844445196

7.26000000000000	0.422120521002750	0.0253875565105395	-0.153046275433941	-0.275793420140121

7.27000000000000	0.397126666954433	-0.0127490761598620	-0.111538602133555	-0.251540467328134

7.28000000000000	0.369572099270485	-0.0583039122869865	-0.0724090775059743	-0.231075304178373

7.29000000000000	0.341000389822095	-0.110131176333637	-0.0365406364250790	-0.212338919577631

7.30000000000000	0.312540025374460	-0.167584134842231	-0.00494806752706731	-0.193126992860608

7.31000000000000	0.285510124264046	-0.229183783019961	0.0212652407907469	-0.171258362594522

7.32000000000000	0.260913042793053	-0.294093511662390	0.0413320666565074	-0.144935138684882

7.33000000000000	0.239574769264538	-0.361602873573685	0.0543584904323606	-0.112317700997744

7.34000000000000	0.221998958725231	-0.431513929840721	0.0597198857775859	-0.0718386848194011

7.35000000000000	0.208303478398235	-0.503859280598171	0.0569915389126420	-0.0220773257166740

7.36000000000000	0.198426542591363	-0.578636442024718	0.0460633512652235	0.0379536411514643

7.37000000000000	0.191679987892239	-0.656411886903614	0.0271538335800018	0.108866954259857

7.38000000000000	0.187281239175754	-0.736840586558156	0.000772102414988207	0.190695044372078

7.39000000000000	0.184103118140513	-0.819262416131260	-0.0322242775641333	0.282675462820791

7.40000000000000	0.180551014483770	-0.903258596151120	-0.0706365525138497	0.383388515052521

7.41000000000000	0.175291762020486	-0.987315706298477	-0.112793743302791	0.490386061742853

7.42000000000000	0.166794963318614	-1.07042470283582	-0.156963893532492	0.600856282296459

7.43000000000000	0.153849627018938	-1.15123396214748	-0.201280468448072	0.711560770977976

7.44000000000000	0.135588640151949	-1.22847032345815	-0.243750939342651	0.818960796798727

7.45000000000000	0.111427606675439	-1.30171356712049	-0.282511840246805	0.919643922929067

7.46000000000000	0.0815877768836062	-1.36983893688327	-0.315937192423982	1.01066892028571

7.47000000000000	0.0460879574967269	-1.43326700453338	-0.342757865144774	1.08969568119236

7.48000000000000	0.00605187522062697	-1.49113554011821	-0.362127598570152	1.15524779964567

7.49000000000000	-0.0374719367892849	-1.54443993193069	-0.373729946704752	1.20672008453316

7.50000000000000	-0.0829344538887414	-1.59233330189502	-0.377650177446224	1.24449350637280

7.51000000000000	-0.128894482969961	-1.63472978417813	-0.374476791443867	1.26971249305984

7.52000000000000	-0.173833627300878	-1.67124657639111	-0.365246735690727	1.28403938333064

7.53000000000000	-0.216036885950336	-1.70116112485387	-0.351227029367831	1.28969561480554

7.54000000000000	-0.254006271580040	-1.72367772505783	-0.333939940477349	1.28878538943615

7.55000000000000	-0.286446484722689	-1.73771504178626	-0.315072525238851	1.28327489152903

7.56000000000000	-0.312064696578639	-1.74188124144103	-0.296343984190955	1.27484071084651

7.57000000000000	-0.329855624610339	-1.73541716061447	-0.279364181891566	1.26444222021988

7.58000000000000	-0.338944315562719	-1.71685447107893	-0.265601400016024	1.25260787577415

7.59000000000000	-0.339103139429195	-1.68595144943249	-0.256453852500597	1.23891630695727

7.60000000000000	-0.330635040218633	-1.64152024049122	-0.253008836143361	1.22303846493200

7.61000000000000	-0.314032093854595	-1.58398069110738	-0.255893087982268	1.20372821227660

7.62000000000000	-0.290396134001084	-1.51384282372686	-0.265473107243827	1.17967926451379

7.63000000000000	-0.261255311119530	-1.43209114881653	-0.281719217074535	1.14963534300416

7.64000000000000	-0.228570260267246	-1.34056565786642	-0.304188583085487	1.11247302866016

7.65000000000000	-0.194352365322873	-1.24132577317291	-0.332059069134809	1.06724545515765

7.66000000000000	-0.160708656407133	-1.13665534388357	-0.364246729952785	1.01355741761344

7.67000000000000	-0.129849088616069	-1.02921302060055	-0.399484651147042	0.951430538865154

7.68000000000000	-0.103424299054292	-0.920866212673343	-0.436331354964433	0.881228195318335

7.69000000000000	-0.0829698243061143	-0.813721771847694	-0.473293101820189	0.803408439101008

7.70000000000000	-0.0697767036592269	-0.708777171370507	-0.508971637624607	0.718555250739918

7.71000000000000	-0.0642827779576948	-0.606667754611315	-0.541963940479534	0.627064405094737

7.72000000000000	-0.0666621159373206	-0.507599578885006	-0.571065659481153	0.528878443462772

7.73000000000000	-0.0765250358505506	-0.410854629009982	-0.595196750687097	0.423587050661167

7.74000000000000	-0.0932573780422248	-0.315465547519998	-0.613489039334345	0.310432604251999

7.75000000000000	-0.116060648981770	-0.220356288664860	-0.625251646513792	0.188268834230563

7.76000000000000	-0.143686606007685	-0.123768349044459	-0.629977468239237	0.0559239910862997

7.77000000000000	-0.175118340099580	-0.0247678881159694	-0.627337230997812	-0.0876489561238171

7.78000000000000	-0.209103175404418	0.0785241884567919	-0.617251162518914	-0.242925938968535

7.79000000000000	-0.244731738115746	0.186495514971220	-0.599775418290453	-0.409737182335381

7.80000000000000	-0.280514234352603	0.299972193467415	-0.575085633027533	-0.587151384748818

7.81000000000000	-0.315613867784276	0.418517416247733	-0.543679990308489	-0.772947624648847

7.82000000000000	-0.348863739550184	0.542092316766483	-0.506139342650488	-0.964173718691486

7.83000000000000	-0.379495695780021	0.669676751490335	-0.463138877642959	-1.15696138265421

7.84000000000000	-0.406764440630772	0.800246122507325	-0.415523405398031	-1.34636251240939

7.85000000000000	-0.430289064662706	0.932832432026141	-0.364534676749279	-1.52677222652005

7.86000000000000	-0.449982811029109	1.06610652255606	-0.311253429407198	-1.69222818074665

7.87000000000000	-0.465761696642535	1.19870688701875	-0.257021173543922	-1.83627375963965

7.88000000000000	-0.478306900141829	1.32929723451942	-0.203080918512988	-1.95305378920292

7.89000000000000	-0.488503831225847	1.45586452786367	-0.150852074795367	-2.03667451595991

7.90000000000000	-0.497158557672635	1.57696676655633	-0.101620584683702	-2.08227884413955

7.91000000000000	-0.505475441612882	1.69018007746195	-0.0565757184225260	-2.08621791757783

7.92000000000000	-0.514465527230484	1.79325791435810	-0.0167929942095396	-2.04586550449570

7.93000000000000	-0.525151351397888	1.88402570422292	0.0168138981420430	-1.96047405456899

7.94000000000000	-0.538264516147853	1.96021395684367	0.0435443418245664	-1.83088166382594

7.95000000000000	-0.554097400082405	2.02003486801573	0.0629388727848863	-1.65939657638150

7.96000000000000	-0.572648977004996	2.06188001770410	0.0747314834790629	-1.45014548333861

7.97000000000000	-0.593517327308033	2.08569069558872	0.0790018423956490	-1.20873756574375

7.98000000000000	-0.616325779973040	2.09161181998178	0.0759183348180404	-0.941910688080543

7.99000000000000	-0.639980717520184	2.08138372353473	0.0661727288756496	-0.657255230069160

8	-0.663586509355608	2.05684967329177	0.0500225689940448	-0.362699115902262

8.01000000000000	-0.686066894311459	2.02092299811532	0.0284520073666115	-0.0663495060845823

8.02000000000000	-0.706214754811224	1.97663123706661	0.00223615722847301	0.224302048243333

8.03000000000000	-0.722927644375871	1.92681260766814	-0.0278031787501602	0.502777937941366

8.04000000000000	-0.735295649641948	1.87370732976451	-0.0609087031688979	0.763794180317308

8.05000000000000	-0.742541478883675	1.81920982995954	-0.0961776010395443	1.00354713483992

8.06000000000000	-0.744395219662354	1.76385407643326	-0.132778862601535	1.21976123669239

8.07000000000000	-0.740678376704249	1.70801249827044	-0.170013979014297	1.41157769297938

8.08000000000000	-0.731765880860859	1.65065440671604	-0.207174093919118	1.57947699716134

8.09000000000000	-0.718157503897696	1.59129330032857	-0.243609275439686	1.72487442588470

8.10000000000000	-0.700969789992976	1.52829733021111	-0.278829054930318	1.84970355182809

8.11000000000000	-0.681206034989142	1.46096824466132	-0.312499746842887	1.95637826566658

8.12000000000000	-0.660320183194007	1.38815083927677	-0.344459198170659	2.04709461192238

8.13000000000000	-0.639832114602158	1.30962217895766	-0.374751017998807	2.12357665563791

8.14000000000000	-0.621264022389903	1.22528189845020	-0.403551188044420	2.18705684253249

8.15000000000000	-0.606076289596862	1.13546715923527	-0.431102511282797	2.23785350445779

8.16000000000000	-0.595378124115537	1.04109582446741	-0.457667316226532	2.27537355201473

8.17000000000000	-0.590001923942266	0.943113805375804	-0.483602797789738	2.29867942902803

8.18000000000000	-0.590398820374294	0.842653245703672	-0.509067059786474	2.30625864330513

8.19000000000000	-0.596341799014049	0.741187545065062	-0.534182043769655	2.29662564252898

8.20000000000000	-0.607058422806803	0.640077779770169	-0.558977216905965	2.26865822879533

8.21000000000000	-0.621688623113785	0.540351033096990	-0.583359449590385	2.22170691944349

8.22000000000000	-0.638794536840697	0.443287138596681	-0.607137648343381	2.15577175986476

8.23000000000000	-0.656905833293732	0.349592651430822	-0.630000122162132	2.07151124651769

8.24000000000000	-0.674339384006181	0.259913067293761	-0.651548350718519	1.97004724079213

8.25000000000000	-0.689823810033084	0.175018092024800	-0.671236339564751	1.85279040349884

8.26000000000000	-0.702459022757854	0.0944874092076585	-0.688497059010520	1.72130543474695

8.27000000000000	-0.711198700652730	0.0190021353736143	-0.702609017371446	1.57703140723496

8.28000000000000	-0.715997502328515	-0.0526661022850013	-0.712770305889236	1.42102786966126

8.29000000000000	-0.716446125499356	-0.120040965622732	-0.718247285870779	1.25411428733724

8.30000000000000	-0.713162171403566	-0.184749872252387	-0.718257729953913	1.07684511499155

8.31000000000000	-0.706175666701431	-0.246710434359735	-0.712105305713256	0.889420742881807

8.32000000000000	-0.696037048072984	-0.306700574844678	-0.699191556513391	0.691980410043593

8.33000000000000	-0.683295649452810	-0.365133313441001	-0.679272879704846	0.485141615974737

8.34000000000000	-0.668659555810373	-0.422092772576861	-0.652320076404916	0.269746613786666

8.35000000000000	-0.652625364262654	-0.477663050113562	-0.618672101504194	0.0473847364524334

8.36000000000000	-0.635768115230442	-0.531746461071993	-0.578960295405442	-0.179583261793986

8.37000000000000	-0.618641919449949	-0.583131133683468	-0.534276018703336	-0.407955434826670

8.38000000000000	-0.602157865425606	-0.632007356846915	-0.485892885760815	-0.633779248859117

8.39000000000000	-0.586476607363248	-0.676775460359964	-0.435343132093307	-0.852398208046160

8.40000000000000	-0.572389706389950	-0.717382565434973	-0.384205227082244	-1.05889046659908

8.41000000000000	-0.560030269892686	-0.752105328421015	-0.334065523284541	-1.24800558827830

8.42000000000000	-0.549880105681601	-0.780462884161948	-0.286332391562116	-1.41479615961448

8.43000000000000	-0.541973810381045	-0.800989569698501	-0.242200838185805	-1.55482859634863

8.44000000000000	-0.536493151011274	-0.812441066992685	-0.202589839006667	-1.66415907801525

8.45000000000000	-0.533041757462487	-0.814151190033308	-0.168089529422220	-1.73994199358128

8.46000000000000	-0.531461153310955	-0.805075394869200	-0.139016129683683	-1.78037029170304

8.47000000000000	-0.531407220938069	-0.785060264978686	-0.115439746506137	-1.78460220664007

8.48000000000000	-0.532272801356578	-0.754489184546270	-0.0971958204346416	-1.75329717750765

8.49000000000000	-0.533529340140376	-0.714276701030065	-0.0839514265796060	-1.68817119999608

8.50000000000000	-0.534647936872421	-0.666255157414397	-0.0752684062895544	-1.59188594984597

8.51000000000000	-0.535065045192238	-0.612732355077873	-0.0706378938425534	-1.46844919644132

8.52000000000000	-0.534244662441569	-0.556235504902982	-0.0695562334689560	-1.32252586500761

8.53000000000000	-0.531742496257652	-0.499431994299686	-0.0715321276506205	-1.15919779116621

8.54000000000000	-0.527003701762036	-0.444974339264413	-0.0762526433270077	-0.984075397764913

8.55000000000000	-0.519472456306318	-0.395138119503391	-0.0835456433975565	-0.802591829525187

8.56000000000000	-0.509069824807689	-0.351926105745041	-0.0934096302621482	-0.619963426281163

8.57000000000000	-0.495258791496131	-0.316186750705245	-0.106028478723749	-0.440752482779788

8.58000000000000	-0.478147640317897	-0.289166994887981	-0.121705087370744	-0.268811887350972

8.59000000000000	-0.457440208124198	-0.270382023760749	-0.140817146878179	-0.107136153726565

8.60000000000000	-0.433375062088278	-0.259971582021272	-0.163587797524675	0.0423779231943995

8.61000000000000	-0.405880618733538	-0.256571558648083	-0.190200214099842	0.178876752960201

8.62000000000000	-0.375388985473982	-0.259592093247363	-0.220680320352330	0.302458385590382

8.63000000000000	-0.342218850020895	-0.267502444298322	-0.254794752989808	0.414363657158512

8.64000000000000	-0.306389879995572	-0.279440684485247	-0.291975297721468	0.516505107625025

8.65000000000000	-0.268400196867113	-0.294190548306680	-0.331647279240241	0.611336873058267

8.66000000000000	-0.228564282895828	-0.310742404845453	-0.372999227823040	0.701590268713451

8.67000000000000	-0.187105621994572	-0.328062350833534	-0.415061321344137	0.789571512628973

8.68000000000000	-0.144505438636193	-0.345722746252526	-0.456640631506780	0.877025962987962

8.69000000000000	-0.100601948173128	-0.362329441345178	-0.496626534772006	0.964783968308819

8.70000000000000	-0.0557469073988000	-0.377545022665845	-0.533841454082451	1.05261834666274

8.71000000000000	-0.00984939054340825	-0.389887039142412	-0.567087497962803	1.13917110543416

8.72000000000000	0.0365680239441522	-0.398610090997809	-0.595236576145739	1.22215734301251

8.73000000000000	0.0836837975484893	-0.402733528445123	-0.617257357661749	1.29860277945486

8.74000000000000	0.130996475134839	-0.401373800313061	-0.632458572172458	1.36534953600112

8.75000000000000	0.178093243060193	-0.393933051761970	-0.640329336422353	1.41943916032357

8.76000000000000	0.224447450614271	-0.379985161722895	-0.640600823225990	1.45837764513224

8.77000000000000	0.269387757412682	-0.360033730591233	-0.633505196619083	1.48056400413293

8.78000000000000	0.312452009869024	-0.334414035596618	-0.619552847954871	1.48557263506881

8.79000000000000	0.352753923523501	-0.304754847282374	-0.599528660278602	1.47402823339255

8.80000000000000	0.389726779071909	-0.272020552889675	-0.574432472416837	1.44725809656655

8.81000000000000	0.422598980821370	-0.238324297785990	-0.545513837479403	1.40766380188290

8.82000000000000	0.450822173967795	-0.205462623511427	-0.513944968177599	1.35800088480400

8.83000000000000	0.473883490264884	-0.175097729392336	-0.480794160827936	1.30098896801902

8.84000000000000	0.491214774375104	-0.148441401896798	-0.447159473199341	1.23939615750222

8.85000000000000	0.502476409903978	-0.126544647344062	-0.413823722764535	1.17536985967361

8.86000000000000	0.507501792672472	-0.109986578568683	-0.381296946731881	1.11036676716530

8.87000000000000	0.506226289081470	-0.0992142036916304	-0.349819066104057	1.04493622082086

8.88000000000000	0.498954072064045	-0.0939042287071659	-0.319465697782866	0.978809268670422

8.89000000000000	0.486359055140196	-0.0940865855488863	-0.290075317999386	0.911134792440669

8.90000000000000	0.469315945420353	-0.0992013389222582	-0.261491339640325	0.840549785106669

8.91000000000000	0.448902716422057	-0.109118413853689	-0.233657010113699	0.765531903071732

8.92000000000000	0.426289064393759	-0.123384824547186	-0.206397332886997	0.684842228730079

8.93000000000000	0.402672963629689	-0.141889906554902	-0.179855135062568	0.597638260269942

8.94000000000000	0.379213034160548	-0.164480433637217	-0.154285727989661	0.503666010755430

8.95000000000000	0.356941197764806	-0.190990661293059	-0.130052541235546	0.403570285868455

8.96000000000000	0.336457565365339	-0.221193641953180	-0.107604993519663	0.298707787028035

8.97000000000000	0.318344008125143	-0.254676830920469	-0.0874638555089664	0.191270359106304

8.98000000000000	0.302895259198029	-0.290905196639785	-0.0700828061169169	0.0839226750908381

8.99000000000000	0.290064856766658	-0.328948130615943	-0.0559012203753185	-0.0201777221796117

9	0.279385292471747	-0.367641813788292	-0.0453554063448126	-0.117440365852386

9.01000000000000	0.270435015754593	-0.405617075645618	-0.0386192590032715	-0.204560209225071

9.02000000000000	0.262132298067177	-0.441640119491200	-0.0355461143765949	-0.278472199665070

9.03000000000000	0.253561956102743	-0.474426444658903	-0.0359103773326379	-0.336593329303713

9.04000000000000	0.243392776908230	-0.503136915685569	-0.0392085892396726	-0.377138211833030

9.05000000000000	0.230312788707687	-0.527435350928597	-0.0445732922613683	-0.399288877826324

9.06000000000000	0.213044407702021	-0.547513588734674	-0.0509153647554967	-0.403609772029348

9.07000000000000	0.190188359000990	-0.564337664348186	-0.0567875408616422	-0.391938416884467

9.08000000000000	0.161012394326219	-0.578844039070273	-0.0611067851139574	-0.367093853583852

9.09000000000000	0.124687263808508	-0.593097986406646	-0.0624258126017621	-0.333513994800381

9.10000000000000	0.0814533192838013	-0.608494863434834	-0.0595537664093108	-0.296437145422296

9.11000000000000	0.0314079542438776	-0.626935668724853	-0.0516355424019684	-0.261839100565290

9.12000000000000	-0.0242083754471892	-0.649079903994944	-0.0382514605007811	-0.235835627020097

9.13000000000000	-0.0838886172153839	-0.675387403624128	-0.0192721611881724	-0.224399182180196

9.14000000000000	-0.145848151881408	-0.705516437460174	0.00499983658202913	-0.232939442463961

9.15000000000000	-0.207998505269567	-0.738252414089804	0.0338314339660144	-0.265405381912895

9.16000000000000	-0.268056952837597	-0.771685786553622	0.0660823670758998	-0.324259702135701

9.17000000000000	-0.324117857749097	-0.803724551231855	0.100371001684097	-0.410217059600638

9.18000000000000	-0.374297325875667	-0.831549798774554	0.135072708539151	-0.521720001104028

9.19000000000000	-0.417495952530872	-0.853481247954686	0.168503069832785	-0.655469120937647

9.20000000000000	-0.452488060835827	-0.866998585344513	0.198845121478738	-0.806157899539002

9.21000000000000	-0.479045003365503	-0.871583412423300	0.224470997266184	-0.967179558022348

9.22000000000000	-0.496842166522085	-0.866387721057173	0.243835762513135	-1.13086246049702

9.23000000000000	-0.506274513058229	-0.852389687470604	0.255691344391691	-1.28896628205016

9.24000000000000	-0.507750939803295	-0.830456145541881	0.259139257967796	-1.43339889198823

9.25000000000000	-0.502063018275770	-0.802405576094480	0.253639042828361	-1.55647404432224

9.26000000000000	-0.490126710611388	-0.769985222746551	0.239097935750580	-1.65140552207064

9.27000000000000	-0.473047969804163	-0.734665424256584	0.215820746883021	-1.71283237384911

9.28000000000000	-0.452079667566361	-0.698040295636289	0.184586414285517	-1.73660875421286

9.29000000000000	-0.428467685043474	-0.660530774979224	0.146482398545306	-1.72022633164502

9.30000000000000	-0.403910401192814	-0.622862909040706	0.102752603581870	-1.66274694186065

9.31000000000000	-0.379802595786894	-0.584805171514733	0.0549251366496393	-1.56453870782972

9.32000000000000	-0.357528653239239	-0.545966430656840	0.00456127966048070	-1.42734914809587

9.33000000000000	-0.338468292525562	-0.506222912584607	-0.0468134031887257	-1.25425637985074

9.34000000000000	-0.323587298738091	-0.464980653126317	-0.0977913722203207	-1.04913991156184

9.35000000000000	-0.313458333544499	-0.421865772066624	-0.147091757397116	-0.816783080902778

9.36000000000000	-0.308242557925184	-0.376741019044439	-0.193621005051676	-0.562694547851633

9.37000000000000	-0.307429463084983	-0.329271321792577	-0.236499013349383	-0.292650323587048

9.38000000000000	-0.310302434659816	-0.280038285933041	-0.275040678675413	-0.0126653718426831

9.39000000000000	-0.315529679693734	-0.228735779731974	-0.308767724052252	0.271139231296080

9.40000000000000	-0.321729396660581	-0.175981814731158	-0.337351066584015	0.552717741069955

9.41000000000000	-0.327245881447048	-0.121811181860654	-0.360526480521009	0.826153478770063

9.42000000000000	-0.330823714426737	-0.0667847824589608	-0.378131690905263	1.08591626268043

9.43000000000000	-0.331083644881720	-0.0109075232956236	-0.390041635314639	1.32675754310155

9.44000000000000	-0.327170833669672	0.0456707025391125	-0.396232075100906	1.54416537273894

9.45000000000000	-0.318558454821692	0.102904894149268	-0.396757881474543	1.73462408872124

9.46000000000000	-0.305136498526625	0.160831247777817	-0.391777511824999	1.89551759340025

9.47000000000000	-0.287134720174578	0.219218554485126	-0.381556536638695	2.02558836633791

9.48000000000000	-0.264972247429379	0.277715920390775	-0.366460853561321	2.12480081806050

9.49000000000000	-0.239360334851226	0.335677870227468	-0.347031445102154	2.19421754805827

9.50000000000000	-0.210805239462170	0.392517939282264	-0.323799054020082	2.23591332144523

9.51000000000000	-0.180315983981974	0.446693911888923	-0.297400257694484	2.25263191082044

9.52000000000000	-0.148381726375869	0.497502644352859	-0.268537997127609	2.24742860729882

9.53000000000000	-0.115979961049650	0.543385597236492	-0.237986159510615	2.22360000412575

9.54000000000000	-0.0838036357713676	0.583923575847019	-0.206619077249385	2.18403076240991

9.55000000000000	-0.0527580106980166	0.618393874883531	-0.175353949834376	2.13117674681965

9.56000000000000	-0.0236085337163115	0.646818336325439	-0.145120892816755	2.06690833925043

9.57000000000000	0.00306073365357668	0.669890361651511	-0.116859075104594	1.99214474825068

9.58000000000000	0.0266298886400932	0.688295199286234	-0.0914489815802046	1.90713517700832

9.59000000000000	0.0474006952249980	0.704420191098005	-0.0696834855294563	1.81137504404093

9.60000000000000	0.0650683584307625	0.719029366859652	-0.0521707915193488	1.70376228031623

9.61000000000000	0.0805701083064978	0.734853953208222	-0.0393348967939723	1.58285252046335

9.62000000000000	0.0944922896384431	0.752964693436814	-0.0313077165218178	1.44687836730979

9.63000000000000	0.107881112908870	0.774725147465951	-0.0280741940321823	1.29428735750575

9.64000000000000	0.121845957152739	0.800945931077973	-0.0294192988060329	1.12392238121012

9.65000000000000	0.137530549554110	0.831954319751452	-0.0350254630059241	0.935053160810810

9.66000000000000	0.155612103015464	0.867504144621089	-0.0443957956872626	0.727954120288727

9.67000000000000	0.176746822949902	0.907072716558458	-0.0571198208202026	0.503805912314956

9.68000000000000	0.200959044472010	0.949085800793804	-0.0727117783044037	0.264507510086438

9.69000000000000	0.228266855564520	0.992566429380833	-0.0905810077788632	0.0131240065179301

9.70000000000000	0.257976157445787	1.03514042411594	-0.110132798889134	-0.246732672354231

9.71000000000000	0.289678465791714	1.07542606239414	-0.130758903367022	-0.510783751212583

9.72000000000000	0.322161128011053	1.11086449204668	-0.151828843794944	-0.773917362601239

9.73000000000000	0.354555543292716	1.14017401913107	-0.172760374517270	-1.03083815546821

9.74000000000000	0.385751722735336	1.16150359704813	-0.193129813571347	-1.27584323078289

9.75000000000000	0.414571971492607	1.17391444634412	-0.212574378659685	-1.50310775401018

9.76000000000000	0.439780721201253	1.17685260843046	-0.230778738748181	-1.70752638838972

9.77000000000000	0.460192567381978	1.17024187470153	-0.247558580982675	-1.88440850712749

9.78000000000000	0.475021697927775	1.15463147272608	-0.262778559997476	-2.03017338218985

9.79000000000000	0.483610408981902	1.13076449221401	-0.276270969089070	-2.14259787241110

9.80000000000000	0.485591034699610	1.09979051156847	-0.287872681472277	-2.22042272411971

9.81000000000000	0.480849242431121	1.06287472438000	-0.297427217579892	-2.26384913181883

9.82000000000000	0.469968103042621	1.02136869688386	-0.304839675126081	-2.27403354269174

9.83000000000000	0.453579894770238	0.976317453823979	-0.309984000020106	-2.25275449045791

9.84000000000000	0.432659305644521	0.928805644422960	-0.312673582962849	-2.20267209016927

9.85000000000000	0.408083921937517	0.879516749945810	-0.312897559000834	-2.12667713539567

9.86000000000000	0.381430947339333	0.829043730916955	-0.310578018930161	-2.02728103838714

9.87000000000000	0.353747950473072	0.777953305863852	-0.305787452426637	-1.90726169553693

9.88000000000000	0.326000384935782	0.726381694588107	-0.298651228571698	-1.76888532140836

9.89000000000000	0.299058634548825	0.674889497828027	-0.289357806969021	-1.61394182984307

9.90000000000000	0.273606016719934	0.623602936286789	-0.278201348958633	-1.44406052671729

9.91000000000000	0.250154046042822	0.573237432312079	-0.265470835735594	-1.26061137078065

9.92000000000000	0.228816635756860	0.524404768307172	-0.251495339742220	-1.06479480561912

9.93000000000000	0.209305869871180	0.477721378554578	-0.236645335744300	-0.857885030616343

9.94000000000000	0.191459450728031	0.433900445356580	-0.221206133721999	-0.641370793123607

9.95000000000000	0.174992901271327	0.393491790761018	-0.205516820402049	-0.416941299558062

9.96000000000000	0.158953995968611	0.356906105021049	-0.189719089050200	-0.186556147241323

9.97000000000000	0.142842259866674	0.324637722421510	-0.174323002101471	0.0475850755334908

9.98000000000000	0.125981427817720	0.296274260704155	-0.159446947018452	0.283039669193185

9.99000000000000	0.107992602540454	0.272098046958945	-0.145439772392817	0.517384304285344

10	0.0879274461599483	0.251249412958469	-0.132706613109320	0.748369095342001
