# Waketime [ns]	 	DipolX [V/pC/mm]	  	DipolY [V/pC/mm]	 	QuadX [V/pC/mm]	 	QuadY [V/pC/mm]
0.00000000000000	0.00000000000000	0.00000000000000	0.00000000000000	0.00000000000000
0.01000000000000	9.47869201562608	14.78196888893820	-8.37944153944473	6.64193970970681
0.02000000000000	4.89606726428064	7.35284607275525	-4.59421645024602	3.46295175819938
0.03000000000000	3.74520608286892	5.61642979291571	-3.60654256765266	2.69657779420980
0.04000000000000	3.15960524863620	4.73849287635880	-3.06753406280407	2.28878851884495
0.05000000000000	2.80124774420842	4.19917496257950	-2.72890520276618	2.03343974145534
0.06000000000000	2.56782172607012	3.85148682714598	-2.50622001621361	1.86773167267359
0.07000000000000	2.35426947442977	3.52804032480944	-2.29953853971044	1.71184755741321
0.08000000000000	2.18623556229771	3.27505279525590	-2.13638154557419	1.58964766792663
0.09000000000000	2.05865658984755	3.08392257091097	-2.01249828702684	1.49733232117519
0.10000000000000	1.95529057856951	2.92952240568267	-1.91209026786984	1.42273844938947
0.11000000000000	1.87182511882743	2.80589218783956	-1.83081276811109	1.36283480935556
0.12000000000000	1.78855660920113	2.68250321769941	-1.74905947826299	1.30262495437601
0.13000000000000	1.71639727301852	2.57328999295284	-1.67897598355715	1.24994426739306
0.14000000000000	1.65227661316165	2.47698143133885	-1.61668988896966	1.20343921897533
0.15000000000000	1.59869157009474	2.39728122620172	-1.56360995374613	1.16427207840818
0.16000000000000	1.54238279987240	2.31143378591024	-1.50939395619695	1.12314972273632
0.17000000000000	1.49752598257604	2.24486310409589	-1.46475471022218	1.09031712146050
0.18000000000000	1.45402004568545	2.17933383229241	-1.42300612153238	1.05899619609990
0.19000000000000	1.41695085352247	2.12403232586640	-1.38601940011113	1.03168678191611
0.20000000000000	1.37934308351724	2.06756210941834	-1.35002751348932	1.00473274197626
0.21000000000000	1.34850911951969	2.02213075800471	-1.31912245417240	0.98220409353919
0.22000000000000	1.31655101323727	1.97430480025708	-1.28833715439149	0.95924340131798
0.23000000000000	1.28712468125494	1.92972354070824	-1.25948091643209	0.93756311632651
0.24000000000000	1.25914790072000	1.88730618712923	-1.23186071182509	0.91683185201567
0.25000000000000	1.23361508447776	1.84938590264421	-1.20736619350386	0.89867335304525
0.26000000000000	1.20918534957232	1.81302922466169	-1.18304951427630	0.88076215028791
0.27000000000000	1.18634663623935	1.77822520118701	-1.16072662391016	0.86389201227050
0.28000000000000	1.16542038501844	1.74722824662654	-1.14058473897221	0.84900613754702
0.29000000000000	1.14548281301521	1.71740663301916	-1.12085909596187	0.83439213464873
0.30000000000000	1.12625401314331	1.68851296408201	-1.10195090214154	0.82031223050364
0.31000000000000	1.10781023192937	1.66115382956404	-1.08400373099891	0.80705248865101
0.32000000000000	1.08937025173657	1.63330872658176	-1.06615938506610	0.79365035893099
0.33000000000000	1.07369031278895	1.60976647600089	-1.05047453908902	0.78201858706528
0.34000000000000	1.05677854975261	1.58414256284552	-1.03407155503302	0.76966586341502
0.35000000000000	1.04165399852400	1.56171475666070	-1.01932202022217	0.75877983294317
0.36000000000000	1.02673061577597	1.53941065116689	-1.00480258612905	0.74799110621337
0.37000000000000	1.01368531592372	1.51980969193203	-0.99179937614930	0.73833743198488
0.38000000000000	0.99987746097425	1.49899450109767	-0.97843542613429	0.72831717047350
0.39000000000000	0.98700719844180	1.47992542468230	-0.96576692422474	0.71899083247200
0.40000000000000	0.97406791886964	1.46050978830703	-0.95328899987312	0.70966588546837
0.41000000000000	0.96229499505822	1.44279003055664	-0.94160701618796	0.70096850616449
0.42000000000000	0.95113746053989	1.42606558097319	-0.93064353918520	0.69281609839312
0.43000000000000	0.93932851433373	1.40824194113823	-0.91917212276442	0.68420956672580
0.44000000000000	0.92867539595733	1.39233895512101	-0.90873884053039	0.67647293290401
0.45000000000000	0.91825360384776	1.37684114810587	-0.89863602079159	0.66899369265211
0.46000000000000	0.90823191973344	1.36174920689295	-0.88871214018352	0.66159802451530
0.47000000000000	0.89877968210763	1.34757169233653	-0.87941641840967	0.65468284564076
0.48000000000000	0.88903002481839	1.33286747962045	-0.87000081716788	0.64761587289304
0.49000000000000	0.88031359676968	1.31994700296689	-0.86135492150258	0.64126169652150
0.50000000000000	0.87097641532364	1.30596425665374	-0.85234220004891	0.63453835051135
0.51000000000000	0.86206130087201	1.29254905265306	-0.84357776312872	0.62799893451821
0.52000000000000	0.85401876942381	1.28044155066473	-0.83565018004953	0.62208874090424
0.53000000000000	0.84620667294531	1.26877961974008	-0.82801339647434	0.61642358453913
0.54000000000000	0.83803783706155	1.25643620100963	-0.82009367532066	0.61047344020451
0.55000000000000	0.83060894754438	1.24541005518362	-0.81272455236897	0.60505307379302
0.56000000000000	0.82294168700804	1.23396039928979	-0.80531614611155	0.59954192909763
0.57000000000000	0.81530741951393	1.22247708055620	-0.79783133483759	0.59395626432058
0.58000000000000	0.80823078387385	1.21179003001052	-0.79086482109877	0.58874316363840
0.59000000000000	0.80166800024476	1.20198816917331	-0.78441391789461	0.58396335239183
0.60000000000000	0.79523881698398	1.19240684850949	-0.77820373161099	0.57935249407263
0.61000000000000	0.78859578314262	1.18244097509715	-0.77164136608585	0.57447477416279
0.62000000000000	0.78194983586109	1.17240166035654	-0.76515417836062	0.56960963673133
0.63000000000000	0.77544675270284	1.16274560789320	-0.75882005938299	0.56492964505249
0.64000000000000	0.76929934502193	1.15350627827782	-0.75279789384314	0.56043900862954
0.65000000000000	0.76342204001974	1.14466699765685	-0.74702446585634	0.55613321546565
0.66000000000000	0.75782542279950	1.13625423499358	-0.74152466348232	0.55203233842549
0.67000000000000	0.75222397945783	1.12789585276223	-0.73607414417928	0.54798692059154
0.68000000000000	0.74656387475412	1.11937652437189	-0.73057477049686	0.54387322031050
0.69000000000000	0.74136050755047	1.11165104610022	-0.72538703410967	0.54006081213134
0.70000000000000	0.73575431632781	1.10323887013124	-0.71996836777801	0.53601242911411
0.71000000000000	0.73027634849313	1.09503183556291	-0.71460670181157	0.53202333919770
0.72000000000000	0.72510536165188	1.08724793597886	-0.70953700167990	0.52823781952491
0.73000000000000	0.72017969790276	1.07981714438083	-0.70471455850929	0.52462807224596
0.74000000000000	0.71554277025539	1.07288073172167	-0.70015722798422	0.52124547554692
0.75000000000000	0.71083631067386	1.06584820458381	-0.69556483117273	0.51783517565606
0.76000000000000	0.70605385444038	1.05869316859888	-0.69093421903384	0.51438686425642
0.77000000000000	0.70156452976420	1.05198844388715	-0.68645366537022	0.51107758128093
0.78000000000000	0.69691510286983	1.04495885166560	-0.68194985975594	0.50769172878098
0.79000000000000	0.69238761015955	1.03824615272123	-0.67752029339470	0.50442677178139
0.80000000000000	0.68785096784316	1.03144744342782	-0.67308170452640	0.50112384494598
0.81000000000000	0.68342204267104	1.02476423213644	-0.66873389081863	0.49787036444897
0.82000000000000	0.67932530885906	1.01856741057400	-0.66474064509264	0.49487128504109
0.83000000000000	0.67549912235476	1.01286235475595	-0.66097737199156	0.49208693240543
0.84000000000000	0.67157797123464	1.00700382478605	-0.65714604750262	0.48924306235515
0.85000000000000	0.66754447419640	1.00098040134056	-0.65323033262728	0.48633262927002
0.86000000000000	0.66361714281358	0.99507791152281	-0.64935900261167	0.48345009964865
0.87000000000000	0.65992426608961	0.98955018166239	-0.64572134517082	0.48075082903103
0.88000000000000	0.65592148992502	0.98356395199350	-0.64183686942203	0.47785967016145
0.89000000000000	0.65197959730895	0.97763807412581	-0.63797193914180	0.47497628667222
0.90000000000000	0.64826014680846	0.97206685201953	-0.63433309461489	0.47226942749773
0.91000000000000	0.64475080062129	0.96679341889003	-0.63088818909299	0.46970186820103
0.92000000000000	0.64123857628101	0.96149044190237	-0.62747237047289	0.46713967959953
0.93000000000000	0.63795045295747	0.95658981720557	-0.62423407458375	0.46474483588214
0.94000000000000	0.63471644004914	0.95176329699253	-0.62107283233799	0.46240143427025
0.95000000000000	0.63144935559049	0.94688164669929	-0.61788882311947	0.46003587804378
0.96000000000000	0.62799823969010	0.94169069769547	-0.61453245287977	0.45752688785770
0.97000000000000	0.62476562176499	0.93683680934401	-0.61130699787493	0.45513274277614
0.98000000000000	0.62142388268931	0.93181611103414	-0.60807067180084	0.45271354880836
0.99000000000000	0.61822857443620	0.92705306465921	-0.60494073676792	0.45039570832592
1.00000000000000	0.61493346847282	0.92209322344946	-0.60171718892445	0.44798733758922
1.01000000000000	0.61181977629335	0.91743662905858	-0.59867011486247	0.44572415636397
1.02000000000000	0.60880101084907	0.91290358389785	-0.59570995126731	0.44351892721201
1.03000000000000	0.60596904530415	0.90866011654683	-0.59295186460861	0.44146495965811
1.04000000000000	0.60322996166082	0.90458126319285	-0.59025983588944	0.43947486722344
1.05000000000000	0.60038252697449	0.90027869882974	-0.58747686552186	0.43738792622288
1.06000000000000	0.59757198755222	0.89606896584859	-0.58472799762585	0.43534323156735
1.07000000000000	0.59474569278535	0.89184478412496	-0.58197467461196	0.43329663383824
1.08000000000000	0.59186735415568	0.88751750252752	-0.57915728868292	0.43119461872680
1.09000000000000	0.58923778830039	0.88356866003087	-0.57654414157197	0.42925346025403
1.10000000000000	0.58645802075469	0.87940947104711	-0.57385696797925	0.42725159335974
1.11000000000000	0.58375406003070	0.87537436498476	-0.57120283293227	0.42528516840645
1.12000000000000	0.58095708556503	0.87117169740337	-0.56846552838016	0.42324349222391
1.13000000000000	0.57834803617737	0.86727572401839	-0.56590920405794	0.42134790801649
1.14000000000000	0.57577757902398	0.86341931357410	-0.56340101499796	0.41947896357818
1.15000000000000	0.57335153148278	0.85978429602889	-0.56101141463348	0.41770313297626
1.16000000000000	0.57083213171778	0.85596579259928	-0.55857303398764	0.41586544516230
1.17000000000000	0.56853475862555	0.85253240714996	-0.55630683385766	0.41418602477442
1.18000000000000	0.56625742132328	0.84914004558091	-0.55408166989864	0.41253933490178
1.19000000000000	0.56388254322054	0.84557042324373	-0.55175969699881	0.41080648543771
1.20000000000000	0.56148300412153	0.84198430330840	-0.54941680930964	0.40906601507412
1.21000000000000	0.55910063649782	0.83840816993571	-0.54709383724409	0.40733373236706
1.22000000000000	0.55683784555714	0.83501133412554	-0.54484585442825	0.40566442069308
1.23000000000000	0.55456919369446	0.83161433743192	-0.54263913103379	0.40402145970936
1.24000000000000	0.55218263091234	0.82804110211729	-0.54031241018596	0.40228956980237
1.25000000000000	0.54987577938873	0.82458835268411	-0.53804259217650	0.40060471434758
1.26000000000000	0.54758293387713	0.82114325912118	-0.53580549654386	0.39893528682929
1.27000000000000	0.54537399091581	0.81783268918641	-0.53364134135813	0.39732500042873
1.28000000000000	0.54326189194914	0.81466690496799	-0.53158000983934	0.39579015732321
1.29000000000000	0.54121387364531	0.81160228051006	-0.52956145300310	0.39429227312203
1.30000000000000	0.53911942324536	0.80844335319320	-0.52753904940072	0.39277442384289
1.31000000000000	0.53718740946103	0.80556217345726	-0.52562741814026	0.39136119998320
1.32000000000000	0.53520463735526	0.80257814151603	-0.52369591095287	0.38991710366083
1.33000000000000	0.53328272661057	0.79970422922033	-0.52181305226112	0.38851927708175
1.34000000000000	0.53127188856039	0.79669914235011	-0.51984257223530	0.38705698853051
1.35000000000000	0.52923545025897	0.79364674501516	-0.51786120792307	0.38558041664084
1.36000000000000	0.52723161159672	0.79063029598177	-0.51589791088878	0.38411403791512
1.37000000000000	0.52535901651395	0.78782022397543	-0.51404415968499	0.38273700970689
1.38000000000000	0.52344574915371	0.78496058261309	-0.51218302028162	0.38135345649427
1.39000000000000	0.52140811872954	0.78190954893216	-0.51019482560109	0.37987373631007
1.40000000000000	0.51948183884280	0.77901563313394	-0.50830005927749	0.37846245289004
1.41000000000000	0.51755616007919	0.77613107444821	-0.50642068543514	0.37706390419459
1.42000000000000	0.51571881993268	0.77339336950412	-0.50461657172876	0.37572937383322
1.43000000000000	0.51383412576012	0.77056172676821	-0.50277831055405	0.37435730071978
1.44000000000000	0.51204465243260	0.76786547112902	-0.50102692312671	0.37304778472149
1.45000000000000	0.51040618320370	0.76542276726806	-0.49941686648448	0.37185644493514
1.46000000000000	0.50862930728944	0.76273675137822	-0.49769884225927	0.37056429285957
1.47000000000000	0.50699171289663	0.76029268929852	-0.49607783325229	0.36936544509448
1.48000000000000	0.50532617232535	0.75779174249862	-0.49445677702192	0.36815561959205
1.49000000000000	0.50369931719089	0.75536056101310	-0.49286033053284	0.36697150076377
1.50000000000000	0.50204111560378	0.75287095645300	-0.49123958143950	0.36576324026019
1.51000000000000	0.50031782875984	0.75029295907547	-0.48955285813199	0.36450994637142
1.52000000000000	0.49865618940619	0.74781536925522	-0.48793460590535	0.36331013910569
1.53000000000000	0.49700623648532	0.74533373450637	-0.48630839489259	0.36209823093193
1.54000000000000	0.49540016782164	0.74290793899859	-0.48472995097672	0.36091662090752
1.55000000000000	0.49374875696492	0.74043545616515	-0.48312496189105	0.35972122979897
1.56000000000000	0.49207326042389	0.73793268470099	-0.48148515808927	0.35850446038555
1.57000000000000	0.49044833529759	0.73549708089629	-0.47988835323044	0.35731754585426
1.58000000000000	0.48882644652815	0.73306828849757	-0.47830277498965	0.35613803679655
1.59000000000000	0.48724467296929	0.73070316907671	-0.47675254825951	0.35498733335244
1.60000000000000	0.48568039031430	0.72835009451227	-0.47522562910185	0.35384674102822
1.61000000000000	0.48416432423630	0.72608553134063	-0.47374376239581	0.35274697632006
1.62000000000000	0.48271175063819	0.72390114111972	-0.47231627973439	0.35168255071197
1.63000000000000	0.48125447276503	0.72171605089440	-0.47089477928847	0.35062318825062
1.64000000000000	0.47981798218141	0.71955582463051	-0.46949798589683	0.34957919884204
1.65000000000000	0.47843329830850	0.71747670978036	-0.46813184151702	0.34856264793259
1.66000000000000	0.47704277535515	0.71539496295155	-0.46677803869880	0.34755497903223
1.67000000000000	0.47567862488986	0.71335585485339	-0.46543833889067	0.34656128837230
1.68000000000000	0.47426203826103	0.71123379482638	-0.46405528614659	0.34553217394155
1.69000000000000	0.47288013268284	0.70917294192708	-0.46269766542912	0.34452731370620
1.70000000000000	0.47140435489160	0.70695325721413	-0.46126031368362	0.34345275131885
1.71000000000000	0.46999158009062	0.70483005582738	-0.45987984775677	0.34242260911869
1.72000000000000	0.46865851393882	0.70283422950160	-0.45856338031337	0.34144606321585
1.73000000000000	0.46728472376925	0.70076664785801	-0.45721812417771	0.34044131972459
1.74000000000000	0.46589212895580	0.69867885775394	-0.45586501114205	0.33943237498807
1.75000000000000	0.46448837690830	0.69658056667064	-0.45448889022876	0.33841098404921
1.76000000000000	0.46313964374678	0.69456499797926	-0.45316471121947	0.33742929128582
1.77000000000000	0.46178751426792	0.69254374910484	-0.45183953784350	0.33644565020996
1.78000000000000	0.46039405743263	0.69044621086204	-0.45048046919785	0.33542951435019
1.79000000000000	0.45909536882648	0.68850182770522	-0.44920499934331	0.33448199612549
1.80000000000000	0.45777260072886	0.68651942340129	-0.44791391240870	0.33352058943822
1.81000000000000	0.45651758090792	0.68463197241805	-0.44668915526164	0.33260585606133
1.82000000000000	0.45529644624164	0.68279868786390	-0.44548552410594	0.33171009420098
1.83000000000000	0.45411012207956	0.68102513830525	-0.44433305561441	0.33085294667684
1.84000000000000	0.45289153773414	0.67919494609312	-0.44314570692342	0.32996694919007
1.85000000000000	0.45173164033430	0.67745600956524	-0.44200012701006	0.32911592584879
1.86000000000000	0.45058452791554	0.67574392661843	-0.44088511082973	0.32828815841835
1.87000000000000	0.44941134137088	0.67398266948117	-0.43973302318752	0.32743008498882
1.88000000000000	0.44823010492641	0.67221173083897	-0.43857874497092	0.32657065966571
1.89000000000000	0.44702084279251	0.67039438021505	-0.43739314743477	0.32568643098082
1.90000000000000	0.44581728784438	0.66859206912567	-0.43621478401419	0.32481024515946
1.91000000000000	0.44465098605854	0.66685086419995	-0.43507727208655	0.32396612257907
1.92000000000000	0.44343512739565	0.66502182485150	-0.43388887723255	0.32307861292326
1.93000000000000	0.44231687104518	0.66334635905222	-0.43278588840211	0.32225955913136
1.94000000000000	0.44116132271283	0.66160769508189	-0.43165565412307	0.32141545346549
1.95000000000000	0.44002875312013	0.65991407959727	-0.43055234650275	0.32059518180833
1.96000000000000	0.43886249466516	0.65817629394363	-0.42941163996706	0.31975065204199
1.97000000000000	0.43766022090950	0.65636944190717	-0.42822986146089	0.31886977241372
1.98000000000000	0.43649648403614	0.65462052512727	-0.42709009194003	0.31801984857800
1.99000000000000	0.43535593999897	0.65291108129202	-0.42597684851596	0.31719080991523
2.00000000000000	0.43423658497835	0.65123707343972	-0.42487952027495	0.31637621402379
2.01000000000000	0.43312320621361	0.64956500184548	-0.42378992545859	0.31556387540443
2.02000000000000	0.43202035351315	0.64791461868368	-0.42271164236039	0.31476228601148
2.03000000000000	0.43098234267105	0.64635658908873	-0.42169958415409	0.31400767506634
2.04000000000000	0.42994700310200	0.64480144006467	-0.42068084588919	0.31324888348995
2.05000000000000	0.42894396599118	0.64329868096077	-0.41969999746423	0.31251904001205
2.06000000000000	0.42790451664002	0.64174253646353	-0.41869423009856	0.31176938305745
2.07000000000000	0.42693963365594	0.64030195359207	-0.41773673386327	0.31106150465384
2.08000000000000	0.42595406171348	0.63881302999168	-0.41677937888555	0.31034286957629
2.09000000000000	0.42495487221981	0.63731515865971	-0.41580240268325	0.30961532289567
2.10000000000000	0.42399529144464	0.63588291743150	-0.41485967692243	0.30891715927079
2.11000000000000	0.42298830875377	0.63437310934593	-0.41387613943013	0.30818463185607
2.12000000000000	0.42198105900385	0.63286028107035	-0.41288908003385	0.30744890988887
2.13000000000000	0.42098473986891	0.63136790361120	-0.41191209347218	0.30672253410429
2.14000000000000	0.41995828713972	0.62983136400074	-0.41091060138847	0.30597750107708
2.15000000000000	0.41897585222447	0.62836260259074	-0.40995076505801	0.30526467292302
2.16000000000000	0.41798727800261	0.62687651367373	-0.40897935581155	0.30454043326734
2.17000000000000	0.41704452231625	0.62545943476890	-0.40805621161352	0.30385192440665
2.18000000000000	0.41609264180945	0.62403512099847	-0.40712326411886	0.30315889072790
2.19000000000000	0.41508766202852	0.62252572151409	-0.40614576708322	0.30242902299710
2.20000000000000	0.41411326476896	0.62107092345148	-0.40518988914981	0.30172043254478
2.21000000000000	0.41311396594393	0.61957119911904	-0.40420837541424	0.30098966628956
2.22000000000000	0.41214596920189	0.61811618936887	-0.40326212406150	0.30028370058248
2.23000000000000	0.41117719566702	0.61666935459548	-0.40231256089821	0.29957947641150
2.24000000000000	0.41020695949303	0.61521410635345	-0.40136639051321	0.29887432838182
2.25000000000000	0.40928945368263	0.61384160578482	-0.40046321290134	0.29820430592825
2.26000000000000	0.40835886487546	0.61244417355597	-0.39955744448558	0.29752824619363
2.27000000000000	0.40746837498797	0.61111270719892	-0.39868436140623	0.29688019736584
2.28000000000000	0.40654928762151	0.60972600316469	-0.39778843691968	0.29620871569244
2.29000000000000	0.40569337050719	0.60844262514071	-0.39694595806970	0.29558240553304
2.30000000000000	0.40486068442068	0.60719707444245	-0.39613191360210	0.29497755760411
2.31000000000000	0.40399235137739	0.60589946210308	-0.39529051123729	0.29435156646580
2.32000000000000	0.40316787538406	0.60466103068147	-0.39447646765190	0.29374584405229
2.33000000000000	0.40232979699142	0.60339873445661	-0.39365733855602	0.29313342331293
2.34000000000000	0.40153281573990	0.60221495181373	-0.39287976379376	0.29255908471345
2.35000000000000	0.40068922530335	0.60094748328801	-0.39205336532155	0.29194291131183
2.36000000000000	0.39985183171035	0.59968830891432	-0.39123226888032	0.29133026131347
2.37000000000000	0.39901805485105	0.59843959412654	-0.39041834264960	0.29072463786708
2.38000000000000	0.39815934574160	0.59714879490253	-0.38957567213149	0.29009621085563
2.39000000000000	0.39732345086748	0.59589854556674	-0.38875671675280	0.28948811791465
2.40000000000000	0.39646398105058	0.59461196134543	-0.38791769558936	0.28886400060534
2.41000000000000	0.39563374376589	0.59337246176273	-0.38710501095683	0.28826142548963
2.42000000000000	0.39480704416612	0.59212978774607	-0.38629728020080	0.28765862841302
2.43000000000000	0.39398937380408	0.59090061108471	-0.38549300198612	0.28705911817404
2.44000000000000	0.39319869116500	0.58971418942963	-0.38472177076274	0.28648426234865
2.45000000000000	0.39239069390034	0.58850775156733	-0.38392823376920	0.28589606927038
2.46000000000000	0.39154889477303	0.58724241955382	-0.38310978438528	0.28528451745596
2.47000000000000	0.39069965633877	0.58596848903593	-0.38227595487483	0.28466391345497
2.48000000000000	0.38987271641640	0.58473074020511	-0.38146384893332	0.28406073481670
2.49000000000000	0.38906444324239	0.58351828340530	-0.38067484997909	0.28347302853650
2.50000000000000	0.38825814270851	0.58231391392931	-0.37988256983896	0.28288564407153
2.51000000000000	0.38744101925779	0.58108945412481	-0.37908779980467	0.28229353724636
2.52000000000000	0.38663643844159	0.57988134051645	-0.37829565302293	0.28170380959600
2.53000000000000	0.38585929107057	0.57871509546229	-0.37753713910283	0.28113839846372
2.54000000000000	0.38509669093667	0.57757315139319	-0.37679200465017	0.28058413179738
2.55000000000000	0.38432689120299	0.57641810251316	-0.37603749965220	0.28002211425541
2.56000000000000	0.38358222606087	0.57530026358336	-0.37531159733763	0.27948077834174
2.57000000000000	0.38286032757185	0.57421505501430	-0.37460178415362	0.27895171904388
2.58000000000000	0.38216557482494	0.57317710274084	-0.37392212961100	0.27844738693451
2.59000000000000	0.38144828740133	0.57210617214881	-0.37322564049140	0.27792983698499
2.60000000000000	0.38071559817953	0.57100417136391	-0.37250734021850	0.27739386940234
2.61000000000000	0.38005129130865	0.57001066248061	-0.37185165027978	0.27690789181983
2.62000000000000	0.37933384351722	0.56893183655692	-0.37115495149795	0.27638685730908
2.63000000000000	0.37864201731474	0.56789265139863	-0.37047825980560	0.27588219588883
2.64000000000000	0.37794625369519	0.56685235572153	-0.36979481216979	0.27537512004832
2.65000000000000	0.37724523562217	0.56580127677010	-0.36910904416284	0.27486460105711
2.66000000000000	0.37654194628121	0.56474775032241	-0.36842211676359	0.27435344151695
2.67000000000000	0.37581975704120	0.56366172268639	-0.36771386541643	0.27382500576116
2.68000000000000	0.37512724931104	0.56262860257369	-0.36703450018894	0.27332192721889
2.69000000000000	0.37440236004545	0.56154437306263	-0.36632709241215	0.27279607584522
2.70000000000000	0.37368444831219	0.56046715228208	-0.36562323660317	0.27227189178284
2.71000000000000	0.37297893404957	0.55940588143611	-0.36493593953739	0.27175820657200
2.72000000000000	0.37229211108702	0.55837669091045	-0.36426029209459	0.27125608577030
2.73000000000000	0.37162748837937	0.55737935253981	-0.36361095339214	0.27077227529053
2.74000000000000	0.37093382607140	0.55633766932651	-0.36293250760966	0.27026637447102
2.75000000000000	0.37027143203799	0.55534889906532	-0.36228244207739	0.26978462824949
2.76000000000000	0.36956069198443	0.55428237576195	-0.36159086714522	0.26926879753084
2.77000000000000	0.36885597208409	0.55322600671067	-0.36089878572255	0.26875406721330
2.78000000000000	0.36815806466603	0.55218224472616	-0.36021407480672	0.26824584870880
2.79000000000000	0.36745513256424	0.55112643183083	-0.35952687832949	0.26773328295778
2.80000000000000	0.36678181204480	0.55011938761544	-0.35886591169193	0.26724276604576
2.81000000000000	0.36609044652400	0.54908004026762	-0.35819184685473	0.26673930312243
2.82000000000000	0.36540477788453	0.54805341322450	-0.35752131146295	0.26624064137973
2.83000000000000	0.36475219183019	0.54707532667855	-0.35687917292643	0.26576341621460
2.84000000000000	0.36408658260199	0.54607682766720	-0.35623057807729	0.26527988602096
2.85000000000000	0.36344920979687	0.54512311475757	-0.35560702456790	0.26481653782069
2.86000000000000	0.36280201658511	0.54415177739550	-0.35497231068211	0.26434372799479
2.87000000000000	0.36217313998071	0.54320633184839	-0.35436028054710	0.26388644787390
2.88000000000000	0.36157554947125	0.54231289547287	-0.35377285280289	0.26345075770020
2.89000000000000	0.36097534240088	0.54141377526182	-0.35318393582348	0.26301295266369
2.90000000000000	0.36037169839798	0.54050872351791	-0.35259608204017	0.26257486561849
2.91000000000000	0.35975478345069	0.53958434185128	-0.35199592284354	0.26212764693398
2.92000000000000	0.35917281419184	0.53871114225912	-0.35142197014894	0.26170096300250
2.93000000000000	0.35859435775276	0.53784263405998	-0.35085502011473	0.26127851115212
2.94000000000000	0.35799968797021	0.53695129338862	-0.35027610737592	0.26084707401748
2.95000000000000	0.35741964855743	0.53608145253803	-0.34970870887820	0.26042462343222
2.96000000000000	0.35682913595875	0.53519729513310	-0.34912913490247	0.25999395172944
2.97000000000000	0.35624587254853	0.53432221845920	-0.34855827860929	0.25956881758983
2.98000000000000	0.35564859494907	0.53342811733166	-0.34797430310066	0.25913457862512
2.99000000000000	0.35506077032585	0.53254950821311	-0.34739916463941	0.25870766103939
3.00000000000000	0.35446514217316	0.53165546692554	-0.34681404828759	0.25827207173388
3.01000000000000	0.35384503468229	0.53072205268927	-0.34620829289466	0.25781926786777
3.02000000000000	0.35324843688207	0.52983098366898	-0.34562483918026	0.25738636394589
3.03000000000000	0.35264698351158	0.52893008554836	-0.34503486198119	0.25694776067543
3.04000000000000	0.35205813514788	0.52804597682367	-0.34446145514073	0.25651991526583
3.05000000000000	0.35147535672548	0.52717161411789	-0.34388903950852	0.25609386999421
3.06000000000000	0.35090587618103	0.52631605094123	-0.34333153717685	0.25567814131600
3.07000000000000	0.35035222519581	0.52548968027737	-0.34279144728458	0.25527752610056
3.08000000000000	0.34978048796705	0.52463156372759	-0.34222957243399	0.25485921237774
3.09000000000000	0.34919661547324	0.52375698113176	-0.34166062940180	0.25443563581602
3.10000000000000	0.34859534784461	0.52285657762961	-0.34107087940621	0.25399722041757
3.11000000000000	0.34799390932681	0.52195167711907	-0.34048272351362	0.25355801221205
3.12000000000000	0.34741885840867	0.52109125197333	-0.33991814986122	0.25313880964541
3.13000000000000	0.34682853595161	0.52020632451510	-0.33934115556746	0.25270918800373
3.14000000000000	0.34625534939520	0.51934707541180	-0.33877927576696	0.25229119773308
3.15000000000000	0.34567546432659	0.51847825052077	-0.33821194719922	0.25186911565842
3.16000000000000	0.34510806895637	0.51763026262370	-0.33765862785077	0.25145806564462
3.17000000000000	0.34454296240390	0.51678170599302	-0.33710359891102	0.25104470209836
3.18000000000000	0.34398708871678	0.51594776706937	-0.33655872113495	0.25063897563787
3.19000000000000	0.34343571686922	0.51512190652889	-0.33602159714271	0.25023909948518
3.20000000000000	0.34288379143823	0.51429181280341	-0.33548052208723	0.24983526341156
3.21000000000000	0.34235742688829	0.51350311135890	-0.33496501656760	0.24945178583968
3.22000000000000	0.34182868760566	0.51271010060238	-0.33445033916606	0.24906810608433
3.23000000000000	0.34132128740064	0.51195294321579	-0.33395134638544	0.24869865723222
3.24000000000000	0.34081854155473	0.51119790747822	-0.33345891991562	0.24833165486379
3.25000000000000	0.34030401457215	0.51042405466533	-0.33295646812025	0.24795631932549
3.26000000000000	0.33980969935266	0.50968770987351	-0.33247427134682	0.24759916754797
3.27000000000000	0.33928993165776	0.50890792969459	-0.33196708986082	0.24722117530850
3.28000000000000	0.33879789762234	0.50816750331609	-0.33148011824063	0.24685839028464
3.29000000000000	0.33830601867232	0.50742841123700	-0.33100230885931	0.24650141465862
3.30000000000000	0.33781702491119	0.50669689293859	-0.33052381130105	0.24614584552075
3.31000000000000	0.33732927087426	0.50596598356094	-0.33004728561355	0.24579123857238
3.32000000000000	0.33683102182447	0.50521997744686	-0.32955832276520	0.24542786979670
3.33000000000000	0.33634020664353	0.50448436665019	-0.32907771196948	0.24507032091297
3.34000000000000	0.33584738152021	0.50374706767598	-0.32859570774502	0.24471216480628
3.35000000000000	0.33533798647623	0.50298210001066	-0.32809765752968	0.24434077017453
3.36000000000000	0.33483207206177	0.50222233685242	-0.32760242887571	0.24397161763297
3.37000000000000	0.33432967336251	0.50147097662354	-0.32710788259865	0.24360471682148
3.38000000000000	0.33382347439894	0.50071128977745	-0.32661499069754	0.24323712640405
3.39000000000000	0.33331213060567	0.49994470521350	-0.32611435952927	0.24286450345164
3.40000000000000	0.33280787845415	0.49918991810862	-0.32561953973599	0.24249691036947
3.41000000000000	0.33231136510905	0.49844593208666	-0.32513584459990	0.24213668709131
3.42000000000000	0.33182280141899	0.49771346836621	-0.32465687037632	0.24178028616840
3.43000000000000	0.33135452115338	0.49701077780444	-0.32419777596662	0.24143844745369
3.44000000000000	0.33086834968061	0.49628100906128	-0.32372325805686	0.24108456383623
3.45000000000000	0.33038715263244	0.49555806202514	-0.32325273450990	0.24073361162288
3.46000000000000	0.32991057042404	0.49484600163565	-0.32278388701157	0.24038609976231
3.47000000000000	0.32940823330065	0.49409261077448	-0.32229569256687	0.24002198609725
3.48000000000000	0.32891658125783	0.49335820627560	-0.32181151768210	0.23966325867756
3.49000000000000	0.32840720862526	0.49259079347979	-0.32131467412562	0.23929154150721
3.50000000000000	0.32792156812455	0.49186502800860	-0.32083769200172	0.23893781579865
3.51000000000000	0.32743008851133	0.49112912526089	-0.32035689252653	0.23858027057358
3.52000000000000	0.32693219997889	0.49038062555098	-0.31987041515414	0.23821712677542
3.53000000000000	0.32646066628159	0.48967556787959	-0.31940670253788	0.23787317109650
3.54000000000000	0.32596783192422	0.48893652333638	-0.31892696008998	0.23751552621690
3.55000000000000	0.32548827287994	0.48821694753541	-0.31845753738980	0.23716584870656
3.56000000000000	0.32501374947183	0.48750518227711	-0.31799123058551	0.23681893097561
3.57000000000000	0.32455665033108	0.48682096201764	-0.31754447750630	0.23648677359439
3.58000000000000	0.32409416737501	0.48612852084106	-0.31709322689552	0.23615105503737
3.59000000000000	0.32363002579434	0.48542993488753	-0.31663843301258	0.23581136127098
3.60000000000000	0.32318350231208	0.48476161509610	-0.31620070389137	0.23548616041103
3.61000000000000	0.32274004864809	0.48409808325310	-0.31576874539825	0.23516484101161
3.62000000000000	0.32231032756352	0.48345500594876	-0.31534690960838	0.23485158193775
3.63000000000000	0.32187739772189	0.48280174046660	-0.31492396622293	0.23453481070620
3.64000000000000	0.32145537009665	0.48217113099464	-0.31450933483286	0.23422732427602
3.65000000000000	0.32103060494260	0.48153483033593	-0.31409534402120	0.23391914884410
3.66000000000000	0.32059776558813	0.48088718675078	-0.31367267172578	0.23360486839814
3.67000000000000	0.32017394442634	0.48025137069875	-0.31325857330563	0.23329633610346
3.68000000000000	0.31975934940631	0.47962765397621	-0.31284898279980	0.23299117575439
3.69000000000000	0.31934865073580	0.47901125854261	-0.31244948420157	0.23269309716076
3.70000000000000	0.31893605935549	0.47839459586702	-0.31204669166258	0.23239392875557
3.71000000000000	0.31852422402469	0.47777793754640	-0.31164242224762	0.23209351554884
3.72000000000000	0.31810987450485	0.47715746176603	-0.31123794556835	0.23179263279285
3.73000000000000	0.31769186717679	0.47652987978518	-0.31082762915896	0.23148702958396
3.74000000000000	0.31727397757690	0.47590267760500	-0.31041916285267	0.23118259199121
3.75000000000000	0.31685701005687	0.47527827661954	-0.31001102903898	0.23087908449656
3.76000000000000	0.31643069051493	0.47463870882183	-0.30959393869893	0.23056839341849
3.77000000000000	0.31600639709649	0.47400239540742	-0.30917899163442	0.23025944003770
3.78000000000000	0.31558131276295	0.47336643797470	-0.30876038845940	0.22994882440566
3.79000000000000	0.31515190240223	0.47272062707712	-0.30834239325370	0.22963644022405
3.80000000000000	0.31473185814940	0.47209377847849	-0.30793067604640	0.22933133652759
3.81000000000000	0.31430758636974	0.47145855906040	-0.30751507850343	0.22902244852490
3.82000000000000	0.31388432139625	0.47082424661190	-0.30710070188292	0.22871412935669
3.83000000000000	0.31345776738959	0.47018281527260	-0.30668502946985	0.22840352675960
3.84000000000000	0.31305712179271	0.46958133887125	-0.30629174666023	0.22811065491271
3.85000000000000	0.31265810370404	0.46898303166090	-0.30590127199677	0.22781995303304
3.86000000000000	0.31225485529487	0.46837849891345	-0.30550740914869	0.22752660647924
3.87000000000000	0.31184851364869	0.46776849658985	-0.30511030114173	0.22723058712032
3.88000000000000	0.31144916290716	0.46717092379566	-0.30471726492131	0.22693890335031
3.89000000000000	0.31103815947730	0.46655675761244	-0.30431702136324	0.22664155988875
3.90000000000000	0.31061031314185	0.46591503623620	-0.30389793666817	0.22632951817107
3.91000000000000	0.31019393921509	0.46529189391498	-0.30348903548104	0.22602587004352
3.92000000000000	0.30977504813423	0.46466351975046	-0.30307985307636	0.22572100006728
3.93000000000000	0.30935484914551	0.46403069556185	-0.30266795933482	0.22541326521502
3.94000000000000	0.30894396868993	0.46341572063549	-0.30226627267185	0.22511460836112
3.95000000000000	0.30852637819353	0.46278963112596	-0.30185786210662	0.22481056099027
3.96000000000000	0.30813030081184	0.46219717289586	-0.30146831975865	0.22452153264416
3.97000000000000	0.30771888897208	0.46158040147265	-0.30106788410888	0.22422310682513
3.98000000000000	0.30731382079953	0.46097328689446	-0.30067137171089	0.22392801346218
3.99000000000000	0.30691598093811	0.46037751753831	-0.30028115253250	0.22363803808166
4.00000000000000	0.30652374972691	0.45978886079589	-0.29989651541009	0.22335158371270
4.01000000000000	0.30613172360025	0.45920104187373	-0.29951436558688	0.22306682187983
4.02000000000000	0.30574159212130	0.45861622725876	-0.29913229604854	0.22278244616930
4.03000000000000	0.30535648743361	0.45803737193570	-0.29875532770306	0.22250123051547
4.04000000000000	0.30498349688056	0.45747860981237	-0.29838997703706	0.22222953304333
4.05000000000000	0.30461071008069	0.45692157619938	-0.29802643267856	0.22195948992381
4.06000000000000	0.30424567205551	0.45637432129613	-0.29766855500482	0.22169322176094
4.07000000000000	0.30388313423850	0.45582937477010	-0.29731416750592	0.22142877021216
4.08000000000000	0.30353206850143	0.45530393497463	-0.29696962089515	0.22117284705407
4.09000000000000	0.30316932393819	0.45475939558422	-0.29661548841362	0.22090878082782
4.10000000000000	0.30280879909550	0.45422020201822	-0.29626219797605	0.22064638815039
4.11000000000000	0.30244493360133	0.45367475720731	-0.29590788046938	0.22038240153389
4.12000000000000	0.30208972102240	0.45314152214229	-0.29555980856454	0.22012308157299
4.13000000000000	0.30174686064331	0.45262618832838	-0.29522172151453	0.21987130307439
4.14000000000000	0.30140051676757	0.45210671240505	-0.29488493165930	0.21962012505430
4.15000000000000	0.30105439377638	0.45159031664921	-0.29454698235985	0.21936954447874
4.16000000000000	0.30071177643078	0.45107782090054	-0.29421000837590	0.21911951013681
4.17000000000000	0.30035220836475	0.45053626221202	-0.29385987358976	0.21885747735406
4.18000000000000	0.30000484034969	0.45001545587929	-0.29351871446976	0.21860370677270
4.19000000000000	0.29965685496569	0.44949469595591	-0.29317797819736	0.21835053358518
4.20000000000000	0.29930528054844	0.44896738544349	-0.29283423544396	0.21809451990441
4.21000000000000	0.29894967877420	0.44843415404130	-0.29248638619943	0.21783550751804
4.22000000000000	0.29859197304044	0.44789803255047	-0.29213604643757	0.21757482662977
4.23000000000000	0.29823554759622	0.44736361005931	-0.29178780470064	0.21731552800818
4.24000000000000	0.29788227343535	0.44683493946925	-0.29144001434597	0.21705740097744
4.25000000000000	0.29752225530528	0.44629406578175	-0.29108930950745	0.21679558577543
4.26000000000000	0.29716400039420	0.44575926891581	-0.29073781884141	0.21653507207279
4.27000000000000	0.29679892262809	0.44521047169292	-0.29038112264256	0.21626884530439
4.28000000000000	0.29644201702973	0.44467552993631	-0.29003090980751	0.21600837899157
4.29000000000000	0.29609100287217	0.44414997908712	-0.28968817093687	0.21575339705817
4.30000000000000	0.29574475581694	0.44363107342200	-0.28935002733469	0.21550166843391
4.31000000000000	0.29540316758294	0.44311740064396	-0.28901498793848	0.21525174371478
4.32000000000000	0.29506522451910	0.44261066141967	-0.28868449688884	0.21500564761105
4.33000000000000	0.29472837889057	0.44210613026472	-0.28835532969588	0.21476073020272
4.34000000000000	0.29439057615102	0.44159955704244	-0.28802531846111	0.21451493127013
4.35000000000000	0.29405408466564	0.44109568825678	-0.28769463154263	0.21426929605254
4.36000000000000	0.29370460324566	0.44057183415794	-0.28735247994109	0.21401465365237
4.37000000000000	0.29334755453842	0.44003667708850	-0.28700483597665	0.21375562164626
4.38000000000000	0.29299730643959	0.43951227264174	-0.28665978440240	0.21349949310117
4.39000000000000	0.29264563095749	0.43898465534780	-0.28631679902004	0.21324384701003
4.40000000000000	0.29229282768008	0.43845730156982	-0.28597063988422	0.21298699124532
4.41000000000000	0.29193782420722	0.43792200548899	-0.28562334622990	0.21272711354943
4.42000000000000	0.29159420746323	0.43740803034950	-0.28528716704524	0.21247736045661
4.43000000000000	0.29124974275567	0.43689199316899	-0.28495086893970	0.21222707908195
4.44000000000000	0.29090667539548	0.43637791350775	-0.28461306446413	0.21197608838206
4.45000000000000	0.29056172512547	0.43586061863662	-0.28427688619205	0.21172555573768
4.46000000000000	0.29022082199748	0.43535119680917	-0.28394331367584	0.21147796177873
4.47000000000000	0.28988273321976	0.43484313220808	-0.28361268181804	0.21123130219899
4.48000000000000	0.28954748751631	0.43433994885069	-0.28328380812384	0.21098638272751
4.49000000000000	0.28921848982438	0.43384681640980	-0.28296148480505	0.21074654972659
4.50000000000000	0.28888833557222	0.43335247717966	-0.28263953071928	0.21050698588419
4.51000000000000	0.28856286059863	0.43286435909929	-0.28232065420220	0.21026958338273
4.52000000000000	0.28823759197829	0.43237539362190	-0.28200256138468	0.21003220539956
4.53000000000000	0.28792450555452	0.43190750443321	-0.28169539965654	0.20980435155149
4.54000000000000	0.28761213625480	0.43144086125732	-0.28139017826611	0.20957780409451
4.55000000000000	0.28729629136141	0.43096585987475	-0.28108244586319	0.20934787250790
4.56000000000000	0.28699386112861	0.43051266915686	-0.28078474199254	0.20912662764943
4.57000000000000	0.28668908431269	0.43005453567480	-0.28048790738465	0.20890493454911
4.58000000000000	0.28639149450499	0.42960881754739	-0.28019528677957	0.20868752665342
4.59000000000000	0.28608736066604	0.42915241124323	-0.27989876914483	0.20846641884837
4.60000000000000	0.28578467220619	0.42869988133172	-0.27960170811583	0.20824595893311
4.61000000000000	0.28547889029188	0.42824117946567	-0.27930377151912	0.20802385365929
4.62000000000000	0.28518014856267	0.42779432971920	-0.27901147218968	0.20780673203748
4.63000000000000	0.28488901992085	0.42735673966363	-0.27872517585409	0.20759339066368
4.64000000000000	0.28460350072384	0.42692928244272	-0.27844527127541	0.20738537075657
4.65000000000000	0.28430847921010	0.42648706670852	-0.27815888286007	0.20717182628841
4.66000000000000	0.28401292539230	0.42604313124866	-0.27786890064882	0.20695573309109
4.67000000000000	0.28372119747179	0.42560637647643	-0.27758262789844	0.20674301269099
4.68000000000000	0.28342207749518	0.42515707649783	-0.27729109301931	0.20652541489942
4.69000000000000	0.28313074267178	0.42472059422724	-0.27700511967207	0.20631284059155
4.70000000000000	0.28284064652844	0.42428666705015	-0.27672107108350	0.20610187925109
4.71000000000000	0.28254184327196	0.42383806197619	-0.27642910249590	0.20588419427774
4.72000000000000	0.28224603584508	0.42339523170855	-0.27613926581447	0.20566878064509
4.73000000000000	0.28194649497355	0.42294672635916	-0.27584645512090	0.20545103074664
4.74000000000000	0.28164855660454	0.42250069992521	-0.27555437592989	0.20523397236705
4.75000000000000	0.28134187521626	0.42203888797837	-0.27525479721979	0.20501000114758
4.76000000000000	0.28104355525812	0.42159134763973	-0.27496126234196	0.20479161714052
4.77000000000000	0.28073910855471	0.42113543933195	-0.27466496639786	0.20457104643517
4.78000000000000	0.28043985716518	0.42068854948577	-0.27437090169587	0.20435309834256
4.79000000000000	0.28013347838595	0.42022825276256	-0.27407184164189	0.20412995896178
4.80000000000000	0.27983685553164	0.41978368289188	-0.27378078568980	0.20391348855911
4.81000000000000	0.27954001197678	0.41933985792082	-0.27349030656245	0.20369779410143
4.82000000000000	0.27924137375790	0.41889147755422	-0.27319933272110	0.20348069479618
4.83000000000000	0.27895130797536	0.41845661113660	-0.27291475140287	0.20326896631148
4.84000000000000	0.27867036476977	0.41803488817365	-0.27263945852078	0.20306388089892
4.85000000000000	0.27838576722269	0.41760714162138	-0.27236190427052	0.20285664532247
4.86000000000000	0.27810146037870	0.41718120135495	-0.27208357524569	0.20264958880231
4.87000000000000	0.27781538214061	0.41675265728202	-0.27180412586600	0.20244165321978
4.88000000000000	0.27753257230191	0.41632940109273	-0.27152629312365	0.20223536285645
4.89000000000000	0.27724428158370	0.41589746583150	-0.27124386307113	0.20202532527330
4.90000000000000	0.27694387598545	0.41544720483678	-0.27095118115122	0.20180725114756
4.91000000000000	0.27664226859577	0.41499507238676	-0.27065520515417	0.20158709420824
4.92000000000000	0.27635063457081	0.41455822295912	-0.27036856060259	0.20137409844244
4.93000000000000	0.27604863123802	0.41410467618376	-0.27007483666161	0.20115483191809
4.94000000000000	0.27575681357511	0.41366807293127	-0.26978774726126	0.20094175712118
4.95000000000000	0.27545796977290	0.41321887709063	-0.26949564309122	0.20072376379504
4.96000000000000	0.27516909239093	0.41278599639529	-0.26921323572833	0.20051359031035
4.97000000000000	0.27488043860718	0.41235428203527	-0.26893128635236	0.20030408881830
4.98000000000000	0.27459217208001	0.41192183600845	-0.26864769739210	0.20009312426960
4.99000000000000	0.27430147689973	0.41148587565526	-0.26836376576463	0.19988161863247
5.00000000000000	0.27401061481681	0.41105014394427	-0.26807964031208	0.19967016259841
5.01000000000000	0.27372598146676	0.41062370822600	-0.26780099893018	0.19946290351722
5.02000000000000	0.27344294280485	0.41019919762323	-0.26752373551682	0.19925647584597
5.03000000000000	0.27316208003872	0.40977742602893	-0.26724859144491	0.19905142635847
5.04000000000000	0.27288746864543	0.40936623056415	-0.26697983207204	0.19885160148706
5.05000000000000	0.27260995627233	0.40895033686528	-0.26670904354108	0.19864995620844
5.06000000000000	0.27233628038730	0.40854004079926	-0.26644080649843	0.19845035184269
5.07000000000000	0.27206315528620	0.40813009572689	-0.26617381422329	0.19825136056387
5.08000000000000	0.27179886426397	0.40773552605688	-0.26591427848617	0.19805905004949
5.09000000000000	0.27153091996968	0.40733256368949	-0.26565262160025	0.19786363463187
5.10000000000000	0.27126562869545	0.40693481810349	-0.26539376964803	0.19767078865199
5.11000000000000	0.27100879529983	0.40655032095110	-0.26514193611979	0.19748367418468
5.12000000000000	0.27075430865173	0.40616880140395	-0.26489270272656	0.19729819809844
5.13000000000000	0.27049960862276	0.40578662287078	-0.26464412544462	0.19711290851099
5.14000000000000	0.27024747205359	0.40540786413267	-0.26439639546357	0.19692832572255
5.15000000000000	0.26999284253995	0.40502637028835	-0.26414817735764	0.19674351069491
5.16000000000000	0.26973972293709	0.40464807860384	-0.26389967205497	0.19655918692024
5.17000000000000	0.26948036651888	0.40425899087304	-0.26364648526829	0.19637048660640
5.18000000000000	0.26922706678690	0.40388018960074	-0.26339883432295	0.19618650520739
5.19000000000000	0.26897861381795	0.40350675585135	-0.26315540431208	0.19600495999291
5.20000000000000	0.26873656224997	0.40314312790434	-0.26291754630633	0.19582778052831
5.21000000000000	0.26849445850962	0.40278059587978	-0.26268162428032	0.19565216935635
5.22000000000000	0.26824527891534	0.40240812040130	-0.26243834301651	0.19547142221469
5.23000000000000	0.26799872811085	0.40203720577756	-0.26219655322248	0.19529099350919
5.24000000000000	0.26775230004555	0.40166816007296	-0.26195493393954	0.19511138068633
5.25000000000000	0.26750186052702	0.40129246072565	-0.26171090723743	0.19492944781248
5.26000000000000	0.26725540573194	0.40092342226927	-0.26146882348106	0.19474959586373
5.27000000000000	0.26700987163205	0.40055552077528	-0.26122851185818	0.19457082180031
5.28000000000000	0.26676335005885	0.40018630752940	-0.26098764597718	0.19439165062219
5.29000000000000	0.26651299553538	0.39981084212981	-0.26074224290346	0.19420896186555
5.30000000000000	0.26626021698791	0.39943155584975	-0.26049519778050	0.19402488425146
5.31000000000000	0.26600755261067	0.39905273279975	-0.26024785538511	0.19384076926335
5.32000000000000	0.26575515109984	0.39867535754602	-0.26000050878405	0.19365715416760
5.33000000000000	0.26549983986116	0.39829128858700	-0.25975113680697	0.19347088409928
5.34000000000000	0.26524778839191	0.39791287891645	-0.25950321850792	0.19328631065941
5.35000000000000	0.26499698419742	0.39753795152986	-0.25925900132621	0.19310480723889
5.36000000000000	0.26474109969713	0.39715542926612	-0.25900776305721	0.19291840390488
5.37000000000000	0.26448430066006	0.39677001075641	-0.25875686935754	0.19273140893846
5.38000000000000	0.26423212561061	0.39639255780419	-0.25850965240372	0.19254772681110
5.39000000000000	0.26397886185106	0.39601182043331	-0.25826176048750	0.19236276158935
5.40000000000000	0.26372993265964	0.39563912498810	-0.25801834230933	0.19218173629488
5.41000000000000	0.26347767020422	0.39526021152132	-0.25777214029948	0.19199801967809
5.42000000000000	0.26323820686697	0.39490154955061	-0.25753737746202	0.19182350810755
5.43000000000000	0.26300164778076	0.39454681000552	-0.25730564478773	0.19165102380914
5.44000000000000	0.26276102785317	0.39418539423608	-0.25707086901716	0.19147584800206
5.45000000000000	0.26252508228204	0.39383256222685	-0.25683992311249	0.19130433575388
5.46000000000000	0.26228703608231	0.39347653108533	-0.25660695910366	0.19113129234815
5.47000000000000	0.26204707350919	0.39311628433807	-0.25637243416078	0.19095647566499
5.48000000000000	0.26180239850641	0.39274859782164	-0.25613199689264	0.19077727913350
5.49000000000000	0.26155400234476	0.39237657633389	-0.25588901942771	0.19059654184604
5.50000000000000	0.26130262097357	0.39200014292261	-0.25564395138438	0.19041415637081
5.51000000000000	0.26105184733801	0.39162405596154	-0.25539769532920	0.19023094848505
5.52000000000000	0.26080636936498	0.39125651521928	-0.25515654528579	0.19005181730518
5.53000000000000	0.26055005083701	0.39087173968603	-0.25490729481550	0.18986579236500
5.54000000000000	0.26030500237889	0.39050542454943	-0.25466616650079	0.18968699570183
5.55000000000000	0.26005749547716	0.39013351691304	-0.25442468812495	0.18950678406270
5.56000000000000	0.25981400789788	0.38976940617335	-0.25418561391788	0.18932932776164
5.57000000000000	0.25956573266118	0.38939681320538	-0.25394358046360	0.18914884684697
5.58000000000000	0.25931719054923	0.38902317466588	-0.25370029921032	0.18896731046024
5.59000000000000	0.25907862706098	0.38866597261377	-0.25346570587405	0.18879309409329
5.60000000000000	0.25883616810233	0.38830240027761	-0.25322920787455	0.18861687491616
5.61000000000000	0.25859175385088	0.38793656539156	-0.25299018247094	0.18843918279278
5.62000000000000	0.25835291497291	0.38757917831835	-0.25275627254807	0.18826541111799
5.63000000000000	0.25811097375588	0.38721627973338	-0.25251947695412	0.18808906665702
5.64000000000000	0.25787697902319	0.38686465148963	-0.25229041059060	0.18791821884766
5.65000000000000	0.25764393275726	0.38651547437295	-0.25206201450390	0.18774834709474
5.66000000000000	0.25741223812367	0.38616867548702	-0.25183566729854	0.18758004155798
5.67000000000000	0.25717809092282	0.38581760974128	-0.25160678531757	0.18740960515666
5.68000000000000	0.25694598132894	0.38546889340084	-0.25137919427604	0.18723992429254
5.69000000000000	0.25671962865311	0.38512940335956	-0.25115826684705	0.18707534787763
5.70000000000000	0.25649782535182	0.38479822299315	-0.25094028545571	0.18691382502338
5.71000000000000	0.25627204136859	0.38445917646809	-0.25071992070760	0.18674947028483
5.72000000000000	0.25605062830031	0.38412743665116	-0.25050335859698	0.18658830176443
5.73000000000000	0.25582927986050	0.38379551608383	-0.25028716305153	0.18642727515225
5.74000000000000	0.25561791979731	0.38347857141752	-0.25007937262376	0.18627274572577
5.75000000000000	0.25539926537336	0.38315040061624	-0.24986645793219	0.18611390939207
5.76000000000000	0.25518933538625	0.38283601775012	-0.24966041186925	0.18596078759599
5.77000000000000	0.25497707260879	0.38251752243858	-0.24945246186711	0.18580592189740
5.78000000000000	0.25476261639862	0.38219586818104	-0.24924343132363	0.18565012718781
5.79000000000000	0.25454869766380	0.38187581482184	-0.24903319014366	0.18549406708998
5.80000000000000	0.25433090311154	0.38154939712924	-0.24882046571532	0.18533567912416
5.81000000000000	0.25411828547790	0.38123168935600	-0.24861259016919	0.18518137597520
5.82000000000000	0.25390513096911	0.38091090551621	-0.24840409209791	0.18502562578099
5.83000000000000	0.25370047839146	0.38060359481599	-0.24820325705599	0.18487602313228
5.84000000000000	0.25349987194751	0.38030317628891	-0.24800649764057	0.18472977028303
5.85000000000000	0.25329059616163	0.37998930990865	-0.24780319803700	0.18457813177854
5.86000000000000	0.25308605307488	0.37968392102603	-0.24760267019043	0.18442948000638
5.87000000000000	0.25287428814468	0.37936543778770	-0.24739488755348	0.18427446728077
5.88000000000000	0.25266817577957	0.37905638804411	-0.24719320181385	0.18412431864675
5.89000000000000	0.25245842574681	0.37874210329628	-0.24698871551557	0.18397204355065
5.90000000000000	0.25225168983144	0.37843269310949	-0.24678554765272	0.18382118089944
5.91000000000000	0.25204354516925	0.37812016698406	-0.24658208791496	0.18366949720303
5.92000000000000	0.25183380277082	0.37780566754536	-0.24637673124610	0.18351661821070
5.93000000000000	0.25162655983543	0.37749527217064	-0.24617424392391	0.18336599662056
5.94000000000000	0.25141570660947	0.37717957756188	-0.24596741201542	0.18321229007756
5.95000000000000	0.25120246606159	0.37685986033037	-0.24575904806725	0.18305712071915
5.96000000000000	0.25098976430969	0.37654047681532	-0.24555078460603	0.18290190662489
5.97000000000000	0.25077788171566	0.37622323994347	-0.24534328731745	0.18274764398810
5.98000000000000	0.25056361014704	0.37590153096756	-0.24513405363125	0.18259162897841
5.99000000000000	0.25035001278406	0.37558085626475	-0.24492394341973	0.18243520450680
6.00000000000000	0.25014004305149	0.37526748522931	-0.24471900129812	0.18228319005765
6.01000000000000	0.24992500124993	0.37494503047873	-0.24450882775985	0.18212667933282
6.02000000000000	0.24970950977267	0.37462177581107	-0.24429726750712	0.18196922142473
6.03000000000000	0.24949380948334	0.37429833544220	-0.24408681083576	0.18181244131457
6.04000000000000	0.24928027151942	0.37397863584235	-0.24387713186490	0.18165666678898
6.05000000000000	0.24907143014686	0.37366537139248	-0.24367290228654	0.18150456530241
6.06000000000000	0.24885956810973	0.37334741065528	-0.24346579732701	0.18135018961122
6.07000000000000	0.24864931940851	0.37303186637758	-0.24326050925203	0.18119714099700
6.08000000000000	0.24844730671000	0.37272967418792	-0.24306239937803	0.18105005161685
6.09000000000000	0.24824576560576	0.37242705500306	-0.24286525004610	0.18090308619056
6.10000000000000	0.24804964152987	0.37213348978645	-0.24267345411372	0.18076051135206
6.11000000000000	0.24784840744402	0.37183197807576	-0.24247675815126	0.18061411305442
6.12000000000000	0.24764614282191	0.37152836185414	-0.24227877549008	0.18046659715033
6.13000000000000	0.24744468035389	0.37122638184453	-0.24208196870003	0.18032005806557
6.14000000000000	0.24724018280351	0.37091981839860	-0.24188140477622	0.18017083571651
6.15000000000000	0.24703777817836	0.37061578478556	-0.24168297976486	0.18002295428480
6.16000000000000	0.24682794845600	0.37030158623511	-0.24147765366592	0.17987026546521
6.17000000000000	0.24661737720360	0.36998641054067	-0.24127224720872	0.17971748413040
6.18000000000000	0.24640555868847	0.36966912968311	-0.24106449529529	0.17956304226291
6.19000000000000	0.24619733185545	0.36935688654820	-0.24085977094121	0.17941079592809
6.20000000000000	0.24598776301312	0.36904323682228	-0.24065563242770	0.17925893006787
6.21000000000000	0.24577360362145	0.36872192995899	-0.24044599116859	0.17910276384831
6.22000000000000	0.24556678534786	0.36841147466219	-0.24024300290929	0.17895159505158
6.23000000000000	0.24535685759683	0.36809583729193	-0.24003816349560	0.17879861690670
6.24000000000000	0.24515356687157	0.36779215139740	-0.23983864539824	0.17865067707300
6.25000000000000	0.24494559819782	0.36748065318559	-0.23963572789123	0.17849965466314
6.26000000000000	0.24473571161586	0.36716505846653	-0.23943041792828	0.17834639924664
6.27000000000000	0.24453761105014	0.36686858790221	-0.23923571274245	0.17820185975661
6.28000000000000	0.24433401053563	0.36656367822218	-0.23903674107970	0.17805384946004
6.29000000000000	0.24412883436082	0.36625651143604	-0.23883641453761	0.17790484091976
6.30000000000000	0.24392278826180	0.36594752434959	-0.23863426717843	0.17775440522288
6.31000000000000	0.24371827079158	0.36564030112502	-0.23843450829708	0.17760537830000
6.32000000000000	0.24352125231095	0.36534526854395	-0.23824142727792	0.17746185904277
6.33000000000000	0.24332081005270	0.36504391842722	-0.23804536200936	0.17731552122680
6.34000000000000	0.24312745818971	0.36475450410956	-0.23785590620968	0.17717474431141
6.35000000000000	0.24293217005631	0.36446224621508	-0.23766500257987	0.17703283035325
6.36000000000000	0.24273615813414	0.36416840728100	-0.23747348013249	0.17689023151777
6.37000000000000	0.24254226805138	0.36387765539835	-0.23728344592254	0.17674880224476
6.38000000000000	0.24234928338939	0.36358871691436	-0.23709459923295	0.17660837770735
6.39000000000000	0.24216018939575	0.36330517129230	-0.23690944621383	0.17647056550696
6.40000000000000	0.24197017503976	0.36301951821730	-0.23672357228824	0.17633184074560
6.41000000000000	0.24178265616509	0.36273877082347	-0.23653992018516	0.17619532156070
6.42000000000000	0.24159601200473	0.36245891647176	-0.23635783520803	0.17605967113044
6.43000000000000	0.24141085294736	0.36218170750145	-0.23617660317228	0.17592494321115
6.44000000000000	0.24123354950129	0.36191580460945	-0.23600244923234	0.17579539364433
6.45000000000000	0.24105071936042	0.36164152680508	-0.23582431882211	0.17566256840172
6.46000000000000	0.24087333295830	0.36137565221124	-0.23565057850563	0.17553329866680
6.47000000000000	0.24069481323046	0.36110763621880	-0.23547550263212	0.17540288765642
6.48000000000000	0.24051571040418	0.36083977628371	-0.23530049080724	0.17527284044498
6.49000000000000	0.24033400217519	0.36056756278419	-0.23512269244760	0.17514058296660
6.50000000000000	0.24015136013233	0.36029317969917	-0.23494339142748	0.17500695656424
6.51000000000000	0.23997161903202	0.36002410771463	-0.23476819933654	0.17487662124192
6.52000000000000	0.23979146760909	0.35975455180103	-0.23459166828448	0.17474546574576
6.53000000000000	0.23961247903329	0.35948561808166	-0.23441672781721	0.17461495740846
6.54000000000000	0.23944160699305	0.35922940405065	-0.23424919760034	0.17449030070463
6.55000000000000	0.23927076614713	0.35897310251459	-0.23408158970519	0.17436553083514
6.56000000000000	0.23909924242403	0.35871592542032	-0.23391467865543	0.17424111206462
6.57000000000000	0.23892150540927	0.35844994990987	-0.23374063569563	0.17411176167033
6.58000000000000	0.23874723025553	0.35818856772477	-0.23357012417237	0.17398481023098
6.59000000000000	0.23857483732352	0.35793069726002	-0.23340059678110	0.17385902234261
6.60000000000000	0.23839791074437	0.35766470497326	-0.23322810638753	0.17373017826380
6.61000000000000	0.23822131334822	0.35739994137573	-0.23305559742831	0.17360171441807
6.62000000000000	0.23804683582438	0.35713873661290	-0.23288415488540	0.17347436782209
6.63000000000000	0.23787294227785	0.35687814163797	-0.23271429971400	0.17334794906266
6.64000000000000	0.23769752778463	0.35661477072468	-0.23254244869877	0.17321987282603
6.65000000000000	0.23752042530307	0.35634933629613	-0.23236944800391	0.17309107609325
6.66000000000000	0.23734536896438	0.35608731685696	-0.23219772138518	0.17296351333867
6.67000000000000	0.23716517963222	0.35581699554644	-0.23202162156066	0.17283231255563
6.68000000000000	0.23698922122528	0.35555378401044	-0.23184939386006	0.17270437512096
6.69000000000000	0.23680834812373	0.35528208882740	-0.23167215968504	0.17257225104641
6.70000000000000	0.23662990964673	0.35501470206956	-0.23149774693677	0.17244244513006
6.71000000000000	0.23644898563705	0.35474318905565	-0.23132090398270	0.17231065750945
6.72000000000000	0.23627088858566	0.35447588438871	-0.23114583528275	0.17218033660816
6.73000000000000	0.23609526337084	0.35421349817972	-0.23097415031800	0.17205290996021
6.74000000000000	0.23591047640287	0.35393608358959	-0.23079400000077	0.17191853160742
6.75000000000000	0.23573159377134	0.35366839553662	-0.23061797778300	0.17178789133948
6.76000000000000	0.23554936850354	0.35339522240482	-0.23044013456912	0.17165543490068
6.77000000000000	0.23536951684468	0.35312548140881	-0.23026397554247	0.17152428255635
6.78000000000000	0.23519301423330	0.35286087406487	-0.23009117364421	0.17139568820781
6.79000000000000	0.23501308284446	0.35259102830929	-0.22991490784116	0.17126445383469
6.80000000000000	0.23483589444616	0.35232523222860	-0.22974180928651	0.17113548314101
6.81000000000000	0.23465972994971	0.35206101082415	-0.22956976388583	0.17100730115463
6.82000000000000	0.23449105279519	0.35180873617526	-0.22940426010811	0.17088445100746
6.83000000000000	0.23432146228848	0.35155423174287	-0.22923867701750	0.17076103483540
6.84000000000000	0.23415247960136	0.35130089420987	-0.22907286511261	0.17063766596022
6.85000000000000	0.23398496943018	0.35104949167644	-0.22890970736887	0.17051598517375
6.86000000000000	0.23381694277792	0.35079808322017	-0.22874498629483	0.17039362911337
6.87000000000000	0.23364829313500	0.35054528505242	-0.22857982117726	0.17027072247173
6.88000000000000	0.23347468271788	0.35028437017749	-0.22841045125745	0.17014427538031
6.89000000000000	0.23330431483507	0.35002905604493	-0.22824318592642	0.17001989470097
6.90000000000000	0.23313410945996	0.34977378091191	-0.22807649927927	0.16989581978391
6.91000000000000	0.23295872102003	0.34951091911999	-0.22790479692530	0.16976804301497
6.92000000000000	0.23278238562188	0.34924756221082	-0.22773255996967	0.16964022788339
6.93000000000000	0.23260393305743	0.34898042810871	-0.22755782650379	0.16951035182796
6.94000000000000	0.23242550440882	0.34871215614131	-0.22738278403495	0.16937980654220
6.95000000000000	0.23225039407017	0.34844947552991	-0.22721108863184	0.16925198231878
6.96000000000000	0.23206936900900	0.34817814885200	-0.22703489024852	0.16912067970008
6.97000000000000	0.23189514988361	0.34791731429419	-0.22686379056628	0.16899358694783
6.98000000000000	0.23171870321325	0.34765245195409	-0.22669097191758	0.16886482175796
6.99000000000000	0.23154318495386	0.34738877151337	-0.22651972999843	0.16873703145048
7.00000000000000	0.23137234496255	0.34713352746746	-0.22635185499446	0.16861257093201
7.01000000000000	0.23119714572926	0.34687081311361	-0.22618107397572	0.16848531352539
7.02000000000000	0.23102510938660	0.34661338569626	-0.22601270672168	0.16836020824828
7.03000000000000	0.23085113951066	0.34635229083695	-0.22584204182649	0.16823310879422
7.04000000000000	0.23068031314919	0.34609567017511	-0.22567467236656	0.16810834315618
7.05000000000000	0.23050828540271	0.34583786821625	-0.22550675519252	0.16798331526011
7.06000000000000	0.23033506078157	0.34557839515228	-0.22533727357740	0.16785724186336
7.07000000000000	0.23016456537284	0.34532301726366	-0.22517001952762	0.16773291248237
7.08000000000000	0.22999173688297	0.34506363387299	-0.22500127108933	0.16760711662245
7.09000000000000	0.22982631266808	0.34481598386021	-0.22483917207307	0.16748666022764
7.10000000000000	0.22965918644688	0.34456522542036	-0.22467574659287	0.16736490253014
7.11000000000000	0.22949509337284	0.34431938646277	-0.22451490403871	0.16724528512872
7.12000000000000	0.22933022958399	0.34407218924780	-0.22435369939749	0.16712526014706
7.13000000000000	0.22916464855343	0.34382404184906	-0.22419184696532	0.16700478037135
7.14000000000000	0.22900114033125	0.34357905676320	-0.22403175222788	0.16688569180256
7.15000000000000	0.22883568667827	0.34333018621371	-0.22386969449468	0.16676471734319
7.16000000000000	0.22867588866061	0.34309126954033	-0.22371354997601	0.16664874152540
7.17000000000000	0.22851683603893	0.34285318685358	-0.22355759597315	0.16653287543291
7.18000000000000	0.22835752559254	0.34261380568773	-0.22340180614791	0.16641665138150
7.19000000000000	0.22820028699516	0.34237819979790	-0.22324800360900	0.16630221035396
7.20000000000000	0.22804304337581	0.34214278419434	-0.22309401050175	0.16618773173261
7.21000000000000	0.22788688135226	0.34190905236312	-0.22294174617036	0.16607447302886
7.22000000000000	0.22773284967052	0.34167755662575	-0.22279038884662	0.16596165778241
7.23000000000000	0.22758145514263	0.34145026888587	-0.22264229033127	0.16585126732633
7.24000000000000	0.22743085404490	0.34122471663571	-0.22249559927205	0.16574206315901
7.25000000000000	0.22727945808354	0.34099784684257	-0.22234695876676	0.16563154326870
7.26000000000000	0.22713069031489	0.34077445365416	-0.22220131426637	0.16552299511493
7.27000000000000	0.22698031445355	0.34054965198717	-0.22205421851779	0.16541375789260
7.28000000000000	0.22682784286475	0.34032098049209	-0.22190524097483	0.16530279268293
7.29000000000000	0.22667423659889	0.34009049331402	-0.22175439847560	0.16519051875539
7.30000000000000	0.22652092798477	0.33986109763016	-0.22160443319588	0.16507905626493
7.31000000000000	0.22636927566525	0.33963405756669	-0.22145628358432	0.16496888109089
7.32000000000000	0.22621898236551	0.33940847971797	-0.22130917524281	0.16485926622592
7.33000000000000	0.22607125746068	0.33918679106331	-0.22116469054265	0.16475161354240
7.34000000000000	0.22592554858590	0.33896783892672	-0.22102201213220	0.16464520317476
7.35000000000000	0.22578288276905	0.33875412672482	-0.22088201727052	0.16454113423606
7.36000000000000	0.22563923927198	0.33853908065454	-0.22074216992637	0.16443705303424
7.37000000000000	0.22549023420996	0.33831599640432	-0.22059628147859	0.16432858482457
7.38000000000000	0.22534278984719	0.33809480450861	-0.22045189335054	0.16422106268085
7.39000000000000	0.22519448518287	0.33787217551002	-0.22030650508689	0.16411276214196
7.40000000000000	0.22505016596234	0.33765598032227	-0.22016513784321	0.16400763682036
7.41000000000000	0.22490268806622	0.33743573578527	-0.22002129497466	0.16390085493342
7.42000000000000	0.22475206685071	0.33720921188346	-0.21987370885726	0.16379070947557
7.43000000000000	0.22460596498967	0.33699007556709	-0.21973062715482	0.16368418890609
7.44000000000000	0.22445922374281	0.33677010773296	-0.21958711225442	0.16357734998144
7.45000000000000	0.22431237099974	0.33654989617267	-0.21944328478518	0.16347028877972
7.46000000000000	0.22416360609712	0.33632703564655	-0.21929791818036	0.16336211434545
7.47000000000000	0.22401383155270	0.33610258035147	-0.21915110400666	0.16325291369525
7.48000000000000	0.22386631392145	0.33588158124370	-0.21900674236496	0.16314553346671
7.49000000000000	0.22371478107727	0.33565441976508	-0.21885852698609	0.16303519068760
7.50000000000000	0.22356499073983	0.33542977123934	-0.21871200743249	0.16292608802089
7.51000000000000	0.22341509732572	0.33520552269110	-0.21856487519566	0.16281685019259
7.52000000000000	0.22326312573238	0.33497742416622	-0.21841668030022	0.16270633006899
7.53000000000000	0.22311121488348	0.33474919589245	-0.21826793877497	0.16259541243205
7.54000000000000	0.22296161009471	0.33452468507560	-0.21812108267216	0.16248607661372
7.55000000000000	0.22281344594135	0.33430342439906	-0.21797608588205	0.16237852909995
7.56000000000000	0.22265872252101	0.33407121993768	-0.21782534390352	0.16226610042151
7.57000000000000	0.22250718304159	0.33384428028194	-0.21767630357519	0.16215539023272
7.58000000000000	0.22235532418563	0.33361664672819	-0.21752775034443	0.16204482771761
7.59000000000000	0.22220249862265	0.33338764289044	-0.21737857851721	0.16193377395433
7.60000000000000	0.22205285448740	0.33316347581649	-0.21723164711141	0.16182456583217
7.61000000000000	0.22190060095867	0.33293461626296	-0.21708287738653	0.16171351650766
7.62000000000000	0.22175234966856	0.33271250021333	-0.21693753967415	0.16160543460274
7.63000000000000	0.22160349651031	0.33248927784529	-0.21679217330895	0.16149715330538
7.64000000000000	0.22145568324154	0.33226782004916	-0.21664777709126	0.16138968565118
7.65000000000000	0.22131257665240	0.33205375303182	-0.21650727784895	0.16128538833268
7.66000000000000	0.22116817012807	0.33183690321160	-0.21636637479105	0.16118028339486
7.67000000000000	0.22102828005584	0.33162716129164	-0.21622926051122	0.16107825753704
7.68000000000000	0.22088697679999	0.33141539205936	-0.21609119627749	0.16097547612426
7.69000000000000	0.22074471783285	0.33120206104571	-0.21595205624084	0.16087185437086
7.70000000000000	0.22060214109368	0.33098806739600	-0.21581257066155	0.16076792072381
7.71000000000000	0.22046016693428	0.33077557575668	-0.21567333595835	0.16066447376154
7.72000000000000	0.22031554516135	0.33055842102323	-0.21553237726174	0.16055931310014
7.73000000000000	0.22017197755260	0.33034318732289	-0.21539142919142	0.16045446503131
7.74000000000000	0.22002838540436	0.33012801595688	-0.21525083665467	0.16034988774976
7.75000000000000	0.21988351334536	0.32991136138626	-0.21510895748057	0.16024453417110
7.76000000000000	0.21973409811810	0.32968760466860	-0.21496276141956	0.16013580469581
7.77000000000000	0.21958303378172	0.32946071594062	-0.21481526147834	0.16002577169404
7.78000000000000	0.21943245473863	0.32923506943716	-0.21466759223187	0.15991594822629
7.79000000000000	0.21928419430542	0.32901270368068	-0.21452210310738	0.15980768740942
7.80000000000000	0.21913428906390	0.32878786288988	-0.21437541226915	0.15969844328965
7.81000000000000	0.21898454125270	0.32856339121342	-0.21422958475915	0.15958977729557
7.82000000000000	0.21883771791745	0.32834358605686	-0.21408538266190	0.15948267385822
7.83000000000000	0.21869031166002	0.32812234767492	-0.21394097785934	0.15937510257406
7.84000000000000	0.21854250864950	0.32790097770403	-0.21379686971242	0.15926784129323
7.85000000000000	0.21839742205329	0.32768381265921	-0.21365417894087	0.15916189252416
7.86000000000000	0.21825067268153	0.32746341625336	-0.21351112424305	0.15905515113673
7.87000000000000	0.21810423468140	0.32724410089543	-0.21336767151885	0.15894847774020
7.88000000000000	0.21795573591339	0.32702086530492	-0.21322263129724	0.15884020016106
7.89000000000000	0.21781364239177	0.32680828132948	-0.21308304396590	0.15873658525681
7.90000000000000	0.21767007800361	0.32659292340264	-0.21294256576946	0.15863196998372
7.91000000000000	0.21752547754522	0.32637616911454	-0.21280137362530	0.15852682896132
7.92000000000000	0.21737937526160	0.32615752714116	-0.21265837053820	0.15842055314823
7.93000000000000	0.21723490680717	0.32594091687193	-0.21251669301408	0.15831513352048
7.94000000000000	0.21709214116739	0.32572696796911	-0.21237719357422	0.15821130384326
7.95000000000000	0.21694941637357	0.32551299986190	-0.21223750458207	0.15810731998210
7.96000000000000	0.21680804891158	0.32530089123931	-0.21209902227049	0.15800418717099
7.97000000000000	0.21666726560314	0.32508943480096	-0.21196147270078	0.15790159289382
7.98000000000000	0.21653046173926	0.32488460114975	-0.21182738197258	0.15780193301619
7.99000000000000	0.21639302077128	0.32467870350056	-0.21169297100185	0.15770193447989
8.00000000000000	0.21625347339798	0.32446955095993	-0.21155652728714	0.15760036828784
8.01000000000000	0.21611497665824	0.32426205073983	-0.21142092635653	0.15749950541571
8.02000000000000	0.21597701703716	0.32405499452875	-0.21128587975453	0.15739889445917
8.03000000000000	0.21584249416505	0.32385382940601	-0.21115403584752	0.15730099968426
8.04000000000000	0.21570555314031	0.32364800634212	-0.21102051270055	0.15720130558193
8.05000000000000	0.21557312786055	0.32344970919826	-0.21089024957503	0.15710455492608
8.06000000000000	0.21543962551780	0.32324954376364	-0.21076016924343	0.15700762990167
8.07000000000000	0.21530624678230	0.32304941537887	-0.21062929036670	0.15691018778892
8.08000000000000	0.21517504291943	0.32285280969794	-0.21050111319719	0.15681478141118
8.09000000000000	0.21504381654844	0.32265666512735	-0.21037294948250	0.15671959710990
8.10000000000000	0.21491459183706	0.32246249245870	-0.21024609919453	0.15662504910508
8.11000000000000	0.21478664926847	0.32227033009460	-0.21012085501933	0.15653167234112
8.12000000000000	0.21465951090354	0.32207989261692	-0.20999687735944	0.15643937577910
8.13000000000000	0.21453348153488	0.32189130943742	-0.20987352513854	0.15634772774716
8.14000000000000	0.21440797413978	0.32170311608699	-0.20975038004069	0.15625610612925
8.15000000000000	0.21428052301854	0.32151170225072	-0.20962569143124	0.15616313462634
8.16000000000000	0.21415331711050	0.32132116329494	-0.20950147191870	0.15607069511552
8.17000000000000	0.21402498516880	0.32112906955969	-0.20937571536360	0.15597724862665
8.18000000000000	0.21389641804177	0.32093591793960	-0.20924967658641	0.15588329986205
8.19000000000000	0.21376780816254	0.32074360560391	-0.20912375617384	0.15578978423405
8.20000000000000	0.21363865154027	0.32054991332652	-0.20899765627189	0.15569584249289
8.21000000000000	0.21351194244520	0.32036000627453	-0.20887347671749	0.15560346612257
8.22000000000000	0.21338699726395	0.32017255486171	-0.20875146995079	0.15551254610519
8.23000000000000	0.21326533303098	0.31999038697111	-0.20863218384432	0.15542389232044
8.24000000000000	0.21314402671700	0.31980805974432	-0.20851359852255	0.15533540328781
8.25000000000000	0.21302388229009	0.31962806415075	-0.20839574670001	0.15524777900057
8.26000000000000	0.21289994331159	0.31944218151282	-0.20827510768162	0.15515782955146
8.27000000000000	0.21277558915596	0.31925596312241	-0.20815312962078	0.15506716554647
8.28000000000000	0.21265200892261	0.31907074894966	-0.20803216342013	0.15497715629089
8.29000000000000	0.21252732454421	0.31888371431977	-0.20791013327898	0.15488628532591
8.30000000000000	0.21240545641494	0.31870120126809	-0.20779044118684	0.15479734536875
8.31000000000000	0.21228034743134	0.31851364483801	-0.20766847846326	0.15470648121666
8.32000000000000	0.21215608512587	0.31832731513348	-0.20754707819170	0.15461606732594
8.33000000000000	0.21203343408515	0.31814400859679	-0.20742646034445	0.15452663557269
8.34000000000000	0.21190784263813	0.31795513580933	-0.20730393872937	0.15443511283503
8.35000000000000	0.21178378277514	0.31776900508484	-0.20718240297067	0.15434460108130
8.36000000000000	0.21166045806459	0.31758401625875	-0.20706171567321	0.15425472267522
8.37000000000000	0.21153603166618	0.31739775578140	-0.20694008412170	0.15416428051584
8.38000000000000	0.21141013577852	0.31720903625559	-0.20681675590418	0.15407251239293
8.39000000000000	0.21128514744238	0.31702178001359	-0.20669426448782	0.15398142062325
8.40000000000000	0.21115932841537	0.31683332737544	-0.20657139637412	0.15389000359580
8.41000000000000	0.21103304994095	0.31664417532467	-0.20644766750800	0.15379799711567
8.42000000000000	0.21090475911767	0.31645146867183	-0.20632215725877	0.15370440254976
8.43000000000000	0.21077882447170	0.31626282726688	-0.20619864895676	0.15361257750270
8.44000000000000	0.21065194604659	0.31607273580550	-0.20607496048685	0.15352047906931
8.45000000000000	0.21052442493282	0.31588106147551	-0.20594996204087	0.15342725558639
8.46000000000000	0.21039815463925	0.31569156397615	-0.20582618690123	0.15333507388724
8.47000000000000	0.21027248528706	0.31550383504881	-0.20570309525412	0.15324376155718
8.48000000000000	0.21014469813735	0.31531240685589	-0.20557854494176	0.15315103633149
8.49000000000000	0.21001671047652	0.31512060048887	-0.20545298486447	0.15305765558895
8.50000000000000	0.20988814062865	0.31492757752092	-0.20532688316662	0.15296372251582
8.51000000000000	0.20975933426776	0.31473468412986	-0.20520111012235	0.15287014190474
8.52000000000000	0.20963101149771	0.31454228863785	-0.20507555724262	0.15277667793014
8.53000000000000	0.20950519715489	0.31435352419763	-0.20495212776796	0.15268478609196
8.54000000000000	0.20937832288141	0.31416311767523	-0.20482823139313	0.15259242999533
8.55000000000000	0.20925353873446	0.31397617445557	-0.20470585784048	0.15250144195024
8.56000000000000	0.20912833216626	0.31378852667590	-0.20458355478085	0.15241039787536
8.57000000000000	0.20900521406950	0.31360446430580	-0.20446321134801	0.15232101554258
8.58000000000000	0.20888271691438	0.31342082373074	-0.20434308604081	0.15223164488690
8.59000000000000	0.20876140961761	0.31323849951808	-0.20422458561935	0.15214320136508
8.60000000000000	0.20864155529910	0.31305893283435	-0.20410737324299	0.15205599022010
8.61000000000000	0.20852327607468	0.31288134079937	-0.20399135011386	0.15196954628774
8.62000000000000	0.20840378779692	0.31270216521563	-0.20387489271154	0.15188276438880
8.63000000000000	0.20828573823133	0.31252552796028	-0.20375913135517	0.15179678255405
8.64000000000000	0.20816526325120	0.31234476260705	-0.20364140338551	0.15170906579813
8.65000000000000	0.20804610247663	0.31216626589156	-0.20352449618450	0.15162214997741
8.66000000000000	0.20792469547666	0.31198411964053	-0.20340611781555	0.15153390378084
8.67000000000000	0.20780509177680	0.31180523284798	-0.20328884824107	0.15144683887588
8.68000000000000	0.20768358438463	0.31162296991207	-0.20316976625991	0.15135818852424
8.69000000000000	0.20756008799506	0.31143747923891	-0.20304891257773	0.15126807181414
8.70000000000000	0.20743589158895	0.31125114793478	-0.20292737582996	0.15117754391839
8.71000000000000	0.20731155198482	0.31106537633681	-0.20280568194446	0.15108723796131
8.72000000000000	0.20718412979924	0.31087440249046	-0.20268110469261	0.15099451743304
8.73000000000000	0.20705732671839	0.31068403490023	-0.20255687082624	0.15090194842429
8.74000000000000	0.20693238820461	0.31049675872538	-0.20243432915145	0.15081079902405
8.75000000000000	0.20680828150700	0.31031061978216	-0.20231284638917	0.15072034570836
8.76000000000000	0.20668199737790	0.31012165129502	-0.20218971147016	0.15062876005588
8.77000000000000	0.20655616916572	0.30993302518724	-0.20206647314847	0.15053704733723
8.78000000000000	0.20643206802600	0.30974677590222	-0.20194462552134	0.15044633381351
8.79000000000000	0.20630874300424	0.30956197222184	-0.20182418870309	0.15035667887758
8.80000000000000	0.20618389288680	0.30937445490208	-0.20170231155071	0.15026575999790
8.81000000000000	0.20606256369972	0.30919289766723	-0.20158292784308	0.15017714755854
8.82000000000000	0.20593906924437	0.30900780855170	-0.20146262554899	0.15008753566758
8.83000000000000	0.20581564529929	0.30882285535904	-0.20134162129746	0.14999753055321
8.84000000000000	0.20569213440172	0.30863752712221	-0.20122101776685	0.14990764604908
8.85000000000000	0.20557090918685	0.30845589078632	-0.20110203844252	0.14981918088657
8.86000000000000	0.20545010289464	0.30827446218115	-0.20098382253069	0.14973105543675
8.87000000000000	0.20532982689195	0.30809457069863	-0.20086614068889	0.14964363655476
8.88000000000000	0.20520654010770	0.30790980473858	-0.20074561883117	0.14955392489925
8.89000000000000	0.20508380578144	0.30772566416663	-0.20062550385891	0.14946446213482
8.90000000000000	0.20496313943457	0.30754481991010	-0.20050715033003	0.14937643525833
8.91000000000000	0.20484227396551	0.30736370065549	-0.20038913136097	0.14928858054331
8.92000000000000	0.20472242651144	0.30718408249913	-0.20027175604167	0.14920124190931
8.93000000000000	0.20460319119951	0.30700506112076	-0.20015498389500	0.14911421896149
8.94000000000000	0.20448643436661	0.30682989316838	-0.20004099045848	0.14902927297370
8.95000000000000	0.20437063663184	0.30665667065318	-0.19992738973758	0.14894492354492
8.96000000000000	0.20425372089039	0.30648129135041	-0.19981310715793	0.14885979273535
8.97000000000000	0.20413700687297	0.30630645967708	-0.19969883284656	0.14877480085636
8.98000000000000	0.20402069283646	0.30613216448282	-0.19958517242455	0.14869020651653
8.99000000000000	0.20390492946452	0.30595860027447	-0.19947170651105	0.14860577015387
9.00000000000000	0.20378779912856	0.30578246541077	-0.19935716824467	0.14852026265638
9.01000000000000	0.20367439784206	0.30561309572669	-0.19924595280920	0.14843779423039
9.02000000000000	0.20355967498677	0.30544087407819	-0.19913417253627	0.14835441174195
9.03000000000000	0.20344826593679	0.30527388085639	-0.19902455311227	0.14827292680497
9.04000000000000	0.20333597761152	0.30510531502654	-0.19891506672261	0.14819126289614
9.05000000000000	0.20322365558537	0.30493723783984	-0.19880512190166	0.14810956730749
9.06000000000000	0.20311435209531	0.30477378979720	-0.19869779065002	0.14802992421211
9.07000000000000	0.20300163806286	0.30460452389871	-0.19858800959880	0.14794799010038
9.08000000000000	0.20289163385963	0.30443949345595	-0.19848030112837	0.14786776886470
9.09000000000000	0.20278336552289	0.30427703788935	-0.19837406347024	0.14778868045939
9.10000000000000	0.20267607824035	0.30411599386889	-0.19826913695999	0.14771047814059
9.11000000000000	0.20256964515421	0.30395678319699	-0.19816524732304	0.14763325217002
9.12000000000000	0.20246278145770	0.30379659799274	-0.19806071825573	0.14755544199055
9.13000000000000	0.20235722635645	0.30363835582470	-0.19795716680071	0.14747841884544
9.14000000000000	0.20225091132100	0.30347879384926	-0.19785325371893	0.14740097589832
9.15000000000000	0.20214464795982	0.30331994428310	-0.19774905867435	0.14732364400146
9.16000000000000	0.20203633799632	0.30315737268684	-0.19764347063372	0.14724489581713
9.17000000000000	0.20192809009371	0.30299517321412	-0.19753710545559	0.14716582861707
9.18000000000000	0.20181936353293	0.30283179267224	-0.19743071701255	0.14708647933936
9.19000000000000	0.20171087197613	0.30266941957040	-0.19732449326671	0.14700752743781
9.20000000000000	0.20160260670957	0.30250723734742	-0.19721874657885	0.14692883662392
9.21000000000000	0.20149682372205	0.30234874499685	-0.19711504884669	0.14685172662469
9.22000000000000	0.20139118626015	0.30219057218159	-0.19701186306387	0.14677497345210
9.23000000000000	0.20128739861110	0.30203482015151	-0.19691021984311	0.14669925851593
9.24000000000000	0.20118451469395	0.30188013688891	-0.19680968127949	0.14662420226420
9.25000000000000	0.20108451877378	0.30173040937664	-0.19671165130429	0.14655134779459
9.26000000000000	0.20098260921680	0.30157772535778	-0.19661190082006	0.14647713873835
9.27000000000000	0.20087656200269	0.30141858642689	-0.19650854946251	0.14640005946060
9.28000000000000	0.20077256851243	0.30126275008403	-0.19640647239828	0.14632416092819
9.29000000000000	0.20066855991657	0.30110698658925	-0.19630469127858	0.14624847316911
9.30000000000000	0.20056488428562	0.30095165854734	-0.19620334774146	0.14617307177728
9.31000000000000	0.20046149043619	0.30079666132525	-0.19610169302759	0.14609748414689
9.32000000000000	0.20035636031123	0.30063890803515	-0.19599921400644	0.14602107441118
9.33000000000000	0.20025250058566	0.30048369219346	-0.19589756924333	0.14594562256702
9.34000000000000	0.20014590374205	0.30032340072804	-0.19579327654481	0.14586777729036
9.35000000000000	0.20004295616334	0.30016908921523	-0.19569226106312	0.14579264213352
9.36000000000000	0.19993835344145	0.30001235806166	-0.19559015806518	0.14571663125810
9.37000000000000	0.19983463272661	0.29985672446781	-0.19548854459506	0.14564095697571
9.38000000000000	0.19973011402054	0.29969995891484	-0.19538628981581	0.14556480807243
9.39000000000000	0.19962538880551	0.29954328401866	-0.19528383855745	0.14548868010738
9.40000000000000	0.19952070443047	0.29938653924393	-0.19518141875407	0.14541253439966
9.41000000000000	0.19941512975161	0.29922812017460	-0.19507785289642	0.14533541876826
9.42000000000000	0.19930838261017	0.29906802150218	-0.19497360000414	0.14525775278281
9.43000000000000	0.19920150149791	0.29890772999344	-0.19486890584457	0.14517980744069
9.44000000000000	0.19909476012272	0.29874782692374	-0.19476449898455	0.14510214111101
9.45000000000000	0.19898891510330	0.29858911619257	-0.19466081379174	0.14502497186196
9.46000000000000	0.19888161252014	0.29842822205021	-0.19455572144996	0.14494674220779
9.47000000000000	0.19877526132883	0.29826901705897	-0.19445195127787	0.14486954787131
9.48000000000000	0.19866791044272	0.29810771747513	-0.19434684279315	0.14479116740540
9.49000000000000	0.19856377643558	0.29795184558742	-0.19424463606439	0.14471524823666
9.50000000000000	0.19845668935335	0.29779135859150	-0.19413992249364	0.14463731446779
9.51000000000000	0.19834841070855	0.29762899476808	-0.19403397661030	0.14455842516373
9.52000000000000	0.19824014888999	0.29746681277337	-0.19392832676065	0.14447979435560
9.53000000000000	0.19813271199088	0.29730562739280	-0.19382270717109	0.14440120302825
9.54000000000000	0.19802501796867	0.29714413434708	-0.19371735626470	0.14432276337662
9.55000000000000	0.19791686371952	0.29698217866150	-0.19361170781420	0.14424416806137
9.56000000000000	0.19780884065330	0.29682028903341	-0.19350596144587	0.14416549030057
9.57000000000000	0.19770355397749	0.29666240351756	-0.19340270713415	0.14408865401394
9.58000000000000	0.19759614892365	0.29650117512614	-0.19329781784052	0.14401044287724
9.59000000000000	0.19749132037675	0.29634412997128	-0.19319509170209	0.14393405339492
9.60000000000000	0.19738643919916	0.29618718363230	-0.19309240258148	0.14385775220845
9.61000000000000	0.19728132838648	0.29602964946974	-0.19298967080172	0.14378127598516
9.62000000000000	0.19717652177027	0.29587213783718	-0.19288732641793	0.14370489277666
9.63000000000000	0.19707478753425	0.29571989508335	-0.19278736868718	0.14363067053737
9.64000000000000	0.19697360122319	0.29556819853081	-0.19268869368370	0.14355717205396
9.65000000000000	0.19687258380887	0.29541657825266	-0.19258983599540	0.14348350074806
9.66000000000000	0.19677340323231	0.29526777794496	-0.19249257541951	0.14341108963337
9.67000000000000	0.19667363829183	0.29511826752834	-0.19239526161008	0.14333862350216
9.68000000000000	0.19657267729957	0.29496708055997	-0.19229638713560	0.14326511076592
9.69000000000000	0.19647300483259	0.29481774201536	-0.19219878863478	0.14319251491648
9.70000000000000	0.19637168514377	0.29466576247860	-0.19209965932523	0.14311868338592
9.71000000000000	0.19627192854990	0.29451640329480	-0.19200191974152	0.14304603865514
9.72000000000000	0.19616876535459	0.29436154546765	-0.19190133356272	0.14297101725597
9.73000000000000	0.19606639590837	0.29420804662179	-0.19180085501370	0.14289626024189
9.74000000000000	0.19596543943516	0.29405677574247	-0.19170200320992	0.14282272584701
9.75000000000000	0.19586184138082	0.29390128033959	-0.19160064337094	0.14274719306911
9.76000000000000	0.19575832030422	0.29374612558264	-0.19149933960551	0.14267181028772
9.77000000000000	0.19565215951015	0.29358732452841	-0.19139529084674	0.14259453281525
9.78000000000000	0.19554501963887	0.29342664025458	-0.19129069680938	0.14251661132692
9.79000000000000	0.19544011929875	0.29326975259195	-0.19118777841360	0.14244021576956
9.80000000000000	0.19533344583262	0.29310952549314	-0.19108348904419	0.14236244035025
9.81000000000000	0.19522858160426	0.29295222743484	-0.19098058243789	0.14228585282646
9.82000000000000	0.19512218232238	0.29279250512179	-0.19087655050093	0.14220830023255
9.83000000000000	0.19501667433618	0.29263463279344	-0.19077362732559	0.14213176520606
9.84000000000000	0.19491141311162	0.29247693990558	-0.19067048299108	0.14205506066412
9.85000000000000	0.19480635536479	0.29231920882558	-0.19056738588796	0.14197826790362
9.86000000000000	0.19470283935920	0.29216396723139	-0.19046624623010	0.14190293660487
9.87000000000000	0.19459844530052	0.29200770568946	-0.19036435741499	0.14182715294029
9.88000000000000	0.19449627097978	0.29185472057873	-0.19026397641158	0.14175259034834
9.89000000000000	0.19439185137542	0.29169792326098	-0.19016187484709	0.14167646416087
9.90000000000000	0.19428767991133	0.29154188229431	-0.19006015084567	0.14160075977810
9.91000000000000	0.19418460571166	0.29138739703691	-0.18995902941881	0.14152554973970
9.92000000000000	0.19407988801163	0.29122997022452	-0.18985689398395	0.14144927065817
9.93000000000000	0.19397873410044	0.29107860980123	-0.18975756648795	0.14137552177261
9.94000000000000	0.19387684900360	0.29092570421935	-0.18965791435491	0.14130127040489
9.95000000000000	0.19377574804448	0.29077454292346	-0.18955890957042	0.14122776617085
9.96000000000000	0.19367254493532	0.29061962765687	-0.18945812153191	0.14115262141184
9.97000000000000	0.19356915957528	0.29046479238192	-0.18935684900191	0.14107731923718
9.98000000000000	0.19346783142775	0.29031305060904	-0.18925760132430	0.14100353989308
9.99000000000000	0.19336498401522	0.29015874726374	-0.18915684007140	0.14092850116782
10.00000000000000	0.19326281368105	0.29000534394506	-0.18905712944031	0.14085413113638
