# Waketime [ns]	 	DipolX [V/pC/mm]	  	DipolY [V/pC/mm]	 	QuadX [V/pC/mm]	 	QuadY [V/pC/mm]
0.00000000000000	0.00000000000000	0.00000000000000	0.00000000000000	0.00000000000000
0.01000000000000	0.01251771592092	0.06112709940626	0.00000000000000	0.00000000000000
0.02000000000000	0.01327376056338	0.06481740845070	0.00000000000000	0.00000000000000
0.03000000000000	0.01386331211750	0.06769669828641	0.00000000000000	0.00000000000000
0.04000000000000	0.01427796756426	0.06971974296206	0.00000000000000	0.00000000000000
0.05000000000000	0.01452052112676	0.07090532394366	0.00000000000000	0.00000000000000
0.06000000000000	0.01461078812002	0.07134594060012	0.00000000000000	0.00000000000000
0.07000000000000	0.01457899571603	0.07119297858017	0.00000000000000	0.00000000000000
0.08000000000000	0.01446633802817	0.07064322535211	0.00000000000000	0.00000000000000
0.09000000000000	0.01431790085679	0.06991687515300	0.00000000000000	0.00000000000000
0.10000000000000	0.01417800916310	0.06923454489921	0.00000000000000	0.00000000000000
0.11000000000000	0.01408628048780	0.06878814634146	0.00000000000000	0.00000000000000
0.12000000000000	0.01407197560976	0.06871689024390	0.00000000000000	0.00000000000000
0.13000000000000	0.01414944785276	0.06909600613497	0.00000000000000	0.00000000000000
0.14000000000000	0.01431737423313	0.06991543558282	0.00000000000000	0.00000000000000
0.15000000000000	0.01455892638037	0.07109318404908	0.00000000000000	0.00000000000000
0.16000000000000	0.01484374846626	0.07248489570552	0.00000000000000	0.00000000000000
0.17000000000000	0.01513393865031	0.07390244171779	0.00000000000000	0.00000000000000
0.18000000000000	0.01538728220859	0.07513868098160	0.00000000000000	0.00000000000000
0.19000000000000	0.01556290797546	0.07599653987730	0.00000000000000	0.00000000000000
0.20000000000000	0.01562693902439	0.07630975609756	0.00000000000000	0.00000000000000
0.21000000000000	0.01555569938650	0.07596268098160	0.00000000000000	0.00000000000000
0.22000000000000	0.01533769325153	0.07489868098160	0.00000000000000	0.00000000000000
0.23000000000000	0.01497370552147	0.07312023926380	0.00000000000000	0.00000000000000
0.24000000000000	0.01447466871166	0.07068286503067	0.00000000000000	0.00000000000000
0.25000000000000	0.01386005521472	0.06768068711656	0.00000000000000	0.00000000000000
0.26000000000000	0.01315292638037	0.06422833128834	0.00000000000000	0.00000000000000
0.27000000000000	0.01237850306748	0.06044825153374	0.00000000000000	0.00000000000000
0.28000000000000	0.01156062576687	0.05645058895706	0.00000000000000	0.00000000000000
0.29000000000000	0.01071582926829	0.05232817073171	0.00000000000000	0.00000000000000
0.30000000000000	0.00985864634146	0.04814195121951	0.00000000000000	0.00000000000000
0.31000000000000	0.00899549756098	0.04392621951220	0.00000000000000	0.00000000000000
0.32000000000000	0.00812884723926	0.03969470552147	0.00000000000000	0.00000000000000
0.33000000000000	0.00725473067485	0.03542608588957	0.00000000000000	0.00000000000000
0.34000000000000	0.00636837668712	0.03109814110429	0.00000000000000	0.00000000000000
0.35000000000000	0.00546495153374	0.02668672392638	0.00000000000000	0.00000000000000
0.36000000000000	0.00454034171779	0.02217184662577	0.00000000000000	0.00000000000000
0.37000000000000	0.00359255121951	0.01754363414634	0.00000000000000	0.00000000000000
0.38000000000000	0.00262541951220	0.01282034146341	0.00000000000000	0.00000000000000
0.39000000000000	0.00164678292683	0.00804148780488	0.00000000000000	0.00000000000000
0.40000000000000	0.00066759829268	0.00326001219512	0.00000000000000	0.00000000000000
0.41000000000000	-0.00029451195122	-0.00143819756098	0.00000000000000	0.00000000000000
0.42000000000000	-0.00122080000000	-0.00596153902439	0.00000000000000	0.00000000000000
0.43000000000000	-0.00209179815951	-0.01021500245399	0.00000000000000	0.00000000000000
0.44000000000000	-0.00288734785276	-0.01409961349693	0.00000000000000	0.00000000000000
0.45000000000000	-0.00359047914110	-0.01753261349693	0.00000000000000	0.00000000000000
0.46000000000000	-0.00418786871166	-0.02045072392638	0.00000000000000	0.00000000000000
0.47000000000000	-0.00467101779141	-0.02280942944785	0.00000000000000	0.00000000000000
0.48000000000000	-0.00503703190184	-0.02459680368098	0.00000000000000	0.00000000000000
0.49000000000000	-0.00528808780488	-0.02582290243902	0.00000000000000	0.00000000000000
0.50000000000000	-0.00542941219512	-0.02651292682927	0.00000000000000	0.00000000000000
0.51000000000000	-0.00547094878049	-0.02671548780488	0.00000000000000	0.00000000000000
0.52000000000000	-0.00542163170732	-0.02647541463415	0.00000000000000	0.00000000000000
0.53000000000000	-0.00529150000000	-0.02583900000000	0.00000000000000	0.00000000000000
0.54000000000000	-0.00508802883436	-0.02484531901840	0.00000000000000	0.00000000000000
0.55000000000000	-0.00481540736196	-0.02351463190184	0.00000000000000	0.00000000000000
0.56000000000000	-0.00447529877301	-0.02185357055215	0.00000000000000	0.00000000000000
0.57000000000000	-0.00406497177914	-0.01984978527607	0.00000000000000	0.00000000000000
0.58000000000000	-0.00357908466258	-0.01747755828221	0.00000000000000	0.00000000000000
0.59000000000000	-0.00301044846626	-0.01470094478528	0.00000000000000	0.00000000000000
0.60000000000000	-0.00235194233129	-0.01148487730061	0.00000000000000	0.00000000000000
0.61000000000000	-0.00159797317073	-0.00780299756098	0.00000000000000	0.00000000000000
0.62000000000000	-0.00074301404908	-0.00362832822086	0.00000000000000	0.00000000000000
0.63000000000000	0.00021154349693	0.00103298478528	0.00000000000000	0.00000000000000
0.64000000000000	0.00126069693252	0.00615630429448	0.00000000000000	0.00000000000000
0.65000000000000	0.00239513496933	0.01169595092025	0.00000000000000	0.00000000000000
0.66000000000000	0.00360069263804	0.01758312269939	0.00000000000000	0.00000000000000
0.67000000000000	0.00486016503067	0.02373288957055	0.00000000000000	0.00000000000000
0.68000000000000	0.00615385092025	0.03005073006135	0.00000000000000	0.00000000000000
0.69000000000000	0.00746152269939	0.03643616564417	0.00000000000000	0.00000000000000
0.70000000000000	0.00876351768293	0.04279364634146	0.00000000000000	0.00000000000000
0.71000000000000	0.01004245121951	0.04903942682927	0.00000000000000	0.00000000000000
0.72000000000000	0.01128348466258	0.05509908588957	0.00000000000000	0.00000000000000
0.73000000000000	0.01247736809816	0.06093023926380	0.00000000000000	0.00000000000000
0.74000000000000	0.01361715950920	0.06649507361963	0.00000000000000	0.00000000000000
0.75000000000000	0.01469818404908	0.07177486503067	0.00000000000000	0.00000000000000
0.76000000000000	0.01572100000000	0.07676680368098	0.00000000000000	0.00000000000000
0.77000000000000	0.01668467484663	0.08147538650307	0.00000000000000	0.00000000000000
0.78000000000000	0.01759284756098	0.08590735975610	0.00000000000000	0.00000000000000
0.79000000000000	0.01844487195122	0.09007000000000	0.00000000000000	0.00000000000000
0.80000000000000	0.01924264634146	0.09396615243902	0.00000000000000	0.00000000000000
0.81000000000000	0.01998380487805	0.09758597560976	0.00000000000000	0.00000000000000
0.82000000000000	0.02066552439024	0.10091219512195	0.00000000000000	0.00000000000000
0.83000000000000	0.02128014024390	0.10391573170732	0.00000000000000	0.00000000000000
0.84000000000000	0.02182039263804	0.10655411042945	0.00000000000000	0.00000000000000
0.85000000000000	0.02227574233129	0.10877963190184	0.00000000000000	0.00000000000000
0.86000000000000	0.02263650306748	0.11053736196319	0.00000000000000	0.00000000000000
0.87000000000000	0.02289175460123	0.11178300613497	0.00000000000000	0.00000000000000
0.88000000000000	0.02303131288344	0.11246656441718	0.00000000000000	0.00000000000000
0.89000000000000	0.02304782926829	0.11254414634146	0.00000000000000	0.00000000000000
0.90000000000000	0.02293848780488	0.11201262195122	0.00000000000000	0.00000000000000
0.91000000000000	0.02270126829268	0.11085634146341	0.00000000000000	0.00000000000000
0.92000000000000	0.02234017073171	0.10908847560976	0.00000000000000	0.00000000000000
0.93000000000000	0.02186196341463	0.10675865853659	0.00000000000000	0.00000000000000
0.94000000000000	0.02127836196319	0.10390687116564	0.00000000000000	0.00000000000000
0.95000000000000	0.02060179754601	0.10060527607362	0.00000000000000	0.00000000000000
0.96000000000000	0.01984755214724	0.09691828220859	0.00000000000000	0.00000000000000
0.97000000000000	0.01902935582822	0.09292539263804	0.00000000000000	0.00000000000000
0.98000000000000	0.01816194478528	0.08869067484663	0.00000000000000	0.00000000000000
0.99000000000000	0.01725643558282	0.08426657055215	0.00000000000000	0.00000000000000
1.00000000000000	0.01631850931677	0.07968607453416	0.00000000000000	0.00000000000000
1.01000000000000	0.01535487500000	0.07498112500000	0.00000000000000	0.00000000000000
1.02000000000000	0.01436600000000	0.07015400000000	0.00000000000000	0.00000000000000
1.03000000000000	0.01335323529412	0.06520541176471	0.00000000000000	0.00000000000000
1.04000000000000	0.01231229411765	0.06012364705882	0.00000000000000	0.00000000000000
1.05000000000000	0.01124352941176	0.05490370588235	0.00000000000000	0.00000000000000
1.06000000000000	0.01014782352941	0.04955252941176	0.00000000000000	0.00000000000000
1.07000000000000	0.00902940588235	0.04409217647059	0.00000000000000	0.00000000000000
1.08000000000000	0.00789792941176	0.03856717647059	0.00000000000000	0.00000000000000
1.09000000000000	0.00676564117647	0.03303800000000	0.00000000000000	0.00000000000000
1.10000000000000	0.00564804117647	0.02758094117647	0.00000000000000	0.00000000000000
1.11000000000000	0.00456329375000	0.02228325000000	0.00000000000000	0.00000000000000
1.12000000000000	0.00352963750000	0.01723575000000	0.00000000000000	0.00000000000000
1.13000000000000	0.00256450625000	0.01252300000000	0.00000000000000	0.00000000000000
1.14000000000000	0.00168228125000	0.00821500625000	0.00000000000000	0.00000000000000
1.15000000000000	0.00089289312500	0.00436018125000	0.00000000000000	0.00000000000000
1.16000000000000	0.00020115187500	0.00098228125000	0.00000000000000	0.00000000000000
1.17000000000000	-0.00039228625000	-0.00191560000000	0.00000000000000	0.00000000000000
1.18000000000000	-0.00089083375000	-0.00435011875000	0.00000000000000	0.00000000000000
1.19000000000000	-0.00130049375000	-0.00635052500000	0.00000000000000	0.00000000000000
1.20000000000000	-0.00162843750000	-0.00795181250000	0.00000000000000	0.00000000000000
1.21000000000000	-0.00188126875000	-0.00918666250000	0.00000000000000	0.00000000000000
1.22000000000000	-0.00206350000000	-0.01007618750000	0.00000000000000	0.00000000000000
1.23000000000000	-0.00217665625000	-0.01062943750000	0.00000000000000	0.00000000000000
1.24000000000000	-0.00221902500000	-0.01083612500000	0.00000000000000	0.00000000000000
1.25000000000000	-0.00218541875000	-0.01067150000000	0.00000000000000	0.00000000000000
1.26000000000000	-0.00206867500000	-0.01010168750000	0.00000000000000	0.00000000000000
1.27000000000000	-0.00186046470588	-0.00908512352941	0.00000000000000	0.00000000000000
1.28000000000000	-0.00155308235294	-0.00758382941176	0.00000000000000	0.00000000000000
1.29000000000000	-0.00114061176471	-0.00556983529412	0.00000000000000	0.00000000000000
1.30000000000000	-0.00062065588235	-0.00303075882353	0.00000000000000	0.00000000000000
1.31000000000000	0.00000566552941	0.00002766470588	0.00000000000000	0.00000000000000
1.32000000000000	0.00073232352941	0.00357605882353	0.00000000000000	0.00000000000000
1.33000000000000	0.00154912941176	0.00756482941176	0.00000000000000	0.00000000000000
1.34000000000000	0.00244284705882	0.01192929411765	0.00000000000000	0.00000000000000
1.35000000000000	0.00339730000000	0.01659000000000	0.00000000000000	0.00000000000000
1.36000000000000	0.00439665000000	0.02146937500000	0.00000000000000	0.00000000000000
1.37000000000000	0.00542285000000	0.02648125000000	0.00000000000000	0.00000000000000
1.38000000000000	0.00646063750000	0.03154850000000	0.00000000000000	0.00000000000000
1.39000000000000	0.00749695000000	0.03660900000000	0.00000000000000	0.00000000000000
1.40000000000000	0.00852211250000	0.04161487500000	0.00000000000000	0.00000000000000
1.41000000000000	0.00952920000000	0.04653325000000	0.00000000000000	0.00000000000000
1.42000000000000	0.01051412500000	0.05134387500000	0.00000000000000	0.00000000000000
1.43000000000000	0.01147600000000	0.05603900000000	0.00000000000000	0.00000000000000
1.44000000000000	0.01241176470588	0.06061058823529	0.00000000000000	0.00000000000000
1.45000000000000	0.01332458823529	0.06506470588235	0.00000000000000	0.00000000000000
1.46000000000000	0.01421147058824	0.06939835294118	0.00000000000000	0.00000000000000
1.47000000000000	0.01507241176471	0.07360164705882	0.00000000000000	0.00000000000000
1.48000000000000	0.01590223529412	0.07765217647059	0.00000000000000	0.00000000000000
1.49000000000000	0.01669394117647	0.08151952941176	0.00000000000000	0.00000000000000
1.50000000000000	0.01743917647059	0.08515752941176	0.00000000000000	0.00000000000000
1.51000000000000	0.01812570588235	0.08851305882353	0.00000000000000	0.00000000000000
1.52000000000000	0.01874381250000	0.09152750000000	0.00000000000000	0.00000000000000
1.53000000000000	0.01927781250000	0.09413537500000	0.00000000000000	0.00000000000000
1.54000000000000	0.01971568750000	0.09627693750000	0.00000000000000	0.00000000000000
1.55000000000000	0.02004868750000	0.09790125000000	0.00000000000000	0.00000000000000
1.56000000000000	0.02026762500000	0.09896956250000	0.00000000000000	0.00000000000000
1.57000000000000	0.02036781250000	0.09946006250000	0.00000000000000	0.00000000000000
1.58000000000000	0.02034925000000	0.09936968750000	0.00000000000000	0.00000000000000
1.59000000000000	0.02021487500000	0.09871212500000	0.00000000000000	0.00000000000000
1.60000000000000	0.01996987500000	0.09751487500000	0.00000000000000	0.00000000000000
1.61000000000000	0.01962262500000	0.09582018750000	0.00000000000000	0.00000000000000
1.62000000000000	0.01918300000000	0.09367337500000	0.00000000000000	0.00000000000000
1.63000000000000	0.01866018750000	0.09112200000000	0.00000000000000	0.00000000000000
1.64000000000000	0.01806306250000	0.08820550000000	0.00000000000000	0.00000000000000
1.65000000000000	0.01739662500000	0.08495275000000	0.00000000000000	0.00000000000000
1.66000000000000	0.01666625000000	0.08138443750000	0.00000000000000	0.00000000000000
1.67000000000000	0.01587137500000	0.07750300000000	0.00000000000000	0.00000000000000
1.68000000000000	0.01501235294118	0.07330794117647	0.00000000000000	0.00000000000000
1.69000000000000	0.01408729411765	0.06879029411765	0.00000000000000	0.00000000000000
1.70000000000000	0.01309358823529	0.06393823529412	0.00000000000000	0.00000000000000
1.71000000000000	0.01203129411765	0.05875170588235	0.00000000000000	0.00000000000000
1.72000000000000	0.01090341176471	0.05324276470588	0.00000000000000	0.00000000000000
1.73000000000000	0.00971495882353	0.04744000000000	0.00000000000000	0.00000000000000
1.74000000000000	0.00847647647059	0.04139223529412	0.00000000000000	0.00000000000000
1.75000000000000	0.00720134117647	0.03516582352941	0.00000000000000	0.00000000000000
1.76000000000000	0.00590580000000	0.02883900000000	0.00000000000000	0.00000000000000
1.77000000000000	0.00460620000000	0.02249312500000	0.00000000000000	0.00000000000000
1.78000000000000	0.00332252500000	0.01622500000000	0.00000000000000	0.00000000000000
1.79000000000000	0.00207100000000	0.01011323750000	0.00000000000000	0.00000000000000
1.80000000000000	0.00086520000000	0.00422495000000	0.00000000000000	0.00000000000000
1.81000000000000	-0.00028434875000	-0.00138853875000	0.00000000000000	0.00000000000000
1.82000000000000	-0.00137190000000	-0.00669945000000	0.00000000000000	0.00000000000000
1.83000000000000	-0.00239577500000	-0.01169875000000	0.00000000000000	0.00000000000000
1.84000000000000	-0.00335580000000	-0.01638700000000	0.00000000000000	0.00000000000000
1.85000000000000	-0.00425467500000	-0.02077637500000	0.00000000000000	0.00000000000000
1.86000000000000	-0.00509590000000	-0.02488450000000	0.00000000000000	0.00000000000000
1.87000000000000	-0.00588063750000	-0.02871612500000	0.00000000000000	0.00000000000000
1.88000000000000	-0.00660855000000	-0.03227050000000	0.00000000000000	0.00000000000000
1.89000000000000	-0.00727676250000	-0.03553350000000	0.00000000000000	0.00000000000000
1.90000000000000	-0.00787830000000	-0.03847175000000	0.00000000000000	0.00000000000000
1.91000000000000	-0.00840450000000	-0.04104112500000	0.00000000000000	0.00000000000000
1.92000000000000	-0.00884460000000	-0.04319000000000	0.00000000000000	0.00000000000000
1.93000000000000	-0.00918664705882	-0.04486058823529	0.00000000000000	0.00000000000000
1.94000000000000	-0.00942145882353	-0.04600647058824	0.00000000000000	0.00000000000000
1.95000000000000	-0.00954088235294	-0.04659023529412	0.00000000000000	0.00000000000000
1.96000000000000	-0.00954059411765	-0.04658841176471	0.00000000000000	0.00000000000000
1.97000000000000	-0.00942008235294	-0.04600047058824	0.00000000000000	0.00000000000000
1.98000000000000	-0.00918301176471	-0.04484294117647	0.00000000000000	0.00000000000000
1.99000000000000	-0.00883701176471	-0.04315323529412	0.00000000000000	0.00000000000000
2.00000000000000	-0.00839274705882	-0.04098364705882	0.00000000000000	0.00000000000000
2.01000000000000	-0.00786183125000	-0.03839131250000	0.00000000000000	0.00000000000000
2.02000000000000	-0.00725752500000	-0.03543937500000	0.00000000000000	0.00000000000000
2.03000000000000	-0.00659265625000	-0.03219318750000	0.00000000000000	0.00000000000000
2.04000000000000	-0.00587806875000	-0.02870375000000	0.00000000000000	0.00000000000000
2.05000000000000	-0.00512251250000	-0.02501450000000	0.00000000000000	0.00000000000000
2.06000000000000	-0.00433246250000	-0.02115662500000	0.00000000000000	0.00000000000000
2.07000000000000	-0.00351191875000	-0.01714950000000	0.00000000000000	0.00000000000000
2.08000000000000	-0.00266337500000	-0.01300587500000	0.00000000000000	0.00000000000000
2.09000000000000	-0.00178926470588	-0.00873751176471	0.00000000000000	0.00000000000000
2.10000000000000	-0.00089134764706	-0.00435265882353	0.00000000000000	0.00000000000000
2.11000000000000	0.00002791176471	0.00013630423529	0.00000000000000	0.00000000000000
2.12000000000000	0.00096378235294	0.00470632941176	0.00000000000000	0.00000000000000
2.13000000000000	0.00190975882353	0.00932555882353	0.00000000000000	0.00000000000000
2.14000000000000	0.00285654117647	0.01394888235294	0.00000000000000	0.00000000000000
2.15000000000000	0.00379318235294	0.01852264705882	0.00000000000000	0.00000000000000
2.16000000000000	0.00470738235294	0.02298741176471	0.00000000000000	0.00000000000000
2.17000000000000	0.00558560000000	0.02727600000000	0.00000000000000	0.00000000000000
2.18000000000000	0.00641567500000	0.03132937500000	0.00000000000000	0.00000000000000
2.19000000000000	0.00718445000000	0.03508275000000	0.00000000000000	0.00000000000000
2.20000000000000	0.00788120000000	0.03848512500000	0.00000000000000	0.00000000000000
2.21000000000000	0.00849780000000	0.04149650000000	0.00000000000000	0.00000000000000
2.22000000000000	0.00902825000000	0.04408712500000	0.00000000000000	0.00000000000000
2.23000000000000	0.00946892500000	0.04623850000000	0.00000000000000	0.00000000000000
2.24000000000000	0.00981828750000	0.04794425000000	0.00000000000000	0.00000000000000
2.25000000000000	0.01007600000000	0.04920400000000	0.00000000000000	0.00000000000000
2.26000000000000	0.01024337500000	0.05001962500000	0.00000000000000	0.00000000000000
2.27000000000000	0.01032100000000	0.05039875000000	0.00000000000000	0.00000000000000
2.28000000000000	0.01030962500000	0.05034512500000	0.00000000000000	0.00000000000000
2.29000000000000	0.01021050000000	0.04985950000000	0.00000000000000	0.00000000000000
2.30000000000000	0.01002225000000	0.04894200000000	0.00000000000000	0.00000000000000
2.31000000000000	0.00974435000000	0.04758375000000	0.00000000000000	0.00000000000000
2.32000000000000	0.00937477500000	0.04577887500000	0.00000000000000	0.00000000000000
2.33000000000000	0.00891220000000	0.04352000000000	0.00000000000000	0.00000000000000
2.34000000000000	0.00835588235294	0.04080370588235	0.00000000000000	0.00000000000000
2.35000000000000	0.00770565882353	0.03762823529412	0.00000000000000	0.00000000000000
2.36000000000000	0.00696303529412	0.03400164705882	0.00000000000000	0.00000000000000
2.37000000000000	0.00613160588235	0.02994152941176	0.00000000000000	0.00000000000000
2.38000000000000	0.00521639411765	0.02547276470588	0.00000000000000	0.00000000000000
2.39000000000000	0.00422486470588	0.02063058823529	0.00000000000000	0.00000000000000
2.40000000000000	0.00316660588235	0.01546300000000	0.00000000000000	0.00000000000000
2.41000000000000	0.00205142941176	0.01001744705882	0.00000000000000	0.00000000000000
2.42000000000000	0.00089047125000	0.00434836250000	0.00000000000000	0.00000000000000
2.43000000000000	-0.00030495750000	-0.00148912500000	0.00000000000000	0.00000000000000
2.44000000000000	-0.00152263125000	-0.00743544375000	0.00000000000000	0.00000000000000
2.45000000000000	-0.00275222500000	-0.01343962500000	0.00000000000000	0.00000000000000
2.46000000000000	-0.00398430625000	-0.01945581250000	0.00000000000000	0.00000000000000
2.47000000000000	-0.00521085625000	-0.02544562500000	0.00000000000000	0.00000000000000
2.48000000000000	-0.00642506250000	-0.03137462500000	0.00000000000000	0.00000000000000
2.49000000000000	-0.00762148125000	-0.03721687500000	0.00000000000000	0.00000000000000
2.50000000000000	-0.00879501875000	-0.04294775000000	0.00000000000000	0.00000000000000
2.51000000000000	-0.00994093125000	-0.04854275000000	0.00000000000000	0.00000000000000
2.52000000000000	-0.01105393750000	-0.05397981250000	0.00000000000000	0.00000000000000
2.53000000000000	-0.01212925000000	-0.05923050000000	0.00000000000000	0.00000000000000
2.54000000000000	-0.01316025000000	-0.06426412500000	0.00000000000000	0.00000000000000
2.55000000000000	-0.01413856250000	-0.06904281250000	0.00000000000000	0.00000000000000
2.56000000000000	-0.01505781250000	-0.07352906250000	0.00000000000000	0.00000000000000
2.57000000000000	-0.01590668750000	-0.07767631250000	0.00000000000000	0.00000000000000
2.58000000000000	-0.01667694117647	-0.08143788235294	0.00000000000000	0.00000000000000
2.59000000000000	-0.01736035294118	-0.08477411764706	0.00000000000000	0.00000000000000
2.60000000000000	-0.01794500000000	-0.08763100000000	0.00000000000000	0.00000000000000
2.61000000000000	-0.01843462500000	-0.09001912500000	0.00000000000000	0.00000000000000
2.62000000000000	-0.01881900000000	-0.09189550000000	0.00000000000000	0.00000000000000
2.63000000000000	-0.01909512500000	-0.09324650000000	0.00000000000000	0.00000000000000
2.64000000000000	-0.01926400000000	-0.09407025000000	0.00000000000000	0.00000000000000
2.65000000000000	-0.01932662500000	-0.09437725000000	0.00000000000000	0.00000000000000
2.66000000000000	-0.01928700000000	-0.09418200000000	0.00000000000000	0.00000000000000
2.67000000000000	-0.01914800000000	-0.09350187500000	0.00000000000000	0.00000000000000
2.68000000000000	-0.01891450000000	-0.09236375000000	0.00000000000000	0.00000000000000
2.69000000000000	-0.01859250000000	-0.09079150000000	0.00000000000000	0.00000000000000
2.70000000000000	-0.01818650000000	-0.08880750000000	0.00000000000000	0.00000000000000
2.71000000000000	-0.01769987500000	-0.08643175000000	0.00000000000000	0.00000000000000
2.72000000000000	-0.01713750000000	-0.08368575000000	0.00000000000000	0.00000000000000
2.73000000000000	-0.01650262500000	-0.08058737500000	0.00000000000000	0.00000000000000
2.74000000000000	-0.01580000000000	-0.07715500000000	0.00000000000000	0.00000000000000
2.75000000000000	-0.01503458823529	-0.07341494117647	0.00000000000000	0.00000000000000
2.76000000000000	-0.01421005882353	-0.06938952941176	0.00000000000000	0.00000000000000
2.77000000000000	-0.01333276470588	-0.06510588235294	0.00000000000000	0.00000000000000
2.78000000000000	-0.01241052941176	-0.06060211764706	0.00000000000000	0.00000000000000
2.79000000000000	-0.01145047058824	-0.05591635294118	0.00000000000000	0.00000000000000
2.80000000000000	-0.01046294117647	-0.05109241176471	0.00000000000000	0.00000000000000
2.81000000000000	-0.00945678823529	-0.04617941176471	0.00000000000000	0.00000000000000
2.82000000000000	-0.00844236470588	-0.04122564705882	0.00000000000000	0.00000000000000
2.83000000000000	-0.00742900625000	-0.03627675000000	0.00000000000000	0.00000000000000
2.84000000000000	-0.00642662500000	-0.03138268750000	0.00000000000000	0.00000000000000
2.85000000000000	-0.00544535625000	-0.02659106250000	0.00000000000000	0.00000000000000
2.86000000000000	-0.00449368125000	-0.02194350000000	0.00000000000000	0.00000000000000
2.87000000000000	-0.00357963125000	-0.01747993750000	0.00000000000000	0.00000000000000
2.88000000000000	-0.00271055625000	-0.01323593750000	0.00000000000000	0.00000000000000
2.89000000000000	-0.00189314375000	-0.00924446250000	0.00000000000000	0.00000000000000
2.90000000000000	-0.00113328125000	-0.00553395000000	0.00000000000000	0.00000000000000
2.91000000000000	-0.00043688687500	-0.00213341875000	0.00000000000000	0.00000000000000
2.92000000000000	0.00019059250000	0.00093070312500	0.00000000000000	0.00000000000000
2.93000000000000	0.00074437500000	0.00363491250000	0.00000000000000	0.00000000000000
2.94000000000000	0.00121981875000	0.00595667500000	0.00000000000000	0.00000000000000
2.95000000000000	0.00161253125000	0.00787423125000	0.00000000000000	0.00000000000000
2.96000000000000	0.00191840000000	0.00936788750000	0.00000000000000	0.00000000000000
2.97000000000000	0.00213435625000	0.01042293750000	0.00000000000000	0.00000000000000
2.98000000000000	0.00225755625000	0.01102387500000	0.00000000000000	0.00000000000000
2.99000000000000	0.00228574117647	0.01116176470588	0.00000000000000	0.00000000000000
3.00000000000000	0.00221800588235	0.01083105882353	0.00000000000000	0.00000000000000
3.01000000000000	0.00205427647059	0.01003150000000	0.00000000000000	0.00000000000000
3.02000000000000	0.00179508823529	0.00876587058824	0.00000000000000	0.00000000000000
3.03000000000000	0.00144233529412	0.00704340000000	0.00000000000000	0.00000000000000
3.04000000000000	0.00099860411765	0.00487644117647	0.00000000000000	0.00000000000000
3.05000000000000	0.00046734705882	0.00228215882353	0.00000000000000	0.00000000000000
3.06000000000000	-0.00014695270588	-0.00071758470588	0.00000000000000	0.00000000000000
3.07000000000000	-0.00083900000000	-0.00409700000000	0.00000000000000	0.00000000000000
3.08000000000000	-0.00160418750000	-0.00783342500000	0.00000000000000	0.00000000000000
3.09000000000000	-0.00243472500000	-0.01188925000000	0.00000000000000	0.00000000000000
3.10000000000000	-0.00332360000000	-0.01622975000000	0.00000000000000	0.00000000000000
3.11000000000000	-0.00426340000000	-0.02081900000000	0.00000000000000	0.00000000000000
3.12000000000000	-0.00524648750000	-0.02561975000000	0.00000000000000	0.00000000000000
3.13000000000000	-0.00626495000000	-0.03059300000000	0.00000000000000	0.00000000000000
3.14000000000000	-0.00731085000000	-0.03570075000000	0.00000000000000	0.00000000000000
3.15000000000000	-0.00837660000000	-0.04090500000000	0.00000000000000	0.00000000000000
3.16000000000000	-0.00945416250000	-0.04616675000000	0.00000000000000	0.00000000000000
3.17000000000000	-0.01053525000000	-0.05144750000000	0.00000000000000	0.00000000000000
3.18000000000000	-0.01160976470588	-0.05669176470588	0.00000000000000	0.00000000000000
3.19000000000000	-0.01267441176471	-0.06189217647059	0.00000000000000	0.00000000000000
3.20000000000000	-0.01372041176471	-0.06699888235294	0.00000000000000	0.00000000000000
3.21000000000000	-0.01473876470588	-0.07197341176471	0.00000000000000	0.00000000000000
3.22000000000000	-0.01572311764706	-0.07677794117647	0.00000000000000	0.00000000000000
3.23000000000000	-0.01666411764706	-0.08137376470588	0.00000000000000	0.00000000000000
3.24000000000000	-0.01755481250000	-0.08572481250000	0.00000000000000	0.00000000000000
3.25000000000000	-0.01838756250000	-0.08979125000000	0.00000000000000	0.00000000000000
3.26000000000000	-0.01915418750000	-0.09353556250000	0.00000000000000	0.00000000000000
3.27000000000000	-0.01984781250000	-0.09692093750000	0.00000000000000	0.00000000000000
3.28000000000000	-0.02046131250000	-0.09991875000000	0.00000000000000	0.00000000000000
3.29000000000000	-0.02098931250000	-0.10249812500000	0.00000000000000	0.00000000000000
3.30000000000000	-0.02142700000000	-0.10463187500000	0.00000000000000	0.00000000000000
3.31000000000000	-0.02177087500000	-0.10631437500000	0.00000000000000	0.00000000000000
3.32000000000000	-0.02201793750000	-0.10751937500000	0.00000000000000	0.00000000000000
3.33000000000000	-0.02216781250000	-0.10824500000000	0.00000000000000	0.00000000000000
3.34000000000000	-0.02222000000000	-0.10850000000000	0.00000000000000	0.00000000000000
3.35000000000000	-0.02217543750000	-0.10828500000000	0.00000000000000	0.00000000000000
3.36000000000000	-0.02203556250000	-0.10760562500000	0.00000000000000	0.00000000000000
3.37000000000000	-0.02180306250000	-0.10646875000000	0.00000000000000	0.00000000000000
3.38000000000000	-0.02148025000000	-0.10489437500000	0.00000000000000	0.00000000000000
3.39000000000000	-0.02106956250000	-0.10289187500000	0.00000000000000	0.00000000000000
3.40000000000000	-0.02057476470588	-0.10047411764706	0.00000000000000	0.00000000000000
3.41000000000000	-0.01999800000000	-0.09765247058824	0.00000000000000	0.00000000000000
3.42000000000000	-0.01934147058824	-0.09444947058824	0.00000000000000	0.00000000000000
3.43000000000000	-0.01861052941176	-0.09087817647059	0.00000000000000	0.00000000000000
3.44000000000000	-0.01780747058824	-0.08695835294118	0.00000000000000	0.00000000000000
3.45000000000000	-0.01693888235294	-0.08271541176471	0.00000000000000	0.00000000000000
3.46000000000000	-0.01600970588235	-0.07817752941176	0.00000000000000	0.00000000000000
3.47000000000000	-0.01502641176471	-0.07337835294118	0.00000000000000	0.00000000000000
3.48000000000000	-0.01399800000000	-0.06835600000000	0.00000000000000	0.00000000000000
3.49000000000000	-0.01293187500000	-0.06314700000000	0.00000000000000	0.00000000000000
3.50000000000000	-0.01183675000000	-0.05780150000000	0.00000000000000	0.00000000000000
3.51000000000000	-0.01072375000000	-0.05236650000000	0.00000000000000	0.00000000000000
3.52000000000000	-0.00960195000000	-0.04688800000000	0.00000000000000	0.00000000000000
3.53000000000000	-0.00848031250000	-0.04141050000000	0.00000000000000	0.00000000000000
3.54000000000000	-0.00736762500000	-0.03597750000000	0.00000000000000	0.00000000000000
3.55000000000000	-0.00627196250000	-0.03062725000000	0.00000000000000	0.00000000000000
3.56000000000000	-0.00520100000000	-0.02539800000000	0.00000000000000	0.00000000000000
3.57000000000000	-0.00416211250000	-0.02032450000000	0.00000000000000	0.00000000000000
3.58000000000000	-0.00316162500000	-0.01543925000000	0.00000000000000	0.00000000000000
3.59000000000000	-0.00220641250000	-0.01077412500000	0.00000000000000	0.00000000000000
3.60000000000000	-0.00130250000000	-0.00636035000000	0.00000000000000	0.00000000000000
3.61000000000000	-0.00045601750000	-0.00222683750000	0.00000000000000	0.00000000000000
3.62000000000000	0.00032696750000	0.00159667500000	0.00000000000000	0.00000000000000
3.63000000000000	0.00104107750000	0.00508390000000	0.00000000000000	0.00000000000000
3.64000000000000	0.00168090000000	0.00820830000000	0.00000000000000	0.00000000000000
3.65000000000000	0.00224078235294	0.01094223529412	0.00000000000000	0.00000000000000
3.66000000000000	0.00271776470588	0.01327094117647	0.00000000000000	0.00000000000000
3.67000000000000	0.00310847058824	0.01517905882353	0.00000000000000	0.00000000000000
3.68000000000000	0.00341011764706	0.01665247058824	0.00000000000000	0.00000000000000
3.69000000000000	0.00362100000000	0.01768223529412	0.00000000000000	0.00000000000000
3.70000000000000	0.00374012352941	0.01826405882353	0.00000000000000	0.00000000000000
3.71000000000000	0.00376710588235	0.01839511764706	0.00000000000000	0.00000000000000
3.72000000000000	0.00370229411765	0.01807888235294	0.00000000000000	0.00000000000000
3.73000000000000	0.00354689375000	0.01731975000000	0.00000000000000	0.00000000000000
3.74000000000000	0.00330277500000	0.01612831250000	0.00000000000000	0.00000000000000
3.75000000000000	0.00297300625000	0.01451787500000	0.00000000000000	0.00000000000000
3.76000000000000	0.00256145625000	0.01250850000000	0.00000000000000	0.00000000000000
3.77000000000000	0.00207289375000	0.01012248125000	0.00000000000000	0.00000000000000
3.78000000000000	0.00151261875000	0.00738623125000	0.00000000000000	0.00000000000000
3.79000000000000	0.00088683875000	0.00433056875000	0.00000000000000	0.00000000000000
3.80000000000000	0.00020224562500	0.00098761562500	0.00000000000000	0.00000000000000
3.81000000000000	-0.00053390000000	-0.00260709411765	0.00000000000000	0.00000000000000
3.82000000000000	-0.00131423529412	-0.00641761176471	0.00000000000000	0.00000000000000
3.83000000000000	-0.00213227647059	-0.01041217647059	0.00000000000000	0.00000000000000
3.84000000000000	-0.00298125882353	-0.01455829411765	0.00000000000000	0.00000000000000
3.85000000000000	-0.00385444705882	-0.01882223529412	0.00000000000000	0.00000000000000
3.86000000000000	-0.00474532352941	-0.02317229411765	0.00000000000000	0.00000000000000
3.87000000000000	-0.00564740000000	-0.02757711764706	0.00000000000000	0.00000000000000
3.88000000000000	-0.00655386470588	-0.03200382352941	0.00000000000000	0.00000000000000
3.89000000000000	-0.00745750000000	-0.03641600000000	0.00000000000000	0.00000000000000
3.90000000000000	-0.00835156250000	-0.04078225000000	0.00000000000000	0.00000000000000
3.91000000000000	-0.00922677500000	-0.04505675000000	0.00000000000000	0.00000000000000
3.92000000000000	-0.01007400000000	-0.04919425000000	0.00000000000000	0.00000000000000
3.93000000000000	-0.01088450000000	-0.05315250000000	0.00000000000000	0.00000000000000
3.94000000000000	-0.01164962500000	-0.05688675000000	0.00000000000000	0.00000000000000
3.95000000000000	-0.01235925000000	-0.06035400000000	0.00000000000000	0.00000000000000
3.96000000000000	-0.01300737500000	-0.06351637500000	0.00000000000000	0.00000000000000
3.97000000000000	-0.01358500000000	-0.06633900000000	0.00000000000000	0.00000000000000
3.98000000000000	-0.01408737500000	-0.06879162500000	0.00000000000000	0.00000000000000
3.99000000000000	-0.01451025000000	-0.07085550000000	0.00000000000000	0.00000000000000
4.00000000000000	-0.01485000000000	-0.07251450000000	0.00000000000000	0.00000000000000
4.01000000000000	-0.01510450000000	-0.07375750000000	0.00000000000000	0.00000000000000
4.02000000000000	-0.01527250000000	-0.07457912500000	0.00000000000000	0.00000000000000
4.03000000000000	-0.01535325000000	-0.07497375000000	0.00000000000000	0.00000000000000
4.04000000000000	-0.01534600000000	-0.07493862500000	0.00000000000000	0.00000000000000
4.05000000000000	-0.01525100000000	-0.07447200000000	0.00000000000000	0.00000000000000
4.06000000000000	-0.01506552941176	-0.07357000000000	0.00000000000000	0.00000000000000
4.07000000000000	-0.01479176470588	-0.07223252941176	0.00000000000000	0.00000000000000
4.08000000000000	-0.01442835294118	-0.07045823529412	0.00000000000000	0.00000000000000
4.09000000000000	-0.01397641176471	-0.06824917647059	0.00000000000000	0.00000000000000
4.10000000000000	-0.01343611764706	-0.06561105882353	0.00000000000000	0.00000000000000
4.11000000000000	-0.01281005882353	-0.06255347058824	0.00000000000000	0.00000000000000
4.12000000000000	-0.01210152941176	-0.05909382352941	0.00000000000000	0.00000000000000
4.13000000000000	-0.01131488235294	-0.05525247058824	0.00000000000000	0.00000000000000
4.14000000000000	-0.01045487500000	-0.05105525000000	0.00000000000000	0.00000000000000
4.15000000000000	-0.00952943750000	-0.04653456250000	0.00000000000000	0.00000000000000
4.16000000000000	-0.00854514375000	-0.04172750000000	0.00000000000000	0.00000000000000
4.17000000000000	-0.00751024375000	-0.03667375000000	0.00000000000000	0.00000000000000
4.18000000000000	-0.00643261250000	-0.03141137500000	0.00000000000000	0.00000000000000
4.19000000000000	-0.00531996875000	-0.02597862500000	0.00000000000000	0.00000000000000
4.20000000000000	-0.00417991250000	-0.02041093750000	0.00000000000000	0.00000000000000
4.21000000000000	-0.00301990625000	-0.01474712500000	0.00000000000000	0.00000000000000
4.22000000000000	-0.00184688750000	-0.00901893125000	0.00000000000000	0.00000000000000
4.23000000000000	-0.00066829812500	-0.00326345000000	0.00000000000000	0.00000000000000
4.24000000000000	0.00050892750000	0.00248513750000	0.00000000000000	0.00000000000000
4.25000000000000	0.00167710625000	0.00818960625000	0.00000000000000	0.00000000000000
4.26000000000000	0.00282853750000	0.01381231250000	0.00000000000000	0.00000000000000
4.27000000000000	0.00395525000000	0.01931412500000	0.00000000000000	0.00000000000000
4.28000000000000	0.00504883750000	0.02465412500000	0.00000000000000	0.00000000000000
4.29000000000000	0.00610106875000	0.02979256250000	0.00000000000000	0.00000000000000
4.30000000000000	0.00710332941176	0.03468658823529	0.00000000000000	0.00000000000000
4.31000000000000	0.00804795882353	0.03929929411765	0.00000000000000	0.00000000000000
4.32000000000000	0.00892868823529	0.04360023529412	0.00000000000000	0.00000000000000
4.33000000000000	0.00973940588235	0.04755905882353	0.00000000000000	0.00000000000000
4.34000000000000	0.01047200000000	0.05113500000000	0.00000000000000	0.00000000000000
4.35000000000000	0.01112912500000	0.05434412500000	0.00000000000000	0.00000000000000
4.36000000000000	0.01170300000000	0.05714650000000	0.00000000000000	0.00000000000000
4.37000000000000	0.01219075000000	0.05952925000000	0.00000000000000	0.00000000000000
4.38000000000000	0.01259100000000	0.06148200000000	0.00000000000000	0.00000000000000
4.39000000000000	0.01290125000000	0.06299687500000	0.00000000000000	0.00000000000000
4.40000000000000	0.01312000000000	0.06406900000000	0.00000000000000	0.00000000000000
4.41000000000000	0.01324887500000	0.06469800000000	0.00000000000000	0.00000000000000
4.42000000000000	0.01328650000000	0.06488200000000	0.00000000000000	0.00000000000000
4.43000000000000	0.01323400000000	0.06462450000000	0.00000000000000	0.00000000000000
4.44000000000000	0.01309250000000	0.06393325000000	0.00000000000000	0.00000000000000
4.45000000000000	0.01286350000000	0.06281662500000	0.00000000000000	0.00000000000000
4.46000000000000	0.01255100000000	0.06129100000000	0.00000000000000	0.00000000000000
4.47000000000000	0.01215864705882	0.05937405882353	0.00000000000000	0.00000000000000
4.48000000000000	0.01169047058824	0.05708770588235	0.00000000000000	0.00000000000000
4.49000000000000	0.01115182352941	0.05445535294118	0.00000000000000	0.00000000000000
4.50000000000000	0.01054705882353	0.05150441176471	0.00000000000000	0.00000000000000
4.51000000000000	0.00988338823529	0.04826229411765	0.00000000000000	0.00000000000000
4.52000000000000	0.00916598823529	0.04475982352941	0.00000000000000	0.00000000000000
4.53000000000000	0.00840160588235	0.04102647058824	0.00000000000000	0.00000000000000
4.54000000000000	0.00759659411765	0.03709552941176	0.00000000000000	0.00000000000000
4.55000000000000	0.00675756875000	0.03299837500000	0.00000000000000	0.00000000000000
4.56000000000000	0.00589205000000	0.02877193750000	0.00000000000000	0.00000000000000
4.57000000000000	0.00500839375000	0.02445712500000	0.00000000000000	0.00000000000000
4.58000000000000	0.00411513750000	0.02009506250000	0.00000000000000	0.00000000000000
4.59000000000000	0.00322125625000	0.01573006250000	0.00000000000000	0.00000000000000
4.60000000000000	0.00233574375000	0.01140575000000	0.00000000000000	0.00000000000000
4.61000000000000	0.00146793125000	0.00716813750000	0.00000000000000	0.00000000000000
4.62000000000000	0.00062672312500	0.00306043125000	0.00000000000000	0.00000000000000
4.63000000000000	-0.00017930687500	-0.00087559062500	0.00000000000000	0.00000000000000
4.64000000000000	-0.00094238875000	-0.00460185625000	0.00000000000000	0.00000000000000
4.65000000000000	-0.00165583750000	-0.00808582500000	0.00000000000000	0.00000000000000
4.66000000000000	-0.00231354375000	-0.01129775000000	0.00000000000000	0.00000000000000
4.67000000000000	-0.00291057500000	-0.01421268750000	0.00000000000000	0.00000000000000
4.68000000000000	-0.00344240000000	-0.01680962500000	0.00000000000000	0.00000000000000
4.69000000000000	-0.00390481875000	-0.01906768750000	0.00000000000000	0.00000000000000
4.70000000000000	-0.00429425625000	-0.02096925000000	0.00000000000000	0.00000000000000
4.71000000000000	-0.00460677058824	-0.02249558823529	0.00000000000000	0.00000000000000
4.72000000000000	-0.00483878235294	-0.02362829411765	0.00000000000000	0.00000000000000
4.73000000000000	-0.00498724117647	-0.02435341176471	0.00000000000000	0.00000000000000
4.74000000000000	-0.00504907058824	-0.02465535294118	0.00000000000000	0.00000000000000
4.75000000000000	-0.00502145294118	-0.02452082352941	0.00000000000000	0.00000000000000
4.76000000000000	-0.00490268823529	-0.02394088235294	0.00000000000000	0.00000000000000
4.77000000000000	-0.00469201764706	-0.02291229411765	0.00000000000000	0.00000000000000
4.78000000000000	-0.00438997647059	-0.02143711764706	0.00000000000000	0.00000000000000
4.79000000000000	-0.00399830000000	-0.01952400000000	0.00000000000000	0.00000000000000
4.80000000000000	-0.00351906250000	-0.01718450000000	0.00000000000000	0.00000000000000
4.81000000000000	-0.00295710000000	-0.01444025000000	0.00000000000000	0.00000000000000
4.82000000000000	-0.00231701250000	-0.01131412500000	0.00000000000000	0.00000000000000
4.83000000000000	-0.00160405000000	-0.00783295000000	0.00000000000000	0.00000000000000
4.84000000000000	-0.00082373375000	-0.00402247500000	0.00000000000000	0.00000000000000
4.85000000000000	0.00001876975000	0.00009165750000	0.00000000000000	0.00000000000000
4.86000000000000	0.00091818375000	0.00448362500000	0.00000000000000	0.00000000000000
4.87000000000000	0.00186920000000	0.00912760000000	0.00000000000000	0.00000000000000
4.88000000000000	0.00286643750000	0.01399775000000	0.00000000000000	0.00000000000000
4.89000000000000	0.00390171176471	0.01905235294118	0.00000000000000	0.00000000000000
4.90000000000000	0.00497181176471	0.02427864705882	0.00000000000000	0.00000000000000
4.91000000000000	0.00606857647059	0.02963400000000	0.00000000000000	0.00000000000000
4.92000000000000	0.00718352352941	0.03507847058824	0.00000000000000	0.00000000000000
4.93000000000000	0.00830805294118	0.04056958823529	0.00000000000000	0.00000000000000
4.94000000000000	0.00943217058824	0.04605905882353	0.00000000000000	0.00000000000000
4.95000000000000	0.01054635294118	0.05150000000000	0.00000000000000	0.00000000000000
4.96000000000000	0.01164106250000	0.05684781250000	0.00000000000000	0.00000000000000
4.97000000000000	0.01270806250000	0.06205556250000	0.00000000000000	0.00000000000000
4.98000000000000	0.01373656250000	0.06707962500000	0.00000000000000	0.00000000000000
4.99000000000000	0.01472068750000	0.07188325000000	0.00000000000000	0.00000000000000
5.00000000000000	0.01565225000000	0.07643256250000	0.00000000000000	0.00000000000000
5.01000000000000	0.01652587500000	0.08070137500000	0.00000000000000	0.00000000000000
5.02000000000000	0.01733718750000	0.08466300000000	0.00000000000000	0.00000000000000
5.03000000000000	0.01808168750000	0.08829543750000	0.00000000000000	0.00000000000000
5.04000000000000	0.01875343750000	0.09157631250000	0.00000000000000	0.00000000000000
5.05000000000000	0.01934887500000	0.09448350000000	0.00000000000000	0.00000000000000
5.06000000000000	0.01986406250000	0.09699950000000	0.00000000000000	0.00000000000000
5.07000000000000	0.02029456250000	0.09910375000000	0.00000000000000	0.00000000000000
5.08000000000000	0.02063756250000	0.10077500000000	0.00000000000000	0.00000000000000
5.09000000000000	0.02089037500000	0.10201000000000	0.00000000000000	0.00000000000000
5.10000000000000	0.02104943750000	0.10278312500000	0.00000000000000	0.00000000000000
5.11000000000000	0.02111375000000	0.10309937500000	0.00000000000000	0.00000000000000
5.12000000000000	0.02108423529412	0.10295647058824	0.00000000000000	0.00000000000000
5.13000000000000	0.02096205882353	0.10236529411765	0.00000000000000	0.00000000000000
5.14000000000000	0.02074835294118	0.10131823529412	0.00000000000000	0.00000000000000
5.15000000000000	0.02044594117647	0.09984094117647	0.00000000000000	0.00000000000000
5.16000000000000	0.02005794117647	0.09794894117647	0.00000000000000	0.00000000000000
5.17000000000000	0.01958929411765	0.09565858823529	0.00000000000000	0.00000000000000
5.18000000000000	0.01904235294118	0.09298817647059	0.00000000000000	0.00000000000000
5.19000000000000	0.01842247058824	0.08995917647059	0.00000000000000	0.00000000000000
5.20000000000000	0.01773300000000	0.08659300000000	0.00000000000000	0.00000000000000
5.21000000000000	0.01697800000000	0.08290850000000	0.00000000000000	0.00000000000000
5.22000000000000	0.01616550000000	0.07893825000000	0.00000000000000	0.00000000000000
5.23000000000000	0.01530025000000	0.07471375000000	0.00000000000000	0.00000000000000
5.24000000000000	0.01439000000000	0.07026900000000	0.00000000000000	0.00000000000000
5.25000000000000	0.01344287500000	0.06564362500000	0.00000000000000	0.00000000000000
5.26000000000000	0.01246725000000	0.06087950000000	0.00000000000000	0.00000000000000
5.27000000000000	0.01147237500000	0.05602175000000	0.00000000000000	0.00000000000000
5.28000000000000	0.01046700000000	0.05111400000000	0.00000000000000	0.00000000000000
5.29000000000000	0.00946185000000	0.04620412500000	0.00000000000000	0.00000000000000
5.30000000000000	0.00846420000000	0.04133250000000	0.00000000000000	0.00000000000000
5.31000000000000	0.00748280000000	0.03654012500000	0.00000000000000	0.00000000000000
5.32000000000000	0.00652530000000	0.03186400000000	0.00000000000000	0.00000000000000
5.33000000000000	0.00559862500000	0.02733925000000	0.00000000000000	0.00000000000000
5.34000000000000	0.00470940000000	0.02299650000000	0.00000000000000	0.00000000000000
5.35000000000000	0.00386382500000	0.01886812500000	0.00000000000000	0.00000000000000
5.36000000000000	0.00306790000000	0.01498100000000	0.00000000000000	0.00000000000000
5.37000000000000	0.00232883529412	0.01137176470588	0.00000000000000	0.00000000000000
5.38000000000000	0.00165121764706	0.00806321176471	0.00000000000000	0.00000000000000
5.39000000000000	0.00104084352941	0.00508272941176	0.00000000000000	0.00000000000000
5.40000000000000	0.00050337882353	0.00245806470588	0.00000000000000	0.00000000000000
5.41000000000000	0.00004357447059	0.00021278000000	0.00000000000000	0.00000000000000
5.42000000000000	-0.00033430647059	-0.00163245882353	0.00000000000000	0.00000000000000
5.43000000000000	-0.00062688000000	-0.00306116470588	0.00000000000000	0.00000000000000
5.44000000000000	-0.00083213058824	-0.00406344117647	0.00000000000000	0.00000000000000
5.45000000000000	-0.00094876250000	-0.00463298125000	0.00000000000000	0.00000000000000
5.46000000000000	-0.00097648250000	-0.00476838750000	0.00000000000000	0.00000000000000
5.47000000000000	-0.00091634812500	-0.00447473125000	0.00000000000000	0.00000000000000
5.48000000000000	-0.00076966562500	-0.00375843125000	0.00000000000000	0.00000000000000
5.49000000000000	-0.00053847625000	-0.00262950625000	0.00000000000000	0.00000000000000
5.50000000000000	-0.00022524250000	-0.00109993750000	0.00000000000000	0.00000000000000
5.51000000000000	0.00016753312500	0.00081811187500	0.00000000000000	0.00000000000000
5.52000000000000	0.00063709062500	0.00311100625000	0.00000000000000	0.00000000000000
5.53000000000000	0.00117980000000	0.00576097058824	0.00000000000000	0.00000000000000
5.54000000000000	0.00179182352941	0.00874979411765	0.00000000000000	0.00000000000000
5.55000000000000	0.00246904705882	0.01205676470588	0.00000000000000	0.00000000000000
5.56000000000000	0.00320635294118	0.01565700000000	0.00000000000000	0.00000000000000
5.57000000000000	0.00399752352941	0.01952064705882	0.00000000000000	0.00000000000000
5.58000000000000	0.00483568235294	0.02361323529412	0.00000000000000	0.00000000000000
5.59000000000000	0.00571307058824	0.02789823529412	0.00000000000000	0.00000000000000
5.60000000000000	0.00662131764706	0.03233364705882	0.00000000000000	0.00000000000000
5.61000000000000	0.00755170000000	0.03687600000000	0.00000000000000	0.00000000000000
5.62000000000000	0.00849677500000	0.04149162500000	0.00000000000000	0.00000000000000
5.63000000000000	0.00944655000000	0.04612925000000	0.00000000000000	0.00000000000000
5.64000000000000	0.01039275000000	0.05074962500000	0.00000000000000	0.00000000000000
5.65000000000000	0.01132750000000	0.05531550000000	0.00000000000000	0.00000000000000
5.66000000000000	0.01224387500000	0.05978925000000	0.00000000000000	0.00000000000000
5.67000000000000	0.01313425000000	0.06413650000000	0.00000000000000	0.00000000000000
5.68000000000000	0.01399187500000	0.06832512500000	0.00000000000000	0.00000000000000
5.69000000000000	0.01481100000000	0.07232300000000	0.00000000000000	0.00000000000000
5.70000000000000	0.01558312500000	0.07609525000000	0.00000000000000	0.00000000000000
5.71000000000000	0.01630325000000	0.07961125000000	0.00000000000000	0.00000000000000
5.72000000000000	0.01696425000000	0.08283887500000	0.00000000000000	0.00000000000000
5.73000000000000	0.01755950000000	0.08574550000000	0.00000000000000	0.00000000000000
5.74000000000000	0.01808300000000	0.08830250000000	0.00000000000000	0.00000000000000
5.75000000000000	0.01852925000000	0.09048350000000	0.00000000000000	0.00000000000000
5.76000000000000	0.01889437500000	0.09226625000000	0.00000000000000	0.00000000000000
5.77000000000000	0.01917500000000	0.09363300000000	0.00000000000000	0.00000000000000
5.78000000000000	0.01936582352941	0.09456929411765	0.00000000000000	0.00000000000000
5.79000000000000	0.01946911764706	0.09507111764706	0.00000000000000	0.00000000000000
5.80000000000000	0.01948223529412	0.09513647058824	0.00000000000000	0.00000000000000
5.81000000000000	0.01940658823529	0.09476435294118	0.00000000000000	0.00000000000000
5.82000000000000	0.01924200000000	0.09396094117647	0.00000000000000	0.00000000000000
5.83000000000000	0.01899011764706	0.09273152941176	0.00000000000000	0.00000000000000
5.84000000000000	0.01865194117647	0.09108194117647	0.00000000000000	0.00000000000000
5.85000000000000	0.01823035294118	0.08902047058824	0.00000000000000	0.00000000000000
5.86000000000000	0.01772537500000	0.08655656250000	0.00000000000000	0.00000000000000
5.87000000000000	0.01714068750000	0.08370006250000	0.00000000000000	0.00000000000000
5.88000000000000	0.01647837500000	0.08046731250000	0.00000000000000	0.00000000000000
5.89000000000000	0.01574287500000	0.07687593750000	0.00000000000000	0.00000000000000
5.90000000000000	0.01493893750000	0.07295081250000	0.00000000000000	0.00000000000000
5.91000000000000	0.01407162500000	0.06871612500000	0.00000000000000	0.00000000000000
5.92000000000000	0.01314806250000	0.06420375000000	0.00000000000000	0.00000000000000
5.93000000000000	0.01217412500000	0.05944943750000	0.00000000000000	0.00000000000000
5.94000000000000	0.01115843750000	0.05448937500000	0.00000000000000	0.00000000000000
5.95000000000000	0.01010846875000	0.04936362500000	0.00000000000000	0.00000000000000
5.96000000000000	0.00903349375000	0.04411237500000	0.00000000000000	0.00000000000000
5.97000000000000	0.00794071250000	0.03877575000000	0.00000000000000	0.00000000000000
5.98000000000000	0.00683832500000	0.03339300000000	0.00000000000000	0.00000000000000
5.99000000000000	0.00573408125000	0.02800068750000	0.00000000000000	0.00000000000000
6.00000000000000	0.00463548750000	0.02263568750000	0.00000000000000	0.00000000000000
6.01000000000000	0.00354990000000	0.01733475000000	0.00000000000000	0.00000000000000
6.02000000000000	0.00248490588235	0.01213470588235	0.00000000000000	0.00000000000000
6.03000000000000	0.00144800000000	0.00707084117647	0.00000000000000	0.00000000000000
6.04000000000000	0.00044547176471	0.00217535882353	0.00000000000000	0.00000000000000
6.05000000000000	-0.00051549235294	-0.00251724117647	0.00000000000000	0.00000000000000
6.06000000000000	-0.00142805882353	-0.00697345882353	0.00000000000000	0.00000000000000
6.07000000000000	-0.00228544117647	-0.01116035294118	0.00000000000000	0.00000000000000
6.08000000000000	-0.00307977500000	-0.01503900000000	0.00000000000000	0.00000000000000
6.09000000000000	-0.00381021250000	-0.01860625000000	0.00000000000000	0.00000000000000
6.10000000000000	-0.00446920000000	-0.02182400000000	0.00000000000000	0.00000000000000
6.11000000000000	-0.00505262500000	-0.02467287500000	0.00000000000000	0.00000000000000
6.12000000000000	-0.00555787500000	-0.02714025000000	0.00000000000000	0.00000000000000
6.13000000000000	-0.00598303750000	-0.02921637500000	0.00000000000000	0.00000000000000
6.14000000000000	-0.00632635000000	-0.03089250000000	0.00000000000000	0.00000000000000
6.15000000000000	-0.00658716250000	-0.03216662500000	0.00000000000000	0.00000000000000
6.16000000000000	-0.00676480000000	-0.03303425000000	0.00000000000000	0.00000000000000
6.17000000000000	-0.00685892500000	-0.03349325000000	0.00000000000000	0.00000000000000
6.18000000000000	-0.00686960000000	-0.03354500000000	0.00000000000000	0.00000000000000
6.19000000000000	-0.00679671764706	-0.03318982352941	0.00000000000000	0.00000000000000
6.20000000000000	-0.00664175294118	-0.03243258823529	0.00000000000000	0.00000000000000
6.21000000000000	-0.00640587647059	-0.03128100000000	0.00000000000000	0.00000000000000
6.22000000000000	-0.00609120000000	-0.02974429411765	0.00000000000000	0.00000000000000
6.23000000000000	-0.00570085882353	-0.02783800000000	0.00000000000000	0.00000000000000
6.24000000000000	-0.00523896470588	-0.02558288235294	0.00000000000000	0.00000000000000
6.25000000000000	-0.00471025882353	-0.02300135294118	0.00000000000000	0.00000000000000
6.26000000000000	-0.00412080588235	-0.02012282352941	0.00000000000000	0.00000000000000
6.27000000000000	-0.00347673125000	-0.01697750000000	0.00000000000000	0.00000000000000
6.28000000000000	-0.00278460000000	-0.01359793750000	0.00000000000000	0.00000000000000
6.29000000000000	-0.00205261875000	-0.01002312500000	0.00000000000000	0.00000000000000
6.30000000000000	-0.00128809375000	-0.00629020000000	0.00000000000000	0.00000000000000
6.31000000000000	-0.00049836125000	-0.00243360625000	0.00000000000000	0.00000000000000
6.32000000000000	0.00030892000000	0.00150854375000	0.00000000000000	0.00000000000000
6.33000000000000	0.00112659375000	0.00550119375000	0.00000000000000	0.00000000000000
6.34000000000000	0.00194713125000	0.00950824375000	0.00000000000000	0.00000000000000
6.35000000000000	0.00276327500000	0.01349343750000	0.00000000000000	0.00000000000000
6.36000000000000	0.00356751875000	0.01742087500000	0.00000000000000	0.00000000000000
6.37000000000000	0.00435207500000	0.02125218750000	0.00000000000000	0.00000000000000
6.38000000000000	0.00510953750000	0.02495112500000	0.00000000000000	0.00000000000000
6.39000000000000	0.00583233125000	0.02848056250000	0.00000000000000	0.00000000000000
6.40000000000000	0.00651307500000	0.03180493750000	0.00000000000000	0.00000000000000
6.41000000000000	0.00714488125000	0.03489006250000	0.00000000000000	0.00000000000000
6.42000000000000	0.00772156875000	0.03770556250000	0.00000000000000	0.00000000000000
6.43000000000000	0.00823709411765	0.04022341176471	0.00000000000000	0.00000000000000
6.44000000000000	0.00868657647059	0.04241805882353	0.00000000000000	0.00000000000000
6.45000000000000	0.00906674117647	0.04427429411765	0.00000000000000	0.00000000000000
6.46000000000000	0.00937421764706	0.04577611764706	0.00000000000000	0.00000000000000
6.47000000000000	0.00960628235294	0.04690905882353	0.00000000000000	0.00000000000000
6.48000000000000	0.00976065882353	0.04766317647059	0.00000000000000	0.00000000000000
6.49000000000000	0.00983571764706	0.04802970588235	0.00000000000000	0.00000000000000
6.50000000000000	0.00982980000000	0.04800088235294	0.00000000000000	0.00000000000000
6.51000000000000	0.00974140000000	0.04756900000000	0.00000000000000	0.00000000000000
6.52000000000000	0.00956923750000	0.04672825000000	0.00000000000000	0.00000000000000
6.53000000000000	0.00931300000000	0.04547700000000	0.00000000000000	0.00000000000000
6.54000000000000	0.00897268750000	0.04381525000000	0.00000000000000	0.00000000000000
6.55000000000000	0.00854905000000	0.04174650000000	0.00000000000000	0.00000000000000
6.56000000000000	0.00804370000000	0.03927875000000	0.00000000000000	0.00000000000000
6.57000000000000	0.00745920000000	0.03642450000000	0.00000000000000	0.00000000000000
6.58000000000000	0.00679893750000	0.03320100000000	0.00000000000000	0.00000000000000
6.59000000000000	0.00606740000000	0.02962800000000	0.00000000000000	0.00000000000000
6.60000000000000	0.00526930000000	0.02573100000000	0.00000000000000	0.00000000000000
6.61000000000000	0.00441052500000	0.02153775000000	0.00000000000000	0.00000000000000
6.62000000000000	0.00349737500000	0.01707812500000	0.00000000000000	0.00000000000000
6.63000000000000	0.00254077058824	0.01240705882353	0.00000000000000	0.00000000000000
6.64000000000000	0.00153950000000	0.00751787058824	0.00000000000000	0.00000000000000
6.65000000000000	0.00050379058824	0.00246007058824	0.00000000000000	0.00000000000000
6.66000000000000	-0.00055949117647	-0.00273208235294	0.00000000000000	0.00000000000000
6.67000000000000	-0.00164311176471	-0.00802340588235	0.00000000000000	0.00000000000000
6.68000000000000	-0.00274034375000	-0.01338187500000	0.00000000000000	0.00000000000000
6.69000000000000	-0.00384356875000	-0.01876881250000	0.00000000000000	0.00000000000000
6.70000000000000	-0.00494413750000	-0.02414312500000	0.00000000000000	0.00000000000000
6.71000000000000	-0.00603430625000	-0.02946656250000	0.00000000000000	0.00000000000000
6.72000000000000	-0.00710596875000	-0.03469987500000	0.00000000000000	0.00000000000000
6.73000000000000	-0.00815123750000	-0.03980412500000	0.00000000000000	0.00000000000000
6.74000000000000	-0.00916256875000	-0.04474250000000	0.00000000000000	0.00000000000000
6.75000000000000	-0.01013327500000	-0.04948062500000	0.00000000000000	0.00000000000000
6.76000000000000	-0.01105606250000	-0.05398650000000	0.00000000000000	0.00000000000000
6.77000000000000	-0.01192468750000	-0.05823025000000	0.00000000000000	0.00000000000000
6.78000000000000	-0.01273468750000	-0.06218775000000	0.00000000000000	0.00000000000000
6.79000000000000	-0.01348218750000	-0.06583493750000	0.00000000000000	0.00000000000000
6.80000000000000	-0.01416162500000	-0.06915368750000	0.00000000000000	0.00000000000000
6.81000000000000	-0.01476993750000	-0.07212487500000	0.00000000000000	0.00000000000000
6.82000000000000	-0.01530381250000	-0.07473318750000	0.00000000000000	0.00000000000000
6.83000000000000	-0.01576068750000	-0.07696393750000	0.00000000000000	0.00000000000000
6.84000000000000	-0.01613717647059	-0.07880247058824	0.00000000000000	0.00000000000000
6.85000000000000	-0.01643123529412	-0.08023694117647	0.00000000000000	0.00000000000000
6.86000000000000	-0.01664094117647	-0.08125952941176	0.00000000000000	0.00000000000000
6.87000000000000	-0.01676435294118	-0.08186394117647	0.00000000000000	0.00000000000000
6.88000000000000	-0.01680147058824	-0.08204535294118	0.00000000000000	0.00000000000000
6.89000000000000	-0.01675194117647	-0.08180241176471	0.00000000000000	0.00000000000000
6.90000000000000	-0.01661658823529	-0.08114070588235	0.00000000000000	0.00000000000000
6.91000000000000	-0.01639694117647	-0.08006800000000	0.00000000000000	0.00000000000000
6.92000000000000	-0.01609500000000	-0.07859700000000	0.00000000000000	0.00000000000000
6.93000000000000	-0.01571537500000	-0.07674100000000	0.00000000000000	0.00000000000000
6.94000000000000	-0.01526175000000	-0.07452500000000	0.00000000000000	0.00000000000000
6.95000000000000	-0.01473887500000	-0.07197150000000	0.00000000000000	0.00000000000000
6.96000000000000	-0.01415200000000	-0.06910700000000	0.00000000000000	0.00000000000000
6.97000000000000	-0.01350787500000	-0.06596125000000	0.00000000000000	0.00000000000000
6.98000000000000	-0.01281150000000	-0.06256200000000	0.00000000000000	0.00000000000000
6.99000000000000	-0.01207050000000	-0.05894162500000	0.00000000000000	0.00000000000000
7.00000000000000	-0.01129000000000	-0.05513200000000	0.00000000000000	0.00000000000000
7.01000000000000	-0.01047812500000	-0.05116650000000	0.00000000000000	0.00000000000000
7.02000000000000	-0.00964120000000	-0.04708000000000	0.00000000000000	0.00000000000000
7.03000000000000	-0.00878711250000	-0.04290875000000	0.00000000000000	0.00000000000000
7.04000000000000	-0.00792325000000	-0.03869050000000	0.00000000000000	0.00000000000000
7.05000000000000	-0.00705731250000	-0.03446237500000	0.00000000000000	0.00000000000000
7.06000000000000	-0.00619750000000	-0.03026350000000	0.00000000000000	0.00000000000000
7.07000000000000	-0.00535140000000	-0.02613150000000	0.00000000000000	0.00000000000000
7.08000000000000	-0.00452660000000	-0.02210500000000	0.00000000000000	0.00000000000000
7.09000000000000	-0.00373198235294	-0.01822417647059	0.00000000000000	0.00000000000000
7.10000000000000	-0.00297314705882	-0.01451864705882	0.00000000000000	0.00000000000000
7.11000000000000	-0.00225654705882	-0.01101917647059	0.00000000000000	0.00000000000000
7.12000000000000	-0.00158838823529	-0.00775641764706	0.00000000000000	0.00000000000000
7.13000000000000	-0.00097401176471	-0.00475638823529	0.00000000000000	0.00000000000000
7.14000000000000	-0.00041836941176	-0.00204297647059	0.00000000000000	0.00000000000000
7.15000000000000	0.00007408752941	0.00036178264706	0.00000000000000	0.00000000000000
7.16000000000000	0.00049921058824	0.00243774705882	0.00000000000000	0.00000000000000
7.17000000000000	0.00085341812500	0.00416736875000	0.00000000000000	0.00000000000000
7.18000000000000	0.00113325625000	0.00553371250000	0.00000000000000	0.00000000000000
7.19000000000000	0.00133545625000	0.00652120625000	0.00000000000000	0.00000000000000
7.20000000000000	0.00145757500000	0.00711768750000	0.00000000000000	0.00000000000000
7.21000000000000	0.00149754375000	0.00731296250000	0.00000000000000	0.00000000000000
7.22000000000000	0.00145411875000	0.00710075625000	0.00000000000000	0.00000000000000
7.23000000000000	0.00132648125000	0.00647763125000	0.00000000000000	0.00000000000000
7.24000000000000	0.00111482500000	0.00544403750000	0.00000000000000	0.00000000000000
7.25000000000000	0.00082031058824	0.00400568823529	0.00000000000000	0.00000000000000
7.26000000000000	0.00044492000000	0.00217265294118	0.00000000000000	0.00000000000000
7.27000000000000	-0.00000878564706	-0.00004290247059	0.00000000000000	0.00000000000000
7.28000000000000	-0.00053737588235	-0.00262411176471	0.00000000000000	0.00000000000000
7.29000000000000	-0.00113669411765	-0.00555081176471	0.00000000000000	0.00000000000000
7.30000000000000	-0.00180237058824	-0.00880117647059	0.00000000000000	0.00000000000000
7.31000000000000	-0.00252931176471	-0.01235135294118	0.00000000000000	0.00000000000000
7.32000000000000	-0.00331191764706	-0.01617335294118	0.00000000000000	0.00000000000000
7.33000000000000	-0.00414450000000	-0.02023900000000	0.00000000000000	0.00000000000000
7.34000000000000	-0.00502225000000	-0.02452462500000	0.00000000000000	0.00000000000000
7.35000000000000	-0.00593695000000	-0.02899100000000	0.00000000000000	0.00000000000000
7.36000000000000	-0.00688185000000	-0.03360550000000	0.00000000000000	0.00000000000000
7.37000000000000	-0.00784945000000	-0.03833050000000	0.00000000000000	0.00000000000000
7.38000000000000	-0.00883195000000	-0.04312787500000	0.00000000000000	0.00000000000000
7.39000000000000	-0.00982137500000	-0.04795950000000	0.00000000000000	0.00000000000000
7.40000000000000	-0.01080987500000	-0.05278575000000	0.00000000000000	0.00000000000000
7.41000000000000	-0.01178800000000	-0.05756500000000	0.00000000000000	0.00000000000000
7.42000000000000	-0.01274937500000	-0.06225950000000	0.00000000000000	0.00000000000000
7.43000000000000	-0.01368650000000	-0.06683150000000	0.00000000000000	0.00000000000000
7.44000000000000	-0.01459000000000	-0.07124437500000	0.00000000000000	0.00000000000000
7.45000000000000	-0.01545400000000	-0.07546600000000	0.00000000000000	0.00000000000000
7.46000000000000	-0.01627325000000	-0.07946362500000	0.00000000000000	0.00000000000000
7.47000000000000	-0.01703975000000	-0.08320925000000	0.00000000000000	0.00000000000000
7.48000000000000	-0.01775000000000	-0.08667600000000	0.00000000000000	0.00000000000000
7.49000000000000	-0.01839800000000	-0.08983900000000	0.00000000000000	0.00000000000000
7.50000000000000	-0.01897735294118	-0.09266982352941	0.00000000000000	0.00000000000000
7.51000000000000	-0.01948588235294	-0.09515176470588	0.00000000000000	0.00000000000000
7.52000000000000	-0.01991858823529	-0.09726447058824	0.00000000000000	0.00000000000000
7.53000000000000	-0.02027100000000	-0.09898917647059	0.00000000000000	0.00000000000000
7.54000000000000	-0.02054176470588	-0.10031176470588	0.00000000000000	0.00000000000000
7.55000000000000	-0.02072694117647	-0.10121470588235	0.00000000000000	0.00000000000000
7.56000000000000	-0.02082441176471	-0.10169117647059	0.00000000000000	0.00000000000000
7.57000000000000	-0.02083329411765	-0.10173176470588	0.00000000000000	0.00000000000000
7.58000000000000	-0.02075268750000	-0.10134312500000	0.00000000000000	0.00000000000000
7.59000000000000	-0.02058343750000	-0.10051625000000	0.00000000000000	0.00000000000000
7.60000000000000	-0.02032668750000	-0.09925868750000	0.00000000000000	0.00000000000000
7.61000000000000	-0.01998443750000	-0.09758812500000	0.00000000000000	0.00000000000000
7.62000000000000	-0.01955981250000	-0.09551487500000	0.00000000000000	0.00000000000000
7.63000000000000	-0.01905581250000	-0.09305437500000	0.00000000000000	0.00000000000000
7.64000000000000	-0.01847675000000	-0.09022550000000	0.00000000000000	0.00000000000000
7.65000000000000	-0.01782593750000	-0.08704987500000	0.00000000000000	0.00000000000000
7.66000000000000	-0.01710931250000	-0.08354950000000	0.00000000000000	0.00000000000000
7.67000000000000	-0.01633125000000	-0.07975006250000	0.00000000000000	0.00000000000000
7.68000000000000	-0.01549825000000	-0.07568062500000	0.00000000000000	0.00000000000000
7.69000000000000	-0.01461568750000	-0.07137112500000	0.00000000000000	0.00000000000000
7.70000000000000	-0.01369137500000	-0.06685700000000	0.00000000000000	0.00000000000000
7.71000000000000	-0.01273168750000	-0.06217350000000	0.00000000000000	0.00000000000000
7.72000000000000	-0.01174637500000	-0.05735887500000	0.00000000000000	0.00000000000000
7.73000000000000	-0.01074131250000	-0.05245431250000	0.00000000000000	0.00000000000000
7.74000000000000	-0.00972763529412	-0.04750229411765	0.00000000000000	0.00000000000000
7.75000000000000	-0.00871235882353	-0.04254423529412	0.00000000000000	0.00000000000000
7.76000000000000	-0.00770339411765	-0.03761741176471	0.00000000000000	0.00000000000000
7.77000000000000	-0.00670870588235	-0.03275935294118	0.00000000000000	0.00000000000000
7.78000000000000	-0.00573528235294	-0.02800647058824	0.00000000000000	0.00000000000000
7.79000000000000	-0.00479031176471	-0.02339188235294	0.00000000000000	0.00000000000000
7.80000000000000	-0.00388012941176	-0.01894752941176	0.00000000000000	0.00000000000000
7.81000000000000	-0.00301157500000	-0.01470587500000	0.00000000000000	0.00000000000000
7.82000000000000	-0.00218730000000	-0.01068100000000	0.00000000000000	0.00000000000000
7.83000000000000	-0.00141518750000	-0.00691085000000	0.00000000000000	0.00000000000000
7.84000000000000	-0.00070003500000	-0.00341842500000	0.00000000000000	0.00000000000000
7.85000000000000	-0.00004669162500	-0.00022800300000	0.00000000000000	0.00000000000000
7.86000000000000	0.00053993500000	0.00263660000000	0.00000000000000	0.00000000000000
7.87000000000000	0.00105570000000	0.00515520000000	0.00000000000000	0.00000000000000
7.88000000000000	0.00149675000000	0.00730887500000	0.00000000000000	0.00000000000000
7.89000000000000	0.00185941250000	0.00907996250000	0.00000000000000	0.00000000000000
7.90000000000000	0.00214130000000	0.01045700000000	0.00000000000000	0.00000000000000
7.91000000000000	0.00233991764706	0.01142623529412	0.00000000000000	0.00000000000000
7.92000000000000	0.00245475882353	0.01198694117647	0.00000000000000	0.00000000000000
7.93000000000000	0.00248552352941	0.01213747058824	0.00000000000000	0.00000000000000
7.94000000000000	0.00243270588235	0.01187923529412	0.00000000000000	0.00000000000000
7.95000000000000	0.00229743529412	0.01121864705882	0.00000000000000	0.00000000000000
7.96000000000000	0.00208164705882	0.01016511764706	0.00000000000000	0.00000000000000
7.97000000000000	0.00178757647059	0.00872903529412	0.00000000000000	0.00000000000000
7.98000000000000	0.00141825294118	0.00692571176471	0.00000000000000	0.00000000000000
7.99000000000000	0.00097689000000	0.00477032500000	0.00000000000000	0.00000000000000
8.00000000000000	0.00046723875000	0.00228159375000	0.00000000000000	0.00000000000000
8.01000000000000	-0.00010558818750	-0.00051560437500	0.00000000000000	0.00000000000000
8.02000000000000	-0.00073624375000	-0.00359520000000	0.00000000000000	0.00000000000000
8.03000000000000	-0.00141895625000	-0.00692908750000	0.00000000000000	0.00000000000000
8.04000000000000	-0.00214707500000	-0.01048475000000	0.00000000000000	0.00000000000000
8.05000000000000	-0.00291339375000	-0.01422718750000	0.00000000000000	0.00000000000000
8.06000000000000	-0.00371045625000	-0.01811875000000	0.00000000000000	0.00000000000000
8.07000000000000	-0.00453016250000	-0.02212231250000	0.00000000000000	0.00000000000000
8.08000000000000	-0.00536448750000	-0.02619543750000	0.00000000000000	0.00000000000000
8.09000000000000	-0.00620510625000	-0.03030068750000	0.00000000000000	0.00000000000000
8.10000000000000	-0.00704407500000	-0.03439737500000	0.00000000000000	0.00000000000000
8.11000000000000	-0.00787380000000	-0.03844900000000	0.00000000000000	0.00000000000000
8.12000000000000	-0.00868673125000	-0.04241900000000	0.00000000000000	0.00000000000000
8.13000000000000	-0.00947582500000	-0.04627193750000	0.00000000000000	0.00000000000000
8.14000000000000	-0.01023443750000	-0.04997787500000	0.00000000000000	0.00000000000000
8.15000000000000	-0.01095570588235	-0.05349976470588	0.00000000000000	0.00000000000000
8.16000000000000	-0.01163388235294	-0.05681094117647	0.00000000000000	0.00000000000000
8.17000000000000	-0.01226382352941	-0.05988517647059	0.00000000000000	0.00000000000000
8.18000000000000	-0.01283864705882	-0.06269411764706	0.00000000000000	0.00000000000000
8.19000000000000	-0.01335482352941	-0.06521288235294	0.00000000000000	0.00000000000000
8.20000000000000	-0.01380564705882	-0.06741611764706	0.00000000000000	0.00000000000000
8.21000000000000	-0.01418758823529	-0.06928135294118	0.00000000000000	0.00000000000000
8.22000000000000	-0.01449670588235	-0.07078811764706	0.00000000000000	0.00000000000000
8.23000000000000	-0.01472800000000	-0.07192000000000	0.00000000000000	0.00000000000000
8.24000000000000	-0.01487925000000	-0.07265962500000	0.00000000000000	0.00000000000000
8.25000000000000	-0.01494900000000	-0.07299775000000	0.00000000000000	0.00000000000000
8.26000000000000	-0.01493362500000	-0.07292537500000	0.00000000000000	0.00000000000000
8.27000000000000	-0.01483400000000	-0.07243700000000	0.00000000000000	0.00000000000000
8.28000000000000	-0.01464887500000	-0.07153350000000	0.00000000000000	0.00000000000000
8.29000000000000	-0.01437875000000	-0.07021450000000	0.00000000000000	0.00000000000000
8.30000000000000	-0.01402487500000	-0.06848500000000	0.00000000000000	0.00000000000000
8.31000000000000	-0.01358800000000	-0.06635400000000	0.00000000000000	0.00000000000000
8.32000000000000	-0.01307062500000	-0.06382712500000	0.00000000000000	0.00000000000000
8.33000000000000	-0.01247600000000	-0.06092225000000	0.00000000000000	0.00000000000000
8.34000000000000	-0.01180650000000	-0.05765350000000	0.00000000000000	0.00000000000000
8.35000000000000	-0.01106700000000	-0.05404100000000	0.00000000000000	0.00000000000000
8.36000000000000	-0.01026200000000	-0.05010975000000	0.00000000000000	0.00000000000000
8.37000000000000	-0.00940306470588	-0.04591682352941	0.00000000000000	0.00000000000000
8.38000000000000	-0.00848598823529	-0.04143835294118	0.00000000000000	0.00000000000000
8.39000000000000	-0.00752214117647	-0.03673211764706	0.00000000000000	0.00000000000000
8.40000000000000	-0.00651845625000	-0.03183100000000	0.00000000000000	0.00000000000000
8.41000000000000	-0.00548236250000	-0.02677187500000	0.00000000000000	0.00000000000000
8.42000000000000	-0.00442260625000	-0.02159643750000	0.00000000000000	0.00000000000000
8.43000000000000	-0.00334683750000	-0.01634287500000	0.00000000000000	0.00000000000000
8.44000000000000	-0.00226266875000	-0.01104887500000	0.00000000000000	0.00000000000000
8.45000000000000	-0.00117775000000	-0.00575114375000	0.00000000000000	0.00000000000000
8.46000000000000	-0.00009918306250	-0.00048433500000	0.00000000000000	0.00000000000000
8.47000000000000	0.00096611625000	0.00471778750000	0.00000000000000	0.00000000000000
8.48000000000000	0.00201142500000	0.00982228125000	0.00000000000000	0.00000000000000
8.49000000000000	0.00303005625000	0.01479662500000	0.00000000000000	0.00000000000000
8.50000000000000	0.00401578125000	0.01960962500000	0.00000000000000	0.00000000000000
8.51000000000000	0.00496231875000	0.02423243750000	0.00000000000000	0.00000000000000
8.52000000000000	0.00586345000000	0.02863218750000	0.00000000000000	0.00000000000000
8.53000000000000	0.00671326875000	0.03278268750000	0.00000000000000	0.00000000000000
8.54000000000000	0.00750616250000	0.03665362500000	0.00000000000000	0.00000000000000
8.55000000000000	0.00823663125000	0.04022100000000	0.00000000000000	0.00000000000000
8.56000000000000	0.00889917647059	0.04345623529412	0.00000000000000	0.00000000000000
8.57000000000000	0.00948976470588	0.04634047058824	0.00000000000000	0.00000000000000
8.58000000000000	0.01000529411765	0.04885817647059	0.00000000000000	0.00000000000000
8.59000000000000	0.01044276470588	0.05099311764706	0.00000000000000	0.00000000000000
8.60000000000000	0.01079952941176	0.05273541176471	0.00000000000000	0.00000000000000
8.61000000000000	0.01107423529412	0.05407764705882	0.00000000000000	0.00000000000000
8.62000000000000	0.01126611764706	0.05501329411765	0.00000000000000	0.00000000000000
8.63000000000000	0.01137458823529	0.05554229411765	0.00000000000000	0.00000000000000
8.64000000000000	0.01139900000000	0.05566500000000	0.00000000000000	0.00000000000000
8.65000000000000	0.01134187500000	0.05538462500000	0.00000000000000	0.00000000000000
8.66000000000000	0.01120275000000	0.05470675000000	0.00000000000000	0.00000000000000
8.67000000000000	0.01098525000000	0.05364175000000	0.00000000000000	0.00000000000000
8.68000000000000	0.01069050000000	0.05220350000000	0.00000000000000	0.00000000000000
8.69000000000000	0.01032275000000	0.05040737500000	0.00000000000000	0.00000000000000
8.70000000000000	0.00988577500000	0.04827400000000	0.00000000000000	0.00000000000000
8.71000000000000	0.00938457500000	0.04582662500000	0.00000000000000	0.00000000000000
8.72000000000000	0.00882470000000	0.04309300000000	0.00000000000000	0.00000000000000
8.73000000000000	0.00821205000000	0.04010125000000	0.00000000000000	0.00000000000000
8.74000000000000	0.00755370000000	0.03688625000000	0.00000000000000	0.00000000000000
8.75000000000000	0.00685633750000	0.03348125000000	0.00000000000000	0.00000000000000
8.76000000000000	0.00612750000000	0.02992200000000	0.00000000000000	0.00000000000000
8.77000000000000	0.00537408750000	0.02624300000000	0.00000000000000	0.00000000000000
8.78000000000000	0.00460357500000	0.02247975000000	0.00000000000000	0.00000000000000
8.79000000000000	0.00382278750000	0.01866712500000	0.00000000000000	0.00000000000000
8.80000000000000	0.00303890000000	0.01483900000000	0.00000000000000	0.00000000000000
8.81000000000000	0.00225950588235	0.01103329411765	0.00000000000000	0.00000000000000
8.82000000000000	0.00149052941176	0.00727840588235	0.00000000000000	0.00000000000000
8.83000000000000	0.00073845882353	0.00360600588235	0.00000000000000	0.00000000000000
8.84000000000000	0.00000998694118	0.00004877117647	0.00000000000000	0.00000000000000
8.85000000000000	-0.00068832529412	-0.00336120000000	0.00000000000000	0.00000000000000
8.86000000000000	-0.00134998823529	-0.00659231764706	0.00000000000000	0.00000000000000
8.87000000000000	-0.00196884117647	-0.00961418823529	0.00000000000000	0.00000000000000
8.88000000000000	-0.00253873529412	-0.01239729411765	0.00000000000000	0.00000000000000
8.89000000000000	-0.00305411875000	-0.01491400000000	0.00000000000000	0.00000000000000
8.90000000000000	-0.00350988125000	-0.01713900000000	0.00000000000000	0.00000000000000
8.91000000000000	-0.00390092500000	-0.01904943750000	0.00000000000000	0.00000000000000
8.92000000000000	-0.00422323125000	-0.02062275000000	0.00000000000000	0.00000000000000
8.93000000000000	-0.00447353125000	-0.02184518750000	0.00000000000000	0.00000000000000
8.94000000000000	-0.00464887500000	-0.02270131250000	0.00000000000000	0.00000000000000
8.95000000000000	-0.00474696875000	-0.02318062500000	0.00000000000000	0.00000000000000
8.96000000000000	-0.00476635000000	-0.02327475000000	0.00000000000000	0.00000000000000
8.97000000000000	-0.00470550625000	-0.02297768750000	0.00000000000000	0.00000000000000
8.98000000000000	-0.00456425294118	-0.02228788235294	0.00000000000000	0.00000000000000
8.99000000000000	-0.00434266470588	-0.02120594117647	0.00000000000000	0.00000000000000
9.00000000000000	-0.00404108235294	-0.01973358823529	0.00000000000000	0.00000000000000
9.01000000000000	-0.00366083529412	-0.01787617647059	0.00000000000000	0.00000000000000
9.02000000000000	-0.00320374705882	-0.01564470588235	0.00000000000000	0.00000000000000
9.03000000000000	-0.00267251764706	-0.01305088235294	0.00000000000000	0.00000000000000
9.04000000000000	-0.00207055294118	-0.01011129411765	0.00000000000000	0.00000000000000
9.05000000000000	-0.00140190000000	-0.00684600000000	0.00000000000000	0.00000000000000
9.06000000000000	-0.00067044750000	-0.00327396250000	0.00000000000000	0.00000000000000
9.07000000000000	0.00011748150000	0.00057368500000	0.00000000000000	0.00000000000000
9.08000000000000	0.00095598750000	0.00466828750000	0.00000000000000	0.00000000000000
9.09000000000000	0.00183880000000	0.00897900000000	0.00000000000000	0.00000000000000
9.10000000000000	0.00275932500000	0.01347425000000	0.00000000000000	0.00000000000000
9.11000000000000	0.00371105000000	0.01812175000000	0.00000000000000	0.00000000000000
9.12000000000000	0.00468728750000	0.02288887500000	0.00000000000000	0.00000000000000
9.13000000000000	0.00568110000000	0.02774200000000	0.00000000000000	0.00000000000000
9.14000000000000	0.00668588750000	0.03264850000000	0.00000000000000	0.00000000000000
9.15000000000000	0.00769477500000	0.03757500000000	0.00000000000000	0.00000000000000
9.16000000000000	0.00870065000000	0.04248662500000	0.00000000000000	0.00000000000000
9.17000000000000	0.00969670000000	0.04735100000000	0.00000000000000	0.00000000000000
9.18000000000000	0.01067575000000	0.05213212500000	0.00000000000000	0.00000000000000
9.19000000000000	0.01163050000000	0.05679525000000	0.00000000000000	0.00000000000000
9.20000000000000	0.01255450000000	0.06130837500000	0.00000000000000	0.00000000000000
9.21000000000000	0.01344100000000	0.06563700000000	0.00000000000000	0.00000000000000
9.22000000000000	0.01428264705882	0.06974447058824	0.00000000000000	0.00000000000000
9.23000000000000	0.01507341176471	0.07360805882353	0.00000000000000	0.00000000000000
9.24000000000000	0.01580958823529	0.07720070588235	0.00000000000000	0.00000000000000
9.25000000000000	0.01648441176471	0.08049688235294	0.00000000000000	0.00000000000000
9.26000000000000	0.01709429411765	0.08347617647059	0.00000000000000	0.00000000000000
9.27000000000000	0.01763558823529	0.08611888235294	0.00000000000000	0.00000000000000
9.28000000000000	0.01810447058824	0.08840876470588	0.00000000000000	0.00000000000000
9.29000000000000	0.01849852941176	0.09033105882353	0.00000000000000	0.00000000000000
9.30000000000000	0.01881475000000	0.09187350000000	0.00000000000000	0.00000000000000
9.31000000000000	0.01905000000000	0.09302650000000	0.00000000000000	0.00000000000000
9.32000000000000	0.01920462500000	0.09377850000000	0.00000000000000	0.00000000000000
9.33000000000000	0.01927518750000	0.09412506250000	0.00000000000000	0.00000000000000
9.34000000000000	0.01926293750000	0.09406381250000	0.00000000000000	0.00000000000000
9.35000000000000	0.01916587500000	0.09359206250000	0.00000000000000	0.00000000000000
9.36000000000000	0.01898656250000	0.09271543750000	0.00000000000000	0.00000000000000
9.37000000000000	0.01872506250000	0.09143975000000	0.00000000000000	0.00000000000000
9.38000000000000	0.01838506250000	0.08977681250000	0.00000000000000	0.00000000000000
9.39000000000000	0.01796793750000	0.08774075000000	0.00000000000000	0.00000000000000
9.40000000000000	0.01747912500000	0.08535306250000	0.00000000000000	0.00000000000000
9.41000000000000	0.01692300000000	0.08263681250000	0.00000000000000	0.00000000000000
9.42000000000000	0.01630437500000	0.07961675000000	0.00000000000000	0.00000000000000
9.43000000000000	0.01562962500000	0.07632237500000	0.00000000000000	0.00000000000000
9.44000000000000	0.01490487500000	0.07278356250000	0.00000000000000	0.00000000000000
9.45000000000000	0.01413700000000	0.06903212500000	0.00000000000000	0.00000000000000
9.46000000000000	0.01333205882353	0.06510235294118	0.00000000000000	0.00000000000000
9.47000000000000	0.01249747058824	0.06102652941176	0.00000000000000	0.00000000000000
9.48000000000000	0.01163923529412	0.05683717647059	0.00000000000000	0.00000000000000
9.49000000000000	0.01076470588235	0.05256652941176	0.00000000000000	0.00000000000000
9.50000000000000	0.00988058823529	0.04824870588235	0.00000000000000	0.00000000000000
9.51000000000000	0.00899370588235	0.04391852941176	0.00000000000000	0.00000000000000
9.52000000000000	0.00811118823529	0.03960894117647	0.00000000000000	0.00000000000000
9.53000000000000	0.00724021176471	0.03535517647059	0.00000000000000	0.00000000000000
9.54000000000000	0.00638760000000	0.03119200000000	0.00000000000000	0.00000000000000
9.55000000000000	0.00555923750000	0.02714712500000	0.00000000000000	0.00000000000000
9.56000000000000	0.00476290000000	0.02325825000000	0.00000000000000	0.00000000000000
9.57000000000000	0.00400482500000	0.01955587500000	0.00000000000000	0.00000000000000
9.58000000000000	0.00329085000000	0.01607000000000	0.00000000000000	0.00000000000000
9.59000000000000	0.00262661250000	0.01282625000000	0.00000000000000	0.00000000000000
9.60000000000000	0.00201720000000	0.00985055000000	0.00000000000000	0.00000000000000
9.61000000000000	0.00146726250000	0.00716487500000	0.00000000000000	0.00000000000000
9.62000000000000	0.00098101000000	0.00479050000000	0.00000000000000	0.00000000000000
9.63000000000000	0.00056298411765	0.00274912352941	0.00000000000000	0.00000000000000
9.64000000000000	0.00021575941176	0.00105362352941	0.00000000000000	0.00000000000000
9.65000000000000	-0.00005752300000	-0.00028089411765	0.00000000000000	0.00000000000000
9.66000000000000	-0.00025443705882	-0.00124250000000	0.00000000000000	0.00000000000000
9.67000000000000	-0.00037288647059	-0.00182087058824	0.00000000000000	0.00000000000000
9.68000000000000	-0.00041145294118	-0.00200919411765	0.00000000000000	0.00000000000000
9.69000000000000	-0.00036940529412	-0.00180391176471	0.00000000000000	0.00000000000000
9.70000000000000	-0.00024684941176	-0.00120537058824	0.00000000000000	0.00000000000000
9.71000000000000	-0.00004427933750	-0.00021622681250	0.00000000000000	0.00000000000000
9.72000000000000	0.00023664875000	0.00115558125000	0.00000000000000	0.00000000000000
9.73000000000000	0.00059323125000	0.00289686250000	0.00000000000000	0.00000000000000
9.74000000000000	0.00102214562500	0.00499135000000	0.00000000000000	0.00000000000000
9.75000000000000	0.00151950000000	0.00741998750000	0.00000000000000	0.00000000000000
9.76000000000000	0.00208070625000	0.01016018750000	0.00000000000000	0.00000000000000
9.77000000000000	0.00270083750000	0.01318862500000	0.00000000000000	0.00000000000000
9.78000000000000	0.00337450625000	0.01647837500000	0.00000000000000	0.00000000000000
9.79000000000000	0.00409611250000	0.02000218750000	0.00000000000000	0.00000000000000
9.80000000000000	0.00485960000000	0.02373018750000	0.00000000000000	0.00000000000000
9.81000000000000	0.00565872500000	0.02763243750000	0.00000000000000	0.00000000000000
9.82000000000000	0.00648696875000	0.03167712500000	0.00000000000000	0.00000000000000
9.83000000000000	0.00733741875000	0.03583031250000	0.00000000000000	0.00000000000000
9.84000000000000	0.00820306250000	0.04005712500000	0.00000000000000	0.00000000000000
9.85000000000000	0.00907642500000	0.04432212500000	0.00000000000000	0.00000000000000
9.86000000000000	0.00995010625000	0.04858856250000	0.00000000000000	0.00000000000000
9.87000000000000	0.01081623529412	0.05281629411765	0.00000000000000	0.00000000000000
9.88000000000000	0.01166617647059	0.05696923529412	0.00000000000000	0.00000000000000
9.89000000000000	0.01249411764706	0.06101317647059	0.00000000000000	0.00000000000000
9.90000000000000	0.01329370588235	0.06491494117647	0.00000000000000	0.00000000000000
9.91000000000000	0.01405705882353	0.06864247058824	0.00000000000000	0.00000000000000
9.92000000000000	0.01477841176471	0.07216470588235	0.00000000000000	0.00000000000000
9.93000000000000	0.01545205882353	0.07545388235294	0.00000000000000	0.00000000000000
9.94000000000000	0.01607258823529	0.07848600000000	0.00000000000000	0.00000000000000
9.95000000000000	0.01663600000000	0.08123500000000	0.00000000000000	0.00000000000000
9.96000000000000	0.01713650000000	0.08368225000000	0.00000000000000	0.00000000000000
9.97000000000000	0.01757125000000	0.08580300000000	0.00000000000000	0.00000000000000
9.98000000000000	0.01793487500000	0.08757750000000	0.00000000000000	0.00000000000000
9.99000000000000	0.01822350000000	0.08898800000000	0.00000000000000	0.00000000000000
10.00000000000000	0.01843100000000	0.09000050000000	0.00000000000000	0.00000000000000
