# Waketime [ns]	 	DipolX [V/pC/mm]	  	DipolY [V/pC/mm]	 	QuadX [V/pC/mm]	 	QuadY [V/pC/mm]
0.00000000000000	0.00000000000000	0.00000000000000	0.00000000000000	0.00000000000000
0.01000000000000	0.00000000000000	10.79920992973310	0.00000000000000	3.26499261646672
0.02000000000000	0.00000000000000	11.98214522783950	0.00000000000000	3.65433806820018
0.03000000000000	0.00000000000000	12.95258070333330	0.00000000000000	3.98289238531057
0.04000000000000	0.00000000000000	13.67206084269670	0.00000000000000	4.22567149324228
0.05000000000000	0.00000000000000	14.12292829636330	0.00000000000000	4.36596791227196
0.06000000000000	0.00000000000000	14.30631153952290	0.00000000000000	4.39862362322867
0.07000000000000	0.00000000000000	14.23855064132860	0.00000000000000	4.32926711394788
0.08000000000000	0.00000000000000	13.94699074056460	0.00000000000000	4.17313332921748
0.09000000000000	0.00000000000000	13.46498608239080	0.00000000000000	3.95208507290806
0.10000000000000	0.00000000000000	12.82727472384980	0.00000000000000	3.69000782058136
0.11000000000000	0.00000000000000	12.06655687734100	0.00000000000000	3.40984989525040
0.12000000000000	0.00000000000000	11.21164130239420	0.00000000000000	3.13085740260737
0.13000000000000	0.00000000000000	10.28637312132810	0.00000000000000	2.86725332106757
0.14000000000000	0.00000000000000	9.30966557782098	0.00000000000000	2.62803460914892
0.15000000000000	0.00000000000000	8.29627452691261	0.00000000000000	2.41727206143767
0.16000000000000	0.00000000000000	7.25834219751285	0.00000000000000	2.23543719250433
0.17000000000000	0.00000000000000	6.20705326968572	0.00000000000000	2.08016759232384
0.18000000000000	0.00000000000000	5.15423849435774	0.00000000000000	1.94710366872151
0.19000000000000	0.00000000000000	4.11352997926241	0.00000000000000	1.83087836853955
0.20000000000000	0.00000000000000	3.10106372429491	0.00000000000000	1.72533128820186
0.21000000000000	0.00000000000000	2.13524970510474	0.00000000000000	1.62389974809009
0.22000000000000	0.00000000000000	1.23589166489581	0.00000000000000	1.51995965951365
0.23000000000000	0.00000000000000	0.42287783742621	0.00000000000000	1.40706715682345
0.24000000000000	0.00000000000000	-0.28572250097601	0.00000000000000	1.27952247036596
0.25000000000000	0.00000000000000	-0.87546066810589	0.00000000000000	1.13261548878514
0.26000000000000	0.00000000000000	-1.33742873973386	0.00000000000000	0.96327828177992
0.27000000000000	0.00000000000000	-1.66891649262983	0.00000000000000	0.77057799703540
0.28000000000000	0.00000000000000	-1.87425962440493	0.00000000000000	0.55558814107809
0.29000000000000	0.00000000000000	-1.96419713094924	0.00000000000000	0.32174351322949
0.30000000000000	0.00000000000000	-1.95517062020308	0.00000000000000	0.07435587351972
0.31000000000000	0.00000000000000	-1.86706890843447	0.00000000000000	-0.18003246969088
0.32000000000000	0.00000000000000	-1.72167938923444	0.00000000000000	-0.43408302420697
0.33000000000000	0.00000000000000	-1.54042906993646	0.00000000000000	-0.68051464868570
0.34000000000000	0.00000000000000	-1.34265130044270	0.00000000000000	-0.91272910469677
0.35000000000000	0.00000000000000	-1.14417129334507	0.00000000000000	-1.12535265746715
0.36000000000000	0.00000000000000	-0.95674925724476	0.00000000000000	-1.31456920826301
0.37000000000000	0.00000000000000	-0.78799397645856	0.00000000000000	-1.47803893350672
0.38000000000000	0.00000000000000	-0.64179971120978	0.00000000000000	-1.61527138688058
0.39000000000000	0.00000000000000	-0.51931042149853	0.00000000000000	-1.72720984249784
0.40000000000000	0.00000000000000	-0.41980893306641	0.00000000000000	-1.81577067197304
0.41000000000000	0.00000000000000	-0.34184904531857	0.00000000000000	-1.88384858765580
0.42000000000000	0.00000000000000	-0.28399183496192	0.00000000000000	-1.93458966429541
0.43000000000000	0.00000000000000	-0.24544918874593	0.00000000000000	-1.97079844554090
0.44000000000000	0.00000000000000	-0.22626686506393	0.00000000000000	-1.99469495753401
0.45000000000000	0.00000000000000	-0.22737382560797	0.00000000000000	-2.00744819807013
0.46000000000000	0.00000000000000	-0.25028480437599	0.00000000000000	-2.00886461186873
0.47000000000000	0.00000000000000	-0.29690909322281	0.00000000000000	-1.99749276154590
0.48000000000000	0.00000000000000	-0.36894679827391	0.00000000000000	-1.97093904631439
0.49000000000000	0.00000000000000	-0.46748569981042	0.00000000000000	-1.92620969798325
0.50000000000000	0.00000000000000	-0.59263698380978	0.00000000000000	-1.86035559016688
0.51000000000000	0.00000000000000	-0.74332603805176	0.00000000000000	-1.77114233596828
0.52000000000000	0.00000000000000	-0.91721112196400	0.00000000000000	-1.65752439068653
0.53000000000000	0.00000000000000	-1.11083548506368	0.00000000000000	-1.51998135532224
0.54000000000000	0.00000000000000	-1.32001964074190	0.00000000000000	-1.36063614388534
0.55000000000000	0.00000000000000	-1.54025592664336	0.00000000000000	-1.18315799659511
0.56000000000000	0.00000000000000	-1.76722536398504	0.00000000000000	-0.99237921166922
0.57000000000000	0.00000000000000	-1.99722406596522	0.00000000000000	-0.79382381390045
0.58000000000000	0.00000000000000	-2.22739616952465	0.00000000000000	-0.59323979200782
0.59000000000000	0.00000000000000	-2.45573063763648	0.00000000000000	-0.39619793001076
0.60000000000000	0.00000000000000	-2.68085146854899	0.00000000000000	-0.20760513539893
0.61000000000000	0.00000000000000	-2.90162039910474	0.00000000000000	-0.03148539143762
0.62000000000000	0.00000000000000	-3.11653621753400	0.00000000000000	0.12912624293873
0.63000000000000	0.00000000000000	-3.32326905287621	0.00000000000000	0.27236191027151
0.64000000000000	0.00000000000000	-3.51830669744250	0.00000000000000	0.39754101365365
0.65000000000000	0.00000000000000	-3.69683399956944	0.00000000000000	0.50493852795910
0.66000000000000	0.00000000000000	-3.85279138061154	0.00000000000000	0.59570809484023
0.67000000000000	0.00000000000000	-3.97926943084604	0.00000000000000	0.67166558011899
0.68000000000000	0.00000000000000	-4.06886606647442	0.00000000000000	0.73473326058217
0.69000000000000	0.00000000000000	-4.11411780762031	0.00000000000000	0.78667588816544
0.70000000000000	0.00000000000000	-4.10762001403123	0.00000000000000	0.82877143138153
0.71000000000000	0.00000000000000	-4.04239376566844	0.00000000000000	0.86145665533960
0.72000000000000	0.00000000000000	-3.91187496285293	0.00000000000000	0.88442069692499
0.73000000000000	0.00000000000000	-3.71026034280990	0.00000000000000	0.89683085544415
0.74000000000000	0.00000000000000	-3.43273066899934	0.00000000000000	0.89757715495140
0.75000000000000	0.00000000000000	-3.07674209072407	0.00000000000000	0.88600902016295
0.76000000000000	0.00000000000000	-2.64297491215338	0.00000000000000	0.86240023253809
0.77000000000000	0.00000000000000	-2.13670198461057	0.00000000000000	0.82825035896273
0.78000000000000	0.00000000000000	-1.56847039051628	0.00000000000000	0.78669292512334
0.79000000000000	0.00000000000000	-0.95469721211948	0.00000000000000	0.74223729651173
0.80000000000000	0.00000000000000	-0.31673965971029	0.00000000000000	0.70042427150874
0.81000000000000	0.00000000000000	0.32085688826504	0.00000000000000	0.66720746328413
0.82000000000000	0.00000000000000	0.93296657183199	0.00000000000000	0.64808074686545
0.83000000000000	0.00000000000000	1.49675142476692	0.00000000000000	0.64755537895500
0.84000000000000	0.00000000000000	1.99446265941878	0.00000000000000	0.66822007510719
0.85000000000000	0.00000000000000	2.41532066532029	0.00000000000000	0.71056718791450
0.86000000000000	0.00000000000000	2.75593353940164	0.00000000000000	0.77315237359892
0.87000000000000	0.00000000000000	3.01987594958484	0.00000000000000	0.85238523659190
0.88000000000000	0.00000000000000	3.21596101116943	0.00000000000000	0.94335838707338
0.89000000000000	0.00000000000000	3.35581011075883	0.00000000000000	1.04035299311623
0.90000000000000	0.00000000000000	3.45127623656664	0.00000000000000	1.13707738413666
0.91000000000000	0.00000000000000	3.51247698947690	0.00000000000000	1.22725126326590
0.92000000000000	0.00000000000000	3.54636675803148	0.00000000000000	1.30472582172177
0.93000000000000	0.00000000000000	3.55612908936102	0.00000000000000	1.36362570914294
0.94000000000000	0.00000000000000	3.54128855063124	0.00000000000000	1.39843634052500
0.95000000000000	0.00000000000000	3.49860241464984	0.00000000000000	1.40390494119804
0.96000000000000	0.00000000000000	3.42335387670629	0.00000000000000	1.37576503350270
0.97000000000000	0.00000000000000	3.31063600017575	0.00000000000000	1.31070669036010
0.98000000000000	0.00000000000000	3.15661713170460	0.00000000000000	1.20668784238772
0.99000000000000	0.00000000000000	2.95967967917842	0.00000000000000	1.06403481199045
1.00000000000000	0.00000000000000	2.72145926984839	0.00000000000000	0.88516757994373
1.01000000000000	0.00000000000000	2.44708772976102	0.00000000000000	0.67488077302861
1.02000000000000	0.00000000000000	2.14500662463849	0.00000000000000	0.44068819461784
1.03000000000000	0.00000000000000	1.82654509801859	0.00000000000000	0.19195611710579
1.04000000000000	0.00000000000000	1.50504507592931	0.00000000000000	-0.06064254459668
1.05000000000000	0.00000000000000	1.19444160177801	0.00000000000000	-0.30597020535075
1.06000000000000	0.00000000000000	0.90795456688602	0.00000000000000	-0.53357943243157
1.07000000000000	0.00000000000000	0.65698414632722	0.00000000000000	-0.73459458756229
1.08000000000000	0.00000000000000	0.44981539752122	0.00000000000000	-0.90275374978110
1.09000000000000	0.00000000000000	0.29109148478306	0.00000000000000	-1.03478714568158
1.10000000000000	0.00000000000000	0.18171183736338	0.00000000000000	-1.13060599819758
1.11000000000000	0.00000000000000	0.11916894608633	0.00000000000000	-1.19329776371437
1.12000000000000	0.00000000000000	0.09770241643065	0.00000000000000	-1.22844515060399
1.13000000000000	0.00000000000000	0.10941199295996	0.00000000000000	-1.24357653677459
1.14000000000000	0.00000000000000	0.14512070267313	0.00000000000000	-1.24740492034233
1.15000000000000	0.00000000000000	0.19517310867315	0.00000000000000	-1.24897291570267
1.16000000000000	0.00000000000000	0.25003857420612	0.00000000000000	-1.25692834707770
1.17000000000000	0.00000000000000	0.30106975896875	0.00000000000000	-1.27872318714177
1.18000000000000	0.00000000000000	0.34090187050274	0.00000000000000	-1.32000847158256
1.19000000000000	0.00000000000000	0.36368286889993	0.00000000000000	-1.38400788262919
1.20000000000000	0.00000000000000	0.36540633029820	0.00000000000000	-1.47102406773575
1.21000000000000	0.00000000000000	0.34404518957823	0.00000000000000	-1.57817963106048
1.22000000000000	0.00000000000000	0.29941649268351	0.00000000000000	-1.69947484263791
1.23000000000000	0.00000000000000	0.23305532469799	0.00000000000000	-1.82614460108459
1.24000000000000	0.00000000000000	0.14808193519248	0.00000000000000	-1.94727165123363
1.25000000000000	0.00000000000000	0.04877655538819	0.00000000000000	-2.05090334881684
1.26000000000000	0.00000000000000	-0.06007731784069	0.00000000000000	-2.12502964162503
1.27000000000000	0.00000000000000	-0.17361201529612	0.00000000000000	-2.15877626377218
1.28000000000000	0.00000000000000	-0.28726780020493	0.00000000000000	-2.14349150659320
1.29000000000000	0.00000000000000	-0.39718627899602	0.00000000000000	-2.07330446556295
1.30000000000000	0.00000000000000	-0.50021909399345	0.00000000000000	-1.94578764524912
1.31000000000000	0.00000000000000	-0.59371330990563	0.00000000000000	-1.76188393605293
1.32000000000000	0.00000000000000	-0.67529013368293	0.00000000000000	-1.52549303611313
1.33000000000000	0.00000000000000	-0.74265813537687	0.00000000000000	-1.24339987937724
1.34000000000000	0.00000000000000	-0.79311609415840	0.00000000000000	-0.92420832976648
1.35000000000000	0.00000000000000	-0.82378683689538	0.00000000000000	-0.57769019306314
1.36000000000000	0.00000000000000	-0.83205328835592	0.00000000000000	-0.21434814968920
1.37000000000000	0.00000000000000	-0.81644219247272	0.00000000000000	0.15545646266750
1.38000000000000	0.00000000000000	-0.77727033191789	0.00000000000000	0.52174814396703
1.39000000000000	0.00000000000000	-0.71750503557915	0.00000000000000	0.87527898465275
1.40000000000000	0.00000000000000	-0.64324763469697	0.00000000000000	1.20772407829077
1.41000000000000	0.00000000000000	-0.56361035919413	0.00000000000000	1.51166542632017
1.42000000000000	0.00000000000000	-0.48969057645833	0.00000000000000	1.78107728084706
1.43000000000000	0.00000000000000	-0.43325408943279	0.00000000000000	2.01122566996151
1.44000000000000	0.00000000000000	-0.40510004747591	0.00000000000000	2.19878291236362
1.45000000000000	0.00000000000000	-0.41313137684499	0.00000000000000	2.34265879825928
1.46000000000000	0.00000000000000	-0.46137391696264	0.00000000000000	2.44350427933567
1.47000000000000	0.00000000000000	-0.54947657511625	0.00000000000000	2.50378953986783
1.48000000000000	0.00000000000000	-0.67297540488226	0.00000000000000	2.52802527392440
1.49000000000000	0.00000000000000	-0.82376134675757	0.00000000000000	2.52167801602420
1.50000000000000	0.00000000000000	-0.99176972202306	0.00000000000000	2.49070212348164
1.51000000000000	0.00000000000000	-1.16608912352925	0.00000000000000	2.44092083205886
1.52000000000000	0.00000000000000	-1.33600320649086	0.00000000000000	2.37697896542499
1.53000000000000	0.00000000000000	-1.49163824269394	0.00000000000000	2.30189570647295
1.54000000000000	0.00000000000000	-1.62460711641919	0.00000000000000	2.21679735569592
1.55000000000000	0.00000000000000	-1.72797262138099	0.00000000000000	2.12083670136258
1.56000000000000	0.00000000000000	-1.79623851886110	0.00000000000000	2.01158467187300
1.57000000000000	0.00000000000000	-1.82573761854340	0.00000000000000	1.88593569642868
1.58000000000000	0.00000000000000	-1.81459129463314	0.00000000000000	1.74061162115752
1.59000000000000	0.00000000000000	-1.76298233878188	0.00000000000000	1.57303634266443
1.60000000000000	0.00000000000000	-1.67334625939531	0.00000000000000	1.38240380837358
1.61000000000000	0.00000000000000	-1.55081912750124	0.00000000000000	1.16950449228550
1.62000000000000	0.00000000000000	-1.40263688106483	0.00000000000000	0.93683960906944
1.63000000000000	0.00000000000000	-1.23766942637803	0.00000000000000	0.68869666674335
1.64000000000000	0.00000000000000	-1.06561416190969	0.00000000000000	0.43004401775733
1.65000000000000	0.00000000000000	-0.89596869704649	0.00000000000000	0.16613852092710
1.66000000000000	0.00000000000000	-0.73681571497573	0.00000000000000	-0.09812034731261
1.67000000000000	0.00000000000000	-0.59407578259051	0.00000000000000	-0.35869909161807
1.68000000000000	0.00000000000000	-0.47107832163053	0.00000000000000	-0.61253723800868
1.69000000000000	0.00000000000000	-0.36828983678781	0.00000000000000	-0.85742435992855
1.70000000000000	0.00000000000000	-0.28378741789824	0.00000000000000	-1.09175333716837
1.71000000000000	0.00000000000000	-0.21391579589378	0.00000000000000	-1.31408237517791
1.72000000000000	0.00000000000000	-0.15394549375364	0.00000000000000	-1.52277196261167
1.73000000000000	0.00000000000000	-0.09870375343017	0.00000000000000	-1.71555055162480
1.74000000000000	0.00000000000000	-0.04322638346949	0.00000000000000	-1.88950684725938
1.75000000000000	0.00000000000000	0.01688746584432	0.00000000000000	-2.04118347199623
1.76000000000000	0.00000000000000	0.08529167012922	0.00000000000000	-2.16653782176234
1.77000000000000	0.00000000000000	0.16471707684441	0.00000000000000	-2.26162005321003
1.78000000000000	0.00000000000000	0.25694269567829	0.00000000000000	-2.32295389846486
1.79000000000000	0.00000000000000	0.36280620393955	0.00000000000000	-2.34775931044826
1.80000000000000	0.00000000000000	0.48220837326031	0.00000000000000	-2.33466859839871
1.81000000000000	0.00000000000000	0.61402950140121	0.00000000000000	-2.28402938057374
1.82000000000000	0.00000000000000	0.75619109112997	0.00000000000000	-2.19772367559858
1.83000000000000	0.00000000000000	0.90573368906916	0.00000000000000	-2.07933013542039
1.84000000000000	0.00000000000000	1.05886179472954	0.00000000000000	-1.93383489841472
1.85000000000000	0.00000000000000	1.21095131155922	0.00000000000000	-1.76712087411793
1.86000000000000	0.00000000000000	1.35684907483127	0.00000000000000	-1.58545364875820
1.87000000000000	0.00000000000000	1.49106741179921	0.00000000000000	-1.39494779585311
1.88000000000000	0.00000000000000	1.60803368563384	0.00000000000000	-1.20111127144409
1.89000000000000	0.00000000000000	1.70242977683555	0.00000000000000	-1.00848141670078
1.90000000000000	0.00000000000000	1.76986348437397	0.00000000000000	-0.82045454172268
1.91000000000000	0.00000000000000	1.80708998597304	0.00000000000000	-0.63921995891840
1.92000000000000	0.00000000000000	1.81246108196240	0.00000000000000	-0.46587612342538
1.93000000000000	0.00000000000000	1.78628775325701	0.00000000000000	-0.30069614848370
1.94000000000000	0.00000000000000	1.73107027066676	0.00000000000000	-0.14325777811238
1.95000000000000	0.00000000000000	1.65118822328419	0.00000000000000	0.00721004770370
1.96000000000000	0.00000000000000	1.55264221125372	0.00000000000000	0.15153408322284
1.97000000000000	0.00000000000000	1.44252070526847	0.00000000000000	0.29053059879621
1.98000000000000	0.00000000000000	1.32818723438006	0.00000000000000	0.42468669803384
1.99000000000000	0.00000000000000	1.21641651865800	0.00000000000000	0.55405051730145
2.00000000000000	0.00000000000000	1.11268836772791	0.00000000000000	0.67824438615743
2.01000000000000	0.00000000000000	1.02045288445372	0.00000000000000	0.79639056201961
2.02000000000000	0.00000000000000	0.94071318473534	0.00000000000000	0.90725961726823
2.03000000000000	0.00000000000000	0.87205356496439	0.00000000000000	1.00938271563309
2.04000000000000	0.00000000000000	0.81099367481544	0.00000000000000	1.10126214566421
2.05000000000000	0.00000000000000	0.75260470400470	0.00000000000000	1.18161788970815
2.06000000000000	0.00000000000000	0.69140482577979	0.00000000000000	1.24966474931505
2.07000000000000	0.00000000000000	0.62235491068448	0.00000000000000	1.30499512012486
2.08000000000000	0.00000000000000	0.54164880165432	0.00000000000000	1.34776762880248
2.09000000000000	0.00000000000000	0.44741998860108	0.00000000000000	1.37867845613817
2.10000000000000	0.00000000000000	0.33981800783789	0.00000000000000	1.39852779291474
2.11000000000000	0.00000000000000	0.22089170693267	0.00000000000000	1.40802399098976
2.12000000000000	0.00000000000000	0.09402629012794	0.00000000000000	1.40765599956912
2.13000000000000	0.00000000000000	-0.03650643937923	0.00000000000000	1.39720942182871
2.14000000000000	0.00000000000000	-0.16643862656027	0.00000000000000	1.37590229652087
2.15000000000000	0.00000000000000	-0.29192120524345	0.00000000000000	1.34241692853101
2.16000000000000	0.00000000000000	-0.40993695443240	0.00000000000000	1.29499296207937
2.17000000000000	0.00000000000000	-0.51827113240150	0.00000000000000	1.23200663279392
2.18000000000000	0.00000000000000	-0.61559878217564	0.00000000000000	1.15235723893561
2.19000000000000	0.00000000000000	-0.70128240037823	0.00000000000000	1.05571342622084
2.20000000000000	0.00000000000000	-0.77522775380464	0.00000000000000	0.94298762704665
2.21000000000000	0.00000000000000	-0.83764537972457	0.00000000000000	0.81630505741772
2.22000000000000	0.00000000000000	-0.88891264792793	0.00000000000000	0.67879229994466
2.23000000000000	0.00000000000000	-0.92942150718650	0.00000000000000	0.53436123122274
2.24000000000000	0.00000000000000	-0.95939493404678	0.00000000000000	0.38721998977097
2.25000000000000	0.00000000000000	-0.97891989752362	0.00000000000000	0.24144634411884
2.26000000000000	0.00000000000000	-0.98791695943552	0.00000000000000	0.10048988160411
2.27000000000000	0.00000000000000	-0.98639297662313	0.00000000000000	-0.03291099405825
2.28000000000000	0.00000000000000	-0.97460808237364	0.00000000000000	-0.15669875484327
2.29000000000000	0.00000000000000	-0.95353649049931	0.00000000000000	-0.26958000988626
2.30000000000000	0.00000000000000	-0.92493399003682	0.00000000000000	-0.37064521603604
2.31000000000000	0.00000000000000	-0.89146483222672	0.00000000000000	-0.45904383165201
2.32000000000000	0.00000000000000	-0.85640021254877	0.00000000000000	-0.53396876618164
2.33000000000000	0.00000000000000	-0.82316968423690	0.00000000000000	-0.59456034766933
2.34000000000000	0.00000000000000	-0.79465783362447	0.00000000000000	-0.63991148371013
2.35000000000000	0.00000000000000	-0.77252280192452	0.00000000000000	-0.66942813701782
2.36000000000000	0.00000000000000	-0.75671421468471	0.00000000000000	-0.68312946261214
2.37000000000000	0.00000000000000	-0.74517807552797	0.00000000000000	-0.68179075881466
2.38000000000000	0.00000000000000	-0.73413101216434	0.00000000000000	-0.66721456745078
2.39000000000000	0.00000000000000	-0.71868391966582	0.00000000000000	-0.64211653252313
2.40000000000000	0.00000000000000	-0.69374973862286	0.00000000000000	-0.60995172851049
2.41000000000000	0.00000000000000	-0.65510568355156	0.00000000000000	-0.57447635543196
2.42000000000000	0.00000000000000	-0.60031865560844	0.00000000000000	-0.53927569323126
2.43000000000000	0.00000000000000	-0.52944780298382	0.00000000000000	-0.50733929924290
2.44000000000000	0.00000000000000	-0.44513346665512	0.00000000000000	-0.48067425315960
2.45000000000000	0.00000000000000	-0.35226044189946	0.00000000000000	-0.46016300077039
2.46000000000000	0.00000000000000	-0.25706942671612	0.00000000000000	-0.44565046667859
2.47000000000000	0.00000000000000	-0.16609528635248	0.00000000000000	-0.43618488330622
2.48000000000000	0.00000000000000	-0.08496997521194	0.00000000000000	-0.43049952195756
2.49000000000000	0.00000000000000	-0.01737276124795	0.00000000000000	-0.42738756961058
2.50000000000000	0.00000000000000	0.03546861711073	0.00000000000000	-0.42609089145972
2.51000000000000	0.00000000000000	0.07489780595308	0.00000000000000	-0.42663211893918
2.52000000000000	0.00000000000000	0.10440939947582	0.00000000000000	-0.42967848339555
2.53000000000000	0.00000000000000	0.12881503142223	0.00000000000000	-0.43644046165989
2.54000000000000	0.00000000000000	0.15315666879340	0.00000000000000	-0.44833919631909
2.55000000000000	0.00000000000000	0.18169345650842	0.00000000000000	-0.46663791744357
2.56000000000000	0.00000000000000	0.21703110320277	0.00000000000000	-0.49203505693535
2.57000000000000	0.00000000000000	0.25947411825457	0.00000000000000	-0.52437412749513
2.58000000000000	0.00000000000000	0.30699597532575	0.00000000000000	-0.56263406061154
2.59000000000000	0.00000000000000	0.35549920706228	0.00000000000000	-0.60490195083504
2.60000000000000	0.00000000000000	0.39952340989433	0.00000000000000	-0.64842085785440
2.61000000000000	0.00000000000000	0.43312626625076	0.00000000000000	-0.68998540380725
2.62000000000000	0.00000000000000	0.45094577499625	0.00000000000000	-0.72604287257674
2.63000000000000	0.00000000000000	0.44910903146871	0.00000000000000	-0.75298668311013
2.64000000000000	0.00000000000000	0.42609362442031	0.00000000000000	-0.76751778278543
2.65000000000000	0.00000000000000	0.38306304668520	0.00000000000000	-0.76668328575195
2.66000000000000	0.00000000000000	0.32380373897260	0.00000000000000	-0.74830425892133
2.67000000000000	0.00000000000000	0.25429926269400	0.00000000000000	-0.71107218061508
2.68000000000000	0.00000000000000	0.18202817958389	0.00000000000000	-0.65450040235329
2.69000000000000	0.00000000000000	0.11478126374200	0.00000000000000	-0.57926623090338
2.70000000000000	0.00000000000000	0.05957132425922	0.00000000000000	-0.48682637115622
2.71000000000000	0.00000000000000	0.02173411101726	0.00000000000000	-0.37922842755974
2.72000000000000	0.00000000000000	0.00411806643871	0.00000000000000	-0.25899242373260
2.73000000000000	0.00000000000000	0.00675327892225	0.00000000000000	-0.12871430210577
2.74000000000000	0.00000000000000	0.02717951977006	0.00000000000000	0.00918223520941
2.75000000000000	0.00000000000000	0.06101566739324	0.00000000000000	0.15252678612687
2.76000000000000	0.00000000000000	0.10279259001144	0.00000000000000	0.29947020904510
2.77000000000000	0.00000000000000	0.14698443372677	0.00000000000000	0.44835307149750
2.78000000000000	0.00000000000000	0.18897181308622	0.00000000000000	0.59764171929782
2.79000000000000	0.00000000000000	0.22560413767817	0.00000000000000	0.74572405794410
2.80000000000000	0.00000000000000	0.25548214801218	0.00000000000000	0.89081507205703
2.81000000000000	0.00000000000000	0.27882340682804	0.00000000000000	1.03092641159441
2.82000000000000	0.00000000000000	0.29695324831535	0.00000000000000	1.16387811093592
2.83000000000000	0.00000000000000	0.31163414365778	0.00000000000000	1.28731178618894
2.84000000000000	0.00000000000000	0.32444118900459	0.00000000000000	1.39897503825798
2.85000000000000	0.00000000000000	0.33616744393080	0.00000000000000	1.49671318037096
2.86000000000000	0.00000000000000	0.34650294518474	0.00000000000000	1.57851655413406
2.87000000000000	0.00000000000000	0.35403990177481	0.00000000000000	1.64288342627566
2.88000000000000	0.00000000000000	0.35653275890950	0.00000000000000	1.68862826553208
2.89000000000000	0.00000000000000	0.35130075159343	0.00000000000000	1.71487732296117
2.90000000000000	0.00000000000000	0.33578862384190	0.00000000000000	1.72132654895378
2.91000000000000	0.00000000000000	0.30805231801279	0.00000000000000	1.70784343678372
2.92000000000000	0.00000000000000	0.26717904696056	0.00000000000000	1.67435082815266
2.93000000000000	0.00000000000000	0.21363905608790	0.00000000000000	1.62103394145312
2.94000000000000	0.00000000000000	0.14935049512370	0.00000000000000	1.54790338052163
2.95000000000000	0.00000000000000	0.07755392489930	0.00000000000000	1.45478045586681
2.96000000000000	0.00000000000000	0.00258755681638	0.00000000000000	1.34161505803438
2.97000000000000	0.00000000000000	-0.07052809879826	0.00000000000000	1.20836676301845
2.98000000000000	0.00000000000000	-0.13675077936807	0.00000000000000	1.05510999054777
2.99000000000000	0.00000000000000	-0.19164332694867	0.00000000000000	0.88262445672948
3.00000000000000	0.00000000000000	-0.23196778630087	0.00000000000000	0.69227351693566
3.01000000000000	0.00000000000000	-0.25633230862079	0.00000000000000	0.48617877086785
3.02000000000000	0.00000000000000	-0.26536227029125	0.00000000000000	0.26748081847141
3.03000000000000	0.00000000000000	-0.26166328545978	0.00000000000000	0.04007280889746
3.04000000000000	0.00000000000000	-0.24947157002278	0.00000000000000	-0.19148545384910
3.05000000000000	0.00000000000000	-0.23406306125715	0.00000000000000	-0.42222977473700
3.06000000000000	0.00000000000000	-0.22076528207052	0.00000000000000	-0.64722816061523
3.07000000000000	0.00000000000000	-0.21415926527932	0.00000000000000	-0.86182821579899
3.08000000000000	0.00000000000000	-0.21734448889226	0.00000000000000	-1.06219394472001
3.09000000000000	0.00000000000000	-0.23127255775780	0.00000000000000	-1.24555328815595
3.10000000000000	0.00000000000000	-0.25464018293692	0.00000000000000	-1.41030405016462
3.11000000000000	0.00000000000000	-0.28411783833497	0.00000000000000	-1.55613884612558
3.12000000000000	0.00000000000000	-0.31480268374134	0.00000000000000	-1.68370925318747
3.13000000000000	0.00000000000000	-0.34099423659033	0.00000000000000	-1.79439337723493
3.14000000000000	0.00000000000000	-0.35708732325379	0.00000000000000	-1.88965571103280
3.15000000000000	0.00000000000000	-0.35837176576751	0.00000000000000	-1.97046744582320
3.16000000000000	0.00000000000000	-0.34161854000705	0.00000000000000	-2.03709585856562
3.17000000000000	0.00000000000000	-0.30569144034036	0.00000000000000	-2.08860195207069
3.18000000000000	0.00000000000000	-0.25153019281674	0.00000000000000	-2.12277407315174
3.19000000000000	0.00000000000000	-0.18194041886267	0.00000000000000	-2.13671593774066
3.20000000000000	0.00000000000000	-0.10117897576212	0.00000000000000	-2.12693392124278
3.21000000000000	0.00000000000000	-0.01445862166326	0.00000000000000	-2.09013453837476
3.22000000000000	0.00000000000000	0.07279300957701	0.00000000000000	-2.02387999593153
3.23000000000000	0.00000000000000	0.15548573956240	0.00000000000000	-1.92683925789753
3.24000000000000	0.00000000000000	0.22925548582430	0.00000000000000	-1.79932180735445
3.25000000000000	0.00000000000000	0.29079979343770	0.00000000000000	-1.64313329846084
3.26000000000000	0.00000000000000	0.33798219259131	0.00000000000000	-1.46133613528993
3.27000000000000	0.00000000000000	0.36970424974655	0.00000000000000	-1.25813197305588
3.28000000000000	0.00000000000000	0.38573929690245	0.00000000000000	-1.03813785812399
3.29000000000000	0.00000000000000	0.38662053430951	0.00000000000000	-0.80620879513065
3.30000000000000	0.00000000000000	0.37341355138797	0.00000000000000	-0.56717752527175
3.31000000000000	0.00000000000000	0.34750543104867	0.00000000000000	-0.32552485615673
3.32000000000000	0.00000000000000	0.31052514222767	0.00000000000000	-0.08552379749993
3.33000000000000	0.00000000000000	0.26432378017571	0.00000000000000	0.14884605220287
3.34000000000000	0.00000000000000	0.21095657429410	0.00000000000000	0.37395292980474
3.35000000000000	0.00000000000000	0.15269591337539	0.00000000000000	0.58642044789779
3.36000000000000	0.00000000000000	0.09209577564111	0.00000000000000	0.78353617027824
3.37000000000000	0.00000000000000	0.03201849519199	0.00000000000000	0.96325343343677
3.38000000000000	0.00000000000000	-0.02442651531758	0.00000000000000	1.12445800511649
3.39000000000000	0.00000000000000	-0.07391648076037	0.00000000000000	1.26736296346000
3.40000000000000	0.00000000000000	-0.11306686056041	0.00000000000000	1.39326705116555
3.41000000000000	0.00000000000000	-0.13871626144985	0.00000000000000	1.50451474733821
3.42000000000000	0.00000000000000	-0.14830270508148	0.00000000000000	1.60449254517145
3.43000000000000	0.00000000000000	-0.14013585032193	0.00000000000000	1.69659093684678
3.44000000000000	0.00000000000000	-0.11374183266480	0.00000000000000	1.78392229847040
3.45000000000000	0.00000000000000	-0.07014818078032	0.00000000000000	1.86880110260392
3.46000000000000	0.00000000000000	-0.01198028906173	0.00000000000000	1.95196911648204
3.47000000000000	0.00000000000000	0.05670040591366	0.00000000000000	2.03223144789574
3.48000000000000	0.00000000000000	0.13070402186610	0.00000000000000	2.10658453377031
3.49000000000000	0.00000000000000	0.20416034788603	0.00000000000000	2.17011674496570
3.50000000000000	0.00000000000000	0.27120694464952	0.00000000000000	2.21643517866260
3.51000000000000	0.00000000000000	0.32654932181431	0.00000000000000	2.23855159390754
3.52000000000000	0.00000000000000	0.36596552857008	0.00000000000000	2.22933784541929
3.53000000000000	0.00000000000000	0.38663247276332	0.00000000000000	2.18231829347974
3.54000000000000	0.00000000000000	0.38749703134712	0.00000000000000	2.09276957387551
3.55000000000000	0.00000000000000	0.36905251562269	0.00000000000000	1.95781811348515
3.56000000000000	0.00000000000000	0.33320160796346	0.00000000000000	1.77692281626627
3.57000000000000	0.00000000000000	0.28298183410269	0.00000000000000	1.55236162617963
3.58000000000000	0.00000000000000	0.22233670968452	0.00000000000000	1.28849351112960
3.59000000000000	0.00000000000000	0.15566701710689	0.00000000000000	0.99187929230012
3.60000000000000	0.00000000000000	0.08752775640102	0.00000000000000	0.67095407684493
3.61000000000000	0.00000000000000	0.02234183068939	0.00000000000000	0.33519130624633
3.62000000000000	0.00000000000000	-0.03591486002735	0.00000000000000	-0.00530005350921
3.63000000000000	0.00000000000000	-0.08395028182868	0.00000000000000	-0.34024456991685
3.64000000000000	0.00000000000000	-0.11930054180398	0.00000000000000	-0.65976102784307
3.65000000000000	0.00000000000000	-0.14046910876565	0.00000000000000	-0.95487607632894
3.66000000000000	0.00000000000000	-0.14701328813988	0.00000000000000	-1.21809341161404
3.67000000000000	0.00000000000000	-0.13946727539795	0.00000000000000	-1.44329721515926
3.68000000000000	0.00000000000000	-0.11923508171671	0.00000000000000	-1.62623855399012
3.69000000000000	0.00000000000000	-0.08855648531665	0.00000000000000	-1.76476022406614
3.70000000000000	0.00000000000000	-0.05044479930783	0.00000000000000	-1.85826303211274
3.71000000000000	0.00000000000000	-0.00852177493968	0.00000000000000	-1.90791470919238
3.72000000000000	0.00000000000000	0.03311060149235	0.00000000000000	-1.91655257662808
3.73000000000000	0.00000000000000	0.07003165153234	0.00000000000000	-1.88808272929722
3.74000000000000	0.00000000000000	0.09780196102534	0.00000000000000	-1.82747486716050
3.75000000000000	0.00000000000000	0.11240500260010	0.00000000000000	-1.74052384308936
3.76000000000000	0.00000000000000	0.11062747320525	0.00000000000000	-1.63354791240145
3.77000000000000	0.00000000000000	0.09050808620286	0.00000000000000	-1.51306822129444
3.78000000000000	0.00000000000000	0.05170988023116	0.00000000000000	-1.38557848147779
3.79000000000000	0.00000000000000	-0.00431587181441	0.00000000000000	-1.25713117352729
3.80000000000000	0.00000000000000	-0.07446334235250	0.00000000000000	-1.13305759768961
3.81000000000000	0.00000000000000	-0.15424354892412	0.00000000000000	-1.01757323122179
3.82000000000000	0.00000000000000	-0.23832472782501	0.00000000000000	-0.91348980572184
3.83000000000000	0.00000000000000	-0.32127692602310	0.00000000000000	-0.82214361760794
3.84000000000000	0.00000000000000	-0.39822036570966	0.00000000000000	-0.74335713922123
3.85000000000000	0.00000000000000	-0.46541012393051	0.00000000000000	-0.67556322065934
3.86000000000000	0.00000000000000	-0.52062813629712	0.00000000000000	-0.61622874471188
3.87000000000000	0.00000000000000	-0.56337415594147	0.00000000000000	-0.56218184747292
3.88000000000000	0.00000000000000	-0.59461272972928	0.00000000000000	-0.51007688796219
3.89000000000000	0.00000000000000	-0.61645538794599	0.00000000000000	-0.45688106731669
3.90000000000000	0.00000000000000	-0.63165924355962	0.00000000000000	-0.40007716001872
3.91000000000000	0.00000000000000	-0.64306675090465	0.00000000000000	-0.33808250881129
3.92000000000000	0.00000000000000	-0.65311536327120	0.00000000000000	-0.27008165298410
3.93000000000000	0.00000000000000	-0.66349267281635	0.00000000000000	-0.19602323347366
3.94000000000000	0.00000000000000	-0.67494242737207	0.00000000000000	-0.11670272109492
3.95000000000000	0.00000000000000	-0.68723651522192	0.00000000000000	-0.03322690762564
3.96000000000000	0.00000000000000	-0.69933007681182	0.00000000000000	0.05295369555157
3.97000000000000	0.00000000000000	-0.70958607637862	0.00000000000000	0.14018916661085
3.98000000000000	0.00000000000000	-0.71602133855412	0.00000000000000	0.22685879823264
3.99000000000000	0.00000000000000	-0.71668439442690	0.00000000000000	0.31123137740045
4.00000000000000	0.00000000000000	-0.70987217560569	0.00000000000000	0.39165054384479
4.01000000000000	0.00000000000000	-0.69428980686839	0.00000000000000	0.46648201534135
4.02000000000000	0.00000000000000	-0.66912622677118	0.00000000000000	0.53399213775379
4.03000000000000	0.00000000000000	-0.63408634741003	0.00000000000000	0.59256443368786
4.04000000000000	0.00000000000000	-0.58924665449269	0.00000000000000	0.64055865076089
4.05000000000000	0.00000000000000	-0.53485856270886	0.00000000000000	0.67647788193676
4.06000000000000	0.00000000000000	-0.47112670513492	0.00000000000000	0.69915912902800
4.07000000000000	0.00000000000000	-0.39812010468648	0.00000000000000	0.70768187453678
4.08000000000000	0.00000000000000	-0.31567646481669	0.00000000000000	0.70184649254495
4.09000000000000	0.00000000000000	-0.22343019374949	0.00000000000000	0.68226469669049
4.10000000000000	0.00000000000000	-0.12099236788338	0.00000000000000	0.65034430712544
4.11000000000000	0.00000000000000	-0.00829543132880	0.00000000000000	0.60872846862271
4.12000000000000	0.00000000000000	0.11403217210415	0.00000000000000	0.56114833426569
4.13000000000000	0.00000000000000	0.24437171202431	0.00000000000000	0.51222735423627
4.14000000000000	0.00000000000000	0.37980718748535	0.00000000000000	0.46738908836922
4.15000000000000	0.00000000000000	0.51611757345555	0.00000000000000	0.43236984073798
4.16000000000000	0.00000000000000	0.64795955318221	0.00000000000000	0.41281913011758
4.17000000000000	0.00000000000000	0.76926998544148	0.00000000000000	0.41354209653833
4.18000000000000	0.00000000000000	0.87385274124159	0.00000000000000	0.43801605599539
4.19000000000000	0.00000000000000	0.95604908105373	0.00000000000000	0.48809041763879
4.20000000000000	0.00000000000000	1.01156864154555	0.00000000000000	0.56323467737208
4.21000000000000	0.00000000000000	1.03792905362934	0.00000000000000	0.66060478969256
4.22000000000000	0.00000000000000	1.03494406813323	0.00000000000000	0.77524602514063
4.23000000000000	0.00000000000000	1.00471929631285	0.00000000000000	0.90021616258771
4.24000000000000	0.00000000000000	0.95165566632751	0.00000000000000	1.02722267723772
4.25000000000000	0.00000000000000	0.88183184414814	0.00000000000000	1.14733956890121
4.26000000000000	0.00000000000000	0.80248626393125	0.00000000000000	1.25188682140254
4.27000000000000	0.00000000000000	0.72116442423350	0.00000000000000	1.33301187346908
4.28000000000000	0.00000000000000	0.64496014151886	0.00000000000000	1.38424847011874
4.29000000000000	0.00000000000000	0.57982313913152	0.00000000000000	1.40119718550052
4.30000000000000	0.00000000000000	0.53002860582148	0.00000000000000	1.38148086443435
4.31000000000000	0.00000000000000	0.49794881570798	0.00000000000000	1.32466377952237
4.32000000000000	0.00000000000000	0.48392249474450	0.00000000000000	1.23228811085161
4.33000000000000	0.00000000000000	0.48655190938715	0.00000000000000	1.10744398822051
4.34000000000000	0.00000000000000	0.50300886061486	0.00000000000000	0.95432903018124
4.35000000000000	0.00000000000000	0.52963104543575	0.00000000000000	0.77802819509371
4.36000000000000	0.00000000000000	0.56243029839163	0.00000000000000	0.58414503832749
4.37000000000000	0.00000000000000	0.59764964745062	0.00000000000000	0.37841560996480
4.38000000000000	0.00000000000000	0.63216417328433	0.00000000000000	0.16650934380004
4.39000000000000	0.00000000000000	0.66373421907000	0.00000000000000	-0.04624912222372
4.40000000000000	0.00000000000000	0.69106157228326	0.00000000000000	-0.25522127697808
4.41000000000000	0.00000000000000	0.71363693491412	0.00000000000000	-0.45658810094102
4.42000000000000	0.00000000000000	0.73138028846878	0.00000000000000	-0.64762620499893
4.43000000000000	0.00000000000000	0.74424202140895	0.00000000000000	-0.82678345372793
4.44000000000000	0.00000000000000	0.75180682203503	0.00000000000000	-0.99365974981513
4.45000000000000	0.00000000000000	0.75301422820735	0.00000000000000	-1.14894259745500
4.46000000000000	0.00000000000000	0.74606883593093	0.00000000000000	-1.29414020385707
4.47000000000000	0.00000000000000	0.72860245618470	0.00000000000000	-1.43123008538393
4.48000000000000	0.00000000000000	0.69802961172524	0.00000000000000	-1.56221341557093
4.49000000000000	0.00000000000000	0.65205916371296	0.00000000000000	-1.68872068091872
4.50000000000000	0.00000000000000	0.58921838070877	0.00000000000000	-1.81160558406048
4.51000000000000	0.00000000000000	0.50924568271492	0.00000000000000	-1.93046703001903
4.52000000000000	0.00000000000000	0.41335841965877	0.00000000000000	-2.04362265795289
4.53000000000000	0.00000000000000	0.30426870530750	0.00000000000000	-2.14788617674533
4.54000000000000	0.00000000000000	0.18588929811141	0.00000000000000	-2.23865386516762
4.55000000000000	0.00000000000000	0.06283900112148	0.00000000000000	-2.31046010423452
4.56000000000000	0.00000000000000	-0.06010301201114	0.00000000000000	-2.35709279897298
4.57000000000000	0.00000000000000	-0.17860670068195	0.00000000000000	-2.37235925067956
4.58000000000000	0.00000000000000	-0.28934625585570	0.00000000000000	-2.35088007310517
4.59000000000000	0.00000000000000	-0.39025412213828	0.00000000000000	-2.28823349766415
4.60000000000000	0.00000000000000	-0.48062012303170	0.00000000000000	-2.18204893171010
4.61000000000000	0.00000000000000	-0.56103742566147	0.00000000000000	-2.03211695110466
4.62000000000000	0.00000000000000	-0.63311614682664	0.00000000000000	-1.84021982878954
4.63000000000000	0.00000000000000	-0.69900848879987	0.00000000000000	-1.61084126990283
4.64000000000000	0.00000000000000	-0.76102144574346	0.00000000000000	-1.35028734796930
4.65000000000000	0.00000000000000	-0.82123061679498	0.00000000000000	-1.06623623845406
4.66000000000000	0.00000000000000	-0.88119211215644	0.00000000000000	-0.76756993033314
4.67000000000000	0.00000000000000	-0.94175773499190	0.00000000000000	-0.46317837016304
4.68000000000000	0.00000000000000	-1.00305468512419	0.00000000000000	-0.16145871232010
4.69000000000000	0.00000000000000	-1.06450299311256	0.00000000000000	0.13030518796978
4.70000000000000	0.00000000000000	-1.12494045895926	0.00000000000000	0.40661233583514
4.71000000000000	0.00000000000000	-1.18276783652174	0.00000000000000	0.66377682058662
4.72000000000000	0.00000000000000	-1.23607987057791	0.00000000000000	0.90033968704107
4.73000000000000	0.00000000000000	-1.28282068125993	0.00000000000000	1.11661046782190
4.74000000000000	0.00000000000000	-1.32094683234608	0.00000000000000	1.31415997221968
4.75000000000000	0.00000000000000	-1.34857811580056	0.00000000000000	1.49567964980781
4.76000000000000	0.00000000000000	-1.36415197790076	0.00000000000000	1.66401085923732
4.77000000000000	0.00000000000000	-1.36658835540065	0.00000000000000	1.82166625052615
4.78000000000000	0.00000000000000	-1.35542648354344	0.00000000000000	1.97058215925099
4.79000000000000	0.00000000000000	-1.33080974831682	0.00000000000000	2.11163993128733
4.80000000000000	0.00000000000000	-1.29344035757779	0.00000000000000	2.24464298771031
4.81000000000000	0.00000000000000	-1.24441193654335	0.00000000000000	2.36849807436269
4.82000000000000	0.00000000000000	-1.18502836689760	0.00000000000000	2.48122666702032
4.83000000000000	0.00000000000000	-1.11650445689238	0.00000000000000	2.58016730847246
4.84000000000000	0.00000000000000	-1.03979097460818	0.00000000000000	2.66237256116799
4.85000000000000	0.00000000000000	-0.95550565739875	0.00000000000000	2.72455732441691
4.86000000000000	0.00000000000000	-0.86402161983503	0.00000000000000	2.76322560502080
4.87000000000000	0.00000000000000	-0.76560578476277	0.00000000000000	2.77504336753255
4.88000000000000	0.00000000000000	-0.66068259486034	0.00000000000000	2.75656796440060
4.89000000000000	0.00000000000000	-0.55010385925462	0.00000000000000	2.70445174533356
4.90000000000000	0.00000000000000	-0.43534655064404	0.00000000000000	2.61579580957022
4.91000000000000	0.00000000000000	-0.31849018071364	0.00000000000000	2.48801478438671
4.92000000000000	0.00000000000000	-0.20210756591206	0.00000000000000	2.31915355149570
4.93000000000000	0.00000000000000	-0.08899701406457	0.00000000000000	2.10841931236104
4.94000000000000	0.00000000000000	0.01823092275529	0.00000000000000	1.85598319823804
4.95000000000000	0.00000000000000	0.11751105924678	0.00000000000000	1.56355997744584
4.96000000000000	0.00000000000000	0.20762364830114	0.00000000000000	1.23459122803579
4.97000000000000	0.00000000000000	0.28833149841317	0.00000000000000	0.87409305277211
4.98000000000000	0.00000000000000	0.36046259844326	0.00000000000000	0.48876909730848
4.99000000000000	0.00000000000000	0.42560764266929	0.00000000000000	0.08682760932583
5.00000000000000	0.00000000000000	0.48582099487800	0.00000000000000	-0.32233891867007
5.01000000000000	0.00000000000000	0.54322001394352	0.00000000000000	-0.72877076468464
5.02000000000000	0.00000000000000	0.59956776037504	0.00000000000000	-1.12227667421414
5.03000000000000	0.00000000000000	0.65594084472702	0.00000000000000	-1.49284687825863
5.04000000000000	0.00000000000000	0.71253885668905	0.00000000000000	-1.83166893494748
5.05000000000000	0.00000000000000	0.76865065569545	0.00000000000000	-2.13121408651045
5.06000000000000	0.00000000000000	0.82270416486417	0.00000000000000	-2.38549106410541
5.07000000000000	0.00000000000000	0.87259740347291	0.00000000000000	-2.59082383004096
5.08000000000000	0.00000000000000	0.91599785831060	0.00000000000000	-2.74541535091532
5.09000000000000	0.00000000000000	0.95066515407958	0.00000000000000	-2.84936302246736
5.10000000000000	0.00000000000000	0.97483859847393	0.00000000000000	-2.90459512322937
5.11000000000000	0.00000000000000	0.98742505946806	0.00000000000000	-2.91426294805289
5.12000000000000	0.00000000000000	0.98810129405618	0.00000000000000	-2.88251142439255
5.13000000000000	0.00000000000000	0.97725444569276	0.00000000000000	-2.81393237419449
5.14000000000000	0.00000000000000	0.95597070201684	0.00000000000000	-2.71322674584217
5.15000000000000	0.00000000000000	0.92570725040538	0.00000000000000	-2.58509275019314
5.16000000000000	0.00000000000000	0.88809970098941	0.00000000000000	-2.43394081350869
5.17000000000000	0.00000000000000	0.84475184697418	0.00000000000000	-2.26403479448183
5.18000000000000	0.00000000000000	0.79721458413466	0.00000000000000	-2.07944663888538
5.19000000000000	0.00000000000000	0.74689312522661	0.00000000000000	-1.88405665703933
5.20000000000000	0.00000000000000	0.69513542301784	0.00000000000000	-1.68174900204570
5.21000000000000	0.00000000000000	0.64332976483324	0.00000000000000	-1.47612771187402
5.22000000000000	0.00000000000000	0.59307289683161	0.00000000000000	-1.27035046253578
5.23000000000000	0.00000000000000	0.54616231617798	0.00000000000000	-1.06700701143729
5.24000000000000	0.00000000000000	0.50457777412409	0.00000000000000	-0.86778723843919
5.25000000000000	0.00000000000000	0.47035444490189	0.00000000000000	-0.67335513651457
5.26000000000000	0.00000000000000	0.44536980011843	0.00000000000000	-0.48335542422545
5.27000000000000	0.00000000000000	0.43103493658129	0.00000000000000	-0.29666766103646
5.28000000000000	0.00000000000000	0.42807020488204	0.00000000000000	-0.11159554773567
5.29000000000000	0.00000000000000	0.43631070805906	0.00000000000000	0.07364576583730
5.30000000000000	0.00000000000000	0.45454655091228	0.00000000000000	0.26019211357482
5.31000000000000	0.00000000000000	0.48056487793845	0.00000000000000	0.44827620783890
5.32000000000000	0.00000000000000	0.51132351768468	0.00000000000000	0.63699394663602
5.33000000000000	0.00000000000000	0.54317949264888	0.00000000000000	0.82390286913023
5.34000000000000	0.00000000000000	0.57220920683502	0.00000000000000	1.00540797919803
5.35000000000000	0.00000000000000	0.59462601355641	0.00000000000000	1.17689721437165
5.36000000000000	0.00000000000000	0.60711483577641	0.00000000000000	1.33347522186851
5.37000000000000	0.00000000000000	0.60712683794919	0.00000000000000	1.47032660777032
5.38000000000000	0.00000000000000	0.59316171157247	0.00000000000000	1.58318391238702
5.39000000000000	0.00000000000000	0.56495307881433	0.00000000000000	1.66907184861131
5.40000000000000	0.00000000000000	0.52338474916471	0.00000000000000	1.72612988968575
5.41000000000000	0.00000000000000	0.47038510442083	0.00000000000000	1.75377599356013
5.42000000000000	0.00000000000000	0.40871478905995	0.00000000000000	1.75293172235283
5.43000000000000	0.00000000000000	0.34163701259877	0.00000000000000	1.72532145178677
5.44000000000000	0.00000000000000	0.27243325640030	0.00000000000000	1.67342390709217
5.45000000000000	0.00000000000000	0.20406959508276	0.00000000000000	1.60050782592140
5.46000000000000	0.00000000000000	0.13884800214706	0.00000000000000	1.51004153809953
5.47000000000000	0.00000000000000	0.07812553732166	0.00000000000000	1.40578853132007
5.48000000000000	0.00000000000000	0.02228043716978	0.00000000000000	1.29186925515244
5.49000000000000	0.00000000000000	-0.02922478117715	0.00000000000000	1.17245392287034
5.50000000000000	0.00000000000000	-0.07769962458144	0.00000000000000	1.05182046904845
5.51000000000000	0.00000000000000	-0.12495265817689	0.00000000000000	0.93430372201383
5.52000000000000	0.00000000000000	-0.17292585976599	0.00000000000000	0.82404672447407
5.53000000000000	0.00000000000000	-0.22340187124636	0.00000000000000	0.72479965630610
5.54000000000000	0.00000000000000	-0.27777029387730	0.00000000000000	0.63965738718950
5.55000000000000	0.00000000000000	-0.33683080351525	0.00000000000000	0.57091767692192
5.56000000000000	0.00000000000000	-0.40072346810017	0.00000000000000	0.51987169622113
5.57000000000000	0.00000000000000	-0.46897349829288	0.00000000000000	0.48639709861739
5.58000000000000	0.00000000000000	-0.54061898225454	0.00000000000000	0.46915880788745
5.59000000000000	0.00000000000000	-0.61436821254986	0.00000000000000	0.46559992242781
5.60000000000000	0.00000000000000	-0.68880553398042	0.00000000000000	0.47176105072172
5.61000000000000	0.00000000000000	-0.76257088264582	0.00000000000000	0.48280335236442
5.62000000000000	0.00000000000000	-0.83448487746257	0.00000000000000	0.49322652202400
5.63000000000000	0.00000000000000	-0.90356421078491	0.00000000000000	0.49721395055314
5.64000000000000	0.00000000000000	-0.96899048735933	0.00000000000000	0.48916079261067
5.65000000000000	0.00000000000000	-1.03001371830998	0.00000000000000	0.46414889817665
5.66000000000000	0.00000000000000	-1.08581848007758	0.00000000000000	0.41848273545534
5.67000000000000	0.00000000000000	-1.13543349524099	0.00000000000000	0.34996041727356
5.68000000000000	0.00000000000000	-1.17768479936862	0.00000000000000	0.25800745230290
5.69000000000000	0.00000000000000	-1.21120345164142	0.00000000000000	0.14423215994088
5.70000000000000	0.00000000000000	-1.23452969184974	0.00000000000000	0.01188032262830
5.71000000000000	0.00000000000000	-1.24630400022072	0.00000000000000	-0.13439060795014
5.72000000000000	0.00000000000000	-1.24551693849356	0.00000000000000	-0.28864431861534
5.73000000000000	0.00000000000000	-1.23165079748859	0.00000000000000	-0.44446965322045
5.74000000000000	0.00000000000000	-1.20488863060540	0.00000000000000	-0.59551297056358
5.75000000000000	0.00000000000000	-1.16618053363622	0.00000000000000	-0.73600553027956
5.76000000000000	0.00000000000000	-1.11723098742383	0.00000000000000	-0.86130942871707
5.77000000000000	0.00000000000000	-1.06028768627688	0.00000000000000	-0.96812401770277
5.78000000000000	0.00000000000000	-0.99798201251536	0.00000000000000	-1.05495216720217
5.79000000000000	0.00000000000000	-0.93298363888781	0.00000000000000	-1.12188995265141
5.80000000000000	0.00000000000000	-0.86766750923652	0.00000000000000	-1.17038033355893
5.81000000000000	0.00000000000000	-0.80384599402239	0.00000000000000	-1.20341065914111
5.82000000000000	0.00000000000000	-0.74257410490854	0.00000000000000	-1.22472862919462
5.83000000000000	0.00000000000000	-0.68407806465624	0.00000000000000	-1.23855817419372
5.84000000000000	0.00000000000000	-0.62778177534675	0.00000000000000	-1.24941294150417
5.85000000000000	0.00000000000000	-0.57253071444388	0.00000000000000	-1.26140257842110
5.86000000000000	0.00000000000000	-0.51682651027012	0.00000000000000	-1.27804109908868
5.87000000000000	0.00000000000000	-0.45914314806091	0.00000000000000	-1.30181987398474
5.88000000000000	0.00000000000000	-0.39821317982889	0.00000000000000	-1.33388826954830
5.89000000000000	0.00000000000000	-0.33321175996205	0.00000000000000	-1.37404489984292
5.90000000000000	0.00000000000000	-0.26385399143902	0.00000000000000	-1.42040013367994
5.91000000000000	0.00000000000000	-0.19036098576627	0.00000000000000	-1.46966299100228
5.92000000000000	0.00000000000000	-0.11338010324831	0.00000000000000	-1.51731812785247
5.93000000000000	0.00000000000000	-0.03378466253464	0.00000000000000	-1.55772642332040
5.94000000000000	0.00000000000000	0.04749368054915	0.00000000000000	-1.58489849697842
5.95000000000000	0.00000000000000	0.12961015197977	0.00000000000000	-1.59261741429459
5.96000000000000	0.00000000000000	0.21186662006785	0.00000000000000	-1.57494909871460
5.97000000000000	0.00000000000000	0.29371662693579	0.00000000000000	-1.52689578410934
5.98000000000000	0.00000000000000	0.37469144382954	0.00000000000000	-1.44436744534720
5.99000000000000	0.00000000000000	0.45430102548067	0.00000000000000	-1.32483168636222
6.00000000000000	0.00000000000000	0.53193269364699	0.00000000000000	-1.16755448309985
6.01000000000000	0.00000000000000	0.60678728033929	0.00000000000000	-0.97346931918199
6.02000000000000	0.00000000000000	0.67788326628205	0.00000000000000	-0.74571553264493
6.03000000000000	0.00000000000000	0.74412170294507	0.00000000000000	-0.48940592770363
6.04000000000000	0.00000000000000	0.80440612080552	0.00000000000000	-0.21127298457205
6.05000000000000	0.00000000000000	0.85777805895391	0.00000000000000	0.08025455734555
6.06000000000000	0.00000000000000	0.90356130136209	0.00000000000000	0.37591333043637
6.07000000000000	0.00000000000000	0.94145447529843	0.00000000000000	0.66615730598566
6.08000000000000	0.00000000000000	0.97155893937486	0.00000000000000	0.94182815964441
6.09000000000000	0.00000000000000	0.99436876475827	0.00000000000000	1.19500454322548
6.10000000000000	0.00000000000000	1.01069952135713	0.00000000000000	1.41945433128393
6.11000000000000	0.00000000000000	1.02158885649909	0.00000000000000	1.61139111056095
6.12000000000000	0.00000000000000	1.02819535982458	0.00000000000000	1.76944555487588
6.13000000000000	0.00000000000000	1.03172245483968	0.00000000000000	1.89438404995990
6.14000000000000	0.00000000000000	1.03334218630506	0.00000000000000	1.98927351444128
6.15000000000000	0.00000000000000	1.03413706191301	0.00000000000000	2.05838994455763
6.16000000000000	0.00000000000000	1.03503632390456	0.00000000000000	2.10656451205783
6.17000000000000	0.00000000000000	1.03674004544264	0.00000000000000	2.13871639074424
6.18000000000000	0.00000000000000	1.03964446867956	0.00000000000000	2.15888992863314
6.19000000000000	0.00000000000000	1.04375350027096	0.00000000000000	2.16991193826513
6.20000000000000	0.00000000000000	1.04863520718283	0.00000000000000	2.17326906434482
6.21000000000000	0.00000000000000	1.05342746549909	0.00000000000000	2.16898765691065
6.22000000000000	0.00000000000000	1.05689882961781	0.00000000000000	2.15588522544519
6.23000000000000	0.00000000000000	1.05759830930965	0.00000000000000	2.13198390156794
6.24000000000000	0.00000000000000	1.05403950412536	0.00000000000000	2.09480264954388
6.25000000000000	0.00000000000000	1.04493775607388	0.00000000000000	2.04168824068888
6.26000000000000	0.00000000000000	1.02933871184004	0.00000000000000	1.97017162671250
6.27000000000000	0.00000000000000	1.00671681729048	0.00000000000000	1.87808158915902
6.28000000000000	0.00000000000000	0.97692899298028	0.00000000000000	1.76355140230681
6.29000000000000	0.00000000000000	0.94011528330787	0.00000000000000	1.62522417003290
6.30000000000000	0.00000000000000	0.89649681017069	0.00000000000000	1.46232866115298
6.31000000000000	0.00000000000000	0.84618333774479	0.00000000000000	1.27463177126723
6.32000000000000	0.00000000000000	0.78900165139516	0.00000000000000	1.06271834627361
6.33000000000000	0.00000000000000	0.72446085483583	0.00000000000000	0.82811764697624
6.34000000000000	0.00000000000000	0.65183395438249	0.00000000000000	0.57331453757165
6.35000000000000	0.00000000000000	0.57033403791346	0.00000000000000	0.30185899282965
6.36000000000000	0.00000000000000	0.47935386274398	0.00000000000000	0.01824111966403
6.37000000000000	0.00000000000000	0.37876546802365	0.00000000000000	-0.27235929062449
6.38000000000000	0.00000000000000	0.26915842711287	0.00000000000000	-0.56436939758495
6.39000000000000	0.00000000000000	0.15194110337863	0.00000000000000	-0.85210523634282
6.40000000000000	0.00000000000000	0.02931156574769	0.00000000000000	-1.13028293436393
6.41000000000000	0.00000000000000	-0.09587882641920	0.00000000000000	-1.39417824976548
6.42000000000000	0.00000000000000	-0.22043542541320	0.00000000000000	-1.63985612550204
6.43000000000000	0.00000000000000	-0.34118363122853	0.00000000000000	-1.86440152193284
6.44000000000000	0.00000000000000	-0.45530312791166	0.00000000000000	-2.06564459282655
6.45000000000000	0.00000000000000	-0.56065461716599	0.00000000000000	-2.24211170564160
6.46000000000000	0.00000000000000	-0.65603241288697	0.00000000000000	-2.39298971049879
6.47000000000000	0.00000000000000	-0.74121599742191	0.00000000000000	-2.51761255299005
6.48000000000000	0.00000000000000	-0.81690244503166	0.00000000000000	-2.61541670332207
6.49000000000000	0.00000000000000	-0.88455732778999	0.00000000000000	-2.68586787739621
6.50000000000000	0.00000000000000	-0.94616189630774	0.00000000000000	-2.72808985756924
6.51000000000000	0.00000000000000	-1.00383499219759	0.00000000000000	-2.74119994139111
6.52000000000000	0.00000000000000	-1.05947541127101	0.00000000000000	-2.72426173772828
6.53000000000000	0.00000000000000	-1.11444243931115	0.00000000000000	-2.67621169960392
6.54000000000000	0.00000000000000	-1.16927043588065	0.00000000000000	-2.59635315262774
6.55000000000000	0.00000000000000	-1.22351512576695	0.00000000000000	-2.48434486785246
6.56000000000000	0.00000000000000	-1.27576561640364	0.00000000000000	-2.34018561573775
6.57000000000000	0.00000000000000	-1.32377442390036	0.00000000000000	-2.16471919499920
6.58000000000000	0.00000000000000	-1.36473498128925	0.00000000000000	-1.95945305232850
6.59000000000000	0.00000000000000	-1.39567956013224	0.00000000000000	-1.72651394559199
6.60000000000000	0.00000000000000	-1.41388602759599	0.00000000000000	-1.46911581097018
6.61000000000000	0.00000000000000	-1.41722461957207	0.00000000000000	-1.19110920405895
6.62000000000000	0.00000000000000	-1.40451820123091	0.00000000000000	-0.89691152320728
6.63000000000000	0.00000000000000	-1.37562949560712	0.00000000000000	-0.59169529866905
6.64000000000000	0.00000000000000	-1.33143688339839	0.00000000000000	-0.28079874666208
6.65000000000000	0.00000000000000	-1.27366408381655	0.00000000000000	0.03035452550387
6.66000000000000	0.00000000000000	-1.20471326736220	0.00000000000000	0.33637578548594
6.67000000000000	0.00000000000000	-1.12729153931693	0.00000000000000	0.63220330131757
6.68000000000000	0.00000000000000	-1.04411345896826	0.00000000000000	0.91315864151507
6.69000000000000	0.00000000000000	-0.95766469571747	0.00000000000000	1.17506906525611
6.70000000000000	0.00000000000000	-0.87004693213836	0.00000000000000	1.41420247944654
6.71000000000000	0.00000000000000	-0.78289111098722	0.00000000000000	1.62707460561499
6.72000000000000	0.00000000000000	-0.69736769988417	0.00000000000000	1.81094127620660
6.73000000000000	0.00000000000000	-0.61427657363965	0.00000000000000	1.96335108744261
6.74000000000000	0.00000000000000	-0.53414204685782	0.00000000000000	2.08224631220354
6.75000000000000	0.00000000000000	-0.45733767292187	0.00000000000000	2.16650399107281
6.76000000000000	0.00000000000000	-0.38418338465018	0.00000000000000	2.21555587974510
6.77000000000000	0.00000000000000	-0.31498068468485	0.00000000000000	2.22957330789841
6.78000000000000	0.00000000000000	-0.24999329219178	0.00000000000000	2.20994315972571
6.79000000000000	0.00000000000000	-0.18938033263610	0.00000000000000	2.15871988877658
6.80000000000000	0.00000000000000	-0.13310470651321	0.00000000000000	2.07876712087541
6.81000000000000	0.00000000000000	-0.08082339151323	0.00000000000000	1.97393611455619
6.82000000000000	0.00000000000000	-0.03178494294055	0.00000000000000	1.84848654519808
6.83000000000000	0.00000000000000	0.01517798176651	0.00000000000000	1.70704979907607
6.84000000000000	0.00000000000000	0.06159718629633	0.00000000000000	1.55462137017516
6.85000000000000	0.00000000000000	0.10925229692676	0.00000000000000	1.39606009399689
6.86000000000000	0.00000000000000	0.15996105342809	0.00000000000000	1.23591309699850
6.87000000000000	0.00000000000000	0.21529289798084	0.00000000000000	1.07843913808662
6.88000000000000	0.00000000000000	0.27637069741621	0.00000000000000	0.92724143674063
6.89000000000000	0.00000000000000	0.34366859627771	0.00000000000000	0.78504398022475
6.90000000000000	0.00000000000000	0.41686590750518	0.00000000000000	0.65382266057934
6.91000000000000	0.00000000000000	0.49474928551974	0.00000000000000	0.53471869536737
6.92000000000000	0.00000000000000	0.57539915771553	0.00000000000000	0.42786140417268
6.93000000000000	0.00000000000000	0.65630297783702	0.00000000000000	0.33261379782216
6.94000000000000	0.00000000000000	0.73456738277505	0.00000000000000	0.24763512052888
6.95000000000000	0.00000000000000	0.80723182923747	0.00000000000000	0.17091843385573
6.96000000000000	0.00000000000000	0.87154327523346	0.00000000000000	0.10001805259204
6.97000000000000	0.00000000000000	0.92518527326885	0.00000000000000	0.03225343185150
6.98000000000000	0.00000000000000	0.96643417945210	0.00000000000000	-0.03515701248072
6.99000000000000	0.00000000000000	0.99444918090253	0.00000000000000	-0.10489862009778
7.00000000000000	0.00000000000000	1.00913794802845	0.00000000000000	-0.17934653419181
7.01000000000000	0.00000000000000	1.01115976455486	0.00000000000000	-0.26033462393027
7.02000000000000	0.00000000000000	1.00178633100028	0.00000000000000	-0.34906992661200
7.03000000000000	0.00000000000000	0.98284890905883	0.00000000000000	-0.44595363451258
7.04000000000000	0.00000000000000	0.95637338272270	0.00000000000000	-0.55047247694346
7.05000000000000	0.00000000000000	0.92443447282091	0.00000000000000	-0.66106017249522
7.06000000000000	0.00000000000000	0.88896614274014	0.00000000000000	-0.77518235789283
7.07000000000000	0.00000000000000	0.85167002092876	0.00000000000000	-0.88936152484466
7.08000000000000	0.00000000000000	0.81388506901973	0.00000000000000	-0.99941658870624
7.09000000000000	0.00000000000000	0.77658721871088	0.00000000000000	-1.10070605589917
7.10000000000000	0.00000000000000	0.74042400325866	0.00000000000000	-1.18850354887008
7.11000000000000	0.00000000000000	0.70580500714814	0.00000000000000	-1.25847692164028
7.12000000000000	0.00000000000000	0.67298713396663	0.00000000000000	-1.30721543919294
7.13000000000000	0.00000000000000	0.64216629708012	0.00000000000000	-1.33237897261816
7.14000000000000	0.00000000000000	0.61355864415411	0.00000000000000	-1.33311904594678
7.15000000000000	0.00000000000000	0.58742003975439	0.00000000000000	-1.31027353461863
7.16000000000000	0.00000000000000	0.56399766958410	0.00000000000000	-1.26605222652537
7.17000000000000	0.00000000000000	0.54348211307565	0.00000000000000	-1.20389594665500
7.18000000000000	0.00000000000000	0.52591342134570	0.00000000000000	-1.12820446155836
7.19000000000000	0.00000000000000	0.51107035336809	0.00000000000000	-1.04370222452323
7.20000000000000	0.00000000000000	0.49840101396612	0.00000000000000	-0.95506183017241
7.21000000000000	0.00000000000000	0.48701967885257	0.00000000000000	-0.86649762415354
7.22000000000000	0.00000000000000	0.47574101682644	0.00000000000000	-0.78145111448321
7.23000000000000	0.00000000000000	0.46318688262701	0.00000000000000	-0.70242715778026
7.24000000000000	0.00000000000000	0.44795305955857	0.00000000000000	-0.63082014670340
7.25000000000000	0.00000000000000	0.42877029873300	0.00000000000000	-0.56718843231795
7.26000000000000	0.00000000000000	0.40465110919570	0.00000000000000	-0.51135428576607
7.27000000000000	0.00000000000000	0.37500889158925	0.00000000000000	-0.46239381651785
7.28000000000000	0.00000000000000	0.33968166842991	0.00000000000000	-0.41906305062121
7.29000000000000	0.00000000000000	0.29886755731147	0.00000000000000	-0.37986766653794
7.30000000000000	0.00000000000000	0.25301791943891	0.00000000000000	-0.34311362941232
7.31000000000000	0.00000000000000	0.20272005495575	0.00000000000000	-0.30707099371447
7.32000000000000	0.00000000000000	0.14851931329311	0.00000000000000	-0.26993025145412
7.33000000000000	0.00000000000000	0.09082709811103	0.00000000000000	-0.22990808951830
7.34000000000000	0.00000000000000	0.02988084195651	0.00000000000000	-0.18532284008962
7.35000000000000	0.00000000000000	-0.03420840685593	0.00000000000000	-0.13466885702467
7.36000000000000	0.00000000000000	-0.10139077193743	0.00000000000000	-0.07683463369934
7.37000000000000	0.00000000000000	-0.17154179348029	0.00000000000000	-0.01112545969232
7.38000000000000	0.00000000000000	-0.24434723996534	0.00000000000000	0.06257912055018
7.39000000000000	0.00000000000000	-0.31921799698727	0.00000000000000	0.14365575100848
7.40000000000000	0.00000000000000	-0.39528738669462	0.00000000000000	0.23095812757615
7.41000000000000	0.00000000000000	-0.47145977348382	0.00000000000000	0.32267387703537
7.42000000000000	0.00000000000000	-0.54650970089462	0.00000000000000	0.41664282859837
7.43000000000000	0.00000000000000	-0.61919205654308	0.00000000000000	0.51051008670705
7.44000000000000	0.00000000000000	-0.68841415316551	0.00000000000000	0.60179840661578
7.45000000000000	0.00000000000000	-0.75328151098070	0.00000000000000	0.68820613088948
7.46000000000000	0.00000000000000	-0.81312942987364	0.00000000000000	0.76784372453178
7.47000000000000	0.00000000000000	-0.86747409806592	0.00000000000000	0.83921165003007
7.48000000000000	0.00000000000000	-0.91601769828355	0.00000000000000	0.90142767916418
7.49000000000000	0.00000000000000	-0.95849533425403	0.00000000000000	0.95410266096334
7.50000000000000	0.00000000000000	-0.99462200848469	0.00000000000000	0.99760354527165
7.51000000000000	0.00000000000000	-1.02402186830207	0.00000000000000	1.03272179354510
7.52000000000000	0.00000000000000	-1.04628708579640	0.00000000000000	1.06054167250857
7.53000000000000	0.00000000000000	-1.06094336742012	0.00000000000000	1.08251811058220
7.54000000000000	0.00000000000000	-1.06750685473168	0.00000000000000	1.09991286316286
7.55000000000000	0.00000000000000	-1.06555924965668	0.00000000000000	1.11368370055909
7.56000000000000	0.00000000000000	-1.05477427933252	0.00000000000000	1.12444762219565
7.57000000000000	0.00000000000000	-1.03495581282722	0.00000000000000	1.13218356265785
7.58000000000000	0.00000000000000	-1.00603662915883	0.00000000000000	1.13621213575864
7.59000000000000	0.00000000000000	-0.96818768541628	0.00000000000000	1.13529132461867
7.60000000000000	0.00000000000000	-0.92178561515225	0.00000000000000	1.12785439433041
7.61000000000000	0.00000000000000	-0.86748552268399	0.00000000000000	1.11213013102819
7.62000000000000	0.00000000000000	-0.80623479790825	0.00000000000000	1.08634392794950
7.63000000000000	0.00000000000000	-0.73934781818901	0.00000000000000	1.04913958149421
7.64000000000000	0.00000000000000	-0.66843823853707	0.00000000000000	0.99965499873343
7.65000000000000	0.00000000000000	-0.59534510798273	0.00000000000000	0.93762723778676
7.66000000000000	0.00000000000000	-0.52203663261248	0.00000000000000	0.86354848736180
7.67000000000000	0.00000000000000	-0.45048998702764	0.00000000000000	0.77846350005683
7.68000000000000	0.00000000000000	-0.38247411589469	0.00000000000000	0.68385222481478
7.69000000000000	0.00000000000000	-0.31936783996756	0.00000000000000	0.58133456157887
7.70000000000000	0.00000000000000	-0.26207222188515	0.00000000000000	0.47242595740362
7.71000000000000	0.00000000000000	-0.21088929410263	0.00000000000000	0.35837034023204
7.72000000000000	0.00000000000000	-0.16550386824534	0.00000000000000	0.23970067767087
7.73000000000000	0.00000000000000	-0.12500241646871	0.00000000000000	0.11641920545620
7.74000000000000	0.00000000000000	-0.08801571962099	0.00000000000000	-0.01207840289597
7.75000000000000	0.00000000000000	-0.05284679674835	0.00000000000000	-0.14685219956988
7.76000000000000	0.00000000000000	-0.01768309237666	0.00000000000000	-0.28909081699140
7.77000000000000	0.00000000000000	0.01918239629342	0.00000000000000	-0.43987876424927
7.78000000000000	0.00000000000000	0.05920255332648	0.00000000000000	-0.59982041740298
7.79000000000000	0.00000000000000	0.10343384430661	0.00000000000000	-0.76879909628913
7.80000000000000	0.00000000000000	0.15250155702750	0.00000000000000	-0.94586139357123
7.81000000000000	0.00000000000000	0.20655050278879	0.00000000000000	-1.12884228827377
7.82000000000000	0.00000000000000	0.26537917929190	0.00000000000000	-1.31472866000945
7.83000000000000	0.00000000000000	0.32847344895928	0.00000000000000	-1.49949382510128
7.84000000000000	0.00000000000000	0.39514328586515	0.00000000000000	-1.67807961094257
7.85000000000000	0.00000000000000	0.46457804850645	0.00000000000000	-1.84506812661638
7.86000000000000	0.00000000000000	0.53590211442243	0.00000000000000	-1.99452647562901
7.87000000000000	0.00000000000000	0.60808243225815	0.00000000000000	-2.12035942168945
7.88000000000000	0.00000000000000	0.67991254697526	0.00000000000000	-2.21701083368265
7.89000000000000	0.00000000000000	0.74994159528895	0.00000000000000	-2.27924192623520
7.90000000000000	0.00000000000000	0.81642236612854	0.00000000000000	-2.30285646316427
7.91000000000000	0.00000000000000	0.87726720780568	0.00000000000000	-2.28496493867661
7.92000000000000	0.00000000000000	0.93016277555579	0.00000000000000	-2.22378827056361
7.93000000000000	0.00000000000000	0.97277116425156	0.00000000000000	-2.11935372484132
7.94000000000000	0.00000000000000	1.00294781430594	0.00000000000000	-1.97324400842155
7.95000000000000	0.00000000000000	1.01899604424271	0.00000000000000	-1.78832593408696
7.96000000000000	0.00000000000000	1.01990407642350	0.00000000000000	-1.56920344793985
7.97000000000000	0.00000000000000	1.00558914305255	0.00000000000000	-1.32165911436610
7.98000000000000	0.00000000000000	0.97692375046187	0.00000000000000	-1.05228208816387
7.99000000000000	0.00000000000000	0.93569123480307	0.00000000000000	-0.76857094684921
8.00000000000000	0.00000000000000	0.88436367765703	0.00000000000000	-0.47821700272622
8.01000000000000	0.00000000000000	0.82587078390208	0.00000000000000	-0.18883417481062
8.02000000000000	0.00000000000000	0.76321499866914	0.00000000000000	0.09241965084921
8.03000000000000	0.00000000000000	0.69915125825453	0.00000000000000	0.35931774109862
8.04000000000000	0.00000000000000	0.63591230416706	0.00000000000000	0.60673301076540
8.05000000000000	0.00000000000000	0.57503089171498	0.00000000000000	0.83113044014154
8.06000000000000	0.00000000000000	0.51724184808833	0.00000000000000	1.03049005377667
8.07000000000000	0.00000000000000	0.46256567481302	0.00000000000000	1.20421065344261
8.08000000000000	0.00000000000000	0.41044958948600	0.00000000000000	1.35324814007634
8.09000000000000	0.00000000000000	0.35995495114031	0.00000000000000	1.47956753487873
8.10000000000000	0.00000000000000	0.30994987787569	0.00000000000000	1.58565874891799
8.11000000000000	0.00000000000000	0.25940100483787	0.00000000000000	1.67444095525976
8.12000000000000	0.00000000000000	0.20750326091398	0.00000000000000	1.74846613644347
8.13000000000000	0.00000000000000	0.15380180086296	0.00000000000000	1.80963431902575
8.14000000000000	0.00000000000000	0.09819370301820	0.00000000000000	1.85915083193038
8.15000000000000	0.00000000000000	0.04101281515774	0.00000000000000	1.89723316022057
8.16000000000000	0.00000000000000	-0.01710629336712	0.00000000000000	1.92312682262524
8.17000000000000	0.00000000000000	-0.07528743112869	0.00000000000000	1.93559381866106
8.18000000000000	0.00000000000000	-0.13253563002127	0.00000000000000	1.93295582397020
8.19000000000000	0.00000000000000	-0.18777099606493	0.00000000000000	1.91352235729384
8.20000000000000	0.00000000000000	-0.23995076710217	0.00000000000000	1.87594740174314
8.21000000000000	0.00000000000000	-0.28810775579607	0.00000000000000	1.81935892494231
8.22000000000000	0.00000000000000	-0.33140773156802	0.00000000000000	1.74354959012109
8.23000000000000	0.00000000000000	-0.36917482264183	0.00000000000000	1.64901225069843
8.24000000000000	0.00000000000000	-0.40094721877420	0.00000000000000	1.53677581823784
8.25000000000000	0.00000000000000	-0.42651031376457	0.00000000000000	1.40832437032083
8.26000000000000	0.00000000000000	-0.44594093121024	0.00000000000000	1.26537316016705
8.27000000000000	0.00000000000000	-0.45965770842884	0.00000000000000	1.10976149448341
8.28000000000000	0.00000000000000	-0.46838846055581	0.00000000000000	0.94319529746901
8.29000000000000	0.00000000000000	-0.47313620832711	0.00000000000000	0.76719834617063
8.30000000000000	0.00000000000000	-0.47509997768533	0.00000000000000	0.58325649195546
8.31000000000000	0.00000000000000	-0.47555553817405	0.00000000000000	0.39253937851485
8.32000000000000	0.00000000000000	-0.47571785524242	0.00000000000000	0.19616051495011
8.33000000000000	0.00000000000000	-0.47661760360866	0.00000000000000	-0.00462407542588
8.34000000000000	0.00000000000000	-0.47901377311425	0.00000000000000	-0.20855685681141
8.35000000000000	0.00000000000000	-0.48331682496509	0.00000000000000	-0.41408416228522
8.36000000000000	0.00000000000000	-0.48959449374755	0.00000000000000	-0.61919774762541
8.37000000000000	0.00000000000000	-0.49759270497522	0.00000000000000	-0.82160707081221
8.38000000000000	0.00000000000000	-0.50679817101053	0.00000000000000	-1.01848710026129
8.39000000000000	0.00000000000000	-0.51643712440268	0.00000000000000	-1.20656264936978
8.40000000000000	0.00000000000000	-0.52554384487218	0.00000000000000	-1.38228542069420
8.41000000000000	0.00000000000000	-0.53298155837481	0.00000000000000	-1.54173874645773
8.42000000000000	0.00000000000000	-0.53748101598622	0.00000000000000	-1.68102794706266
8.43000000000000	0.00000000000000	-0.53767062677745	0.00000000000000	-1.79647001269460
8.44000000000000	0.00000000000000	-0.53214773592059	0.00000000000000	-1.88464053101510
8.45000000000000	0.00000000000000	-0.51958000806973	0.00000000000000	-1.94292754033191
8.46000000000000	0.00000000000000	-0.49883944070368	0.00000000000000	-1.96958445677319
8.47000000000000	0.00000000000000	-0.46920772834054	0.00000000000000	-1.96373082151666
8.48000000000000	0.00000000000000	-0.43044825855769	0.00000000000000	-1.92588851912106
8.49000000000000	0.00000000000000	-0.38291788721349	0.00000000000000	-1.85754559398357
8.50000000000000	0.00000000000000	-0.32759631974728	0.00000000000000	-1.76106450180801
8.51000000000000	0.00000000000000	-0.26608440671460	0.00000000000000	-1.64000632233857
8.52000000000000	0.00000000000000	-0.20040914030986	0.00000000000000	-1.49850942656268
8.53000000000000	0.00000000000000	-0.13283899341104	0.00000000000000	-1.34109543414478
8.54000000000000	0.00000000000000	-0.06567591362806	0.00000000000000	-1.17282252931398
8.55000000000000	0.00000000000000	-0.00098775596819	0.00000000000000	-0.99875654696629
8.56000000000000	0.00000000000000	0.05955099661381	0.00000000000000	-0.82388336372669
8.57000000000000	0.00000000000000	0.11477413587310	0.00000000000000	-0.65283727867214
8.58000000000000	0.00000000000000	0.16402413584914	0.00000000000000	-0.48964370489148
8.59000000000000	0.00000000000000	0.20716526669328	0.00000000000000	-0.33761228682094
8.60000000000000	0.00000000000000	0.24437990321641	0.00000000000000	-0.19877569806487
8.61000000000000	0.00000000000000	0.27606038755310	0.00000000000000	-0.07405734621858
8.62000000000000	0.00000000000000	0.30264711669412	0.00000000000000	0.03670161647121
8.63000000000000	0.00000000000000	0.32455259899079	0.00000000000000	0.13507657271002
8.64000000000000	0.00000000000000	0.34205864761303	0.00000000000000	0.22342652050126
8.65000000000000	0.00000000000000	0.35534560698246	0.00000000000000	0.30454692612789
8.66000000000000	0.00000000000000	0.36452447565068	0.00000000000000	0.38148286284466
8.67000000000000	0.00000000000000	0.36974178013383	0.00000000000000	0.45682503740651
8.68000000000000	0.00000000000000	0.37123553189477	0.00000000000000	0.53249358964231
8.69000000000000	0.00000000000000	0.36939160670360	0.00000000000000	0.60939499200775
8.70000000000000	0.00000000000000	0.36477012591766	0.00000000000000	0.68728352578989
8.71000000000000	0.00000000000000	0.35808871124346	0.00000000000000	0.76488964400327
8.72000000000000	0.00000000000000	0.35014442563538	0.00000000000000	0.84007897299719
8.73000000000000	0.00000000000000	0.34171899250605	0.00000000000000	0.91021779866925
8.74000000000000	0.00000000000000	0.33348660123362	0.00000000000000	0.97244995742262
8.75000000000000	0.00000000000000	0.32591249383622	0.00000000000000	1.02425747951035
8.76000000000000	0.00000000000000	0.31919069354600	0.00000000000000	1.06364314952288
8.77000000000000	0.00000000000000	0.31322921169364	0.00000000000000	1.08924783715341
8.78000000000000	0.00000000000000	0.30767425638747	0.00000000000000	1.10080353246465
8.79000000000000	0.00000000000000	0.30196982128190	0.00000000000000	1.09886845388106
8.80000000000000	0.00000000000000	0.29544663044968	0.00000000000000	1.08456002206507
8.81000000000000	0.00000000000000	0.28742072078150	0.00000000000000	1.05969781670521
8.82000000000000	0.00000000000000	0.27727714133553	0.00000000000000	1.02643002841313
8.83000000000000	0.00000000000000	0.26452874924412	0.00000000000000	0.98681207232838
8.84000000000000	0.00000000000000	0.24886746450060	0.00000000000000	0.94281666256939
8.85000000000000	0.00000000000000	0.23015988289663	0.00000000000000	0.89597355410076
8.86000000000000	0.00000000000000	0.20842801885530	0.00000000000000	0.84734934866918
8.87000000000000	0.00000000000000	0.18381846660022	0.00000000000000	0.79740577842118
8.88000000000000	0.00000000000000	0.15659351301442	0.00000000000000	0.74591605651920
8.89000000000000	0.00000000000000	0.12706370995247	0.00000000000000	0.69238791904834
8.90000000000000	0.00000000000000	0.09557056164242	0.00000000000000	0.63575604639672
8.91000000000000	0.00000000000000	0.06244747051195	0.00000000000000	0.57476975560857
8.92000000000000	0.00000000000000	0.02804530588229	0.00000000000000	0.50849642147215
8.93000000000000	0.00000000000000	-0.00731924506770	0.00000000000000	0.43618942639411
8.94000000000000	0.00000000000000	-0.04334356781009	0.00000000000000	0.35756426548231
8.95000000000000	0.00000000000000	-0.07975156207816	0.00000000000000	0.27316384106585
8.96000000000000	0.00000000000000	-0.11624503826087	0.00000000000000	0.18417368078463
8.97000000000000	0.00000000000000	-0.15248529248540	0.00000000000000	0.09259651934469
8.98000000000000	0.00000000000000	-0.18804439305612	0.00000000000000	0.00086129216404
8.99000000000000	0.00000000000000	-0.22236558294147	0.00000000000000	-0.08814330469333
9.00000000000000	0.00000000000000	-0.25475682997451	0.00000000000000	-0.17134487985361
9.01000000000000	0.00000000000000	-0.28439700895695	0.00000000000000	-0.24584144314670
9.02000000000000	0.00000000000000	-0.31039953432321	0.00000000000000	-0.30891856199179
9.03000000000000	0.00000000000000	-0.33188482956888	0.00000000000000	-0.35841959539597
9.04000000000000	0.00000000000000	-0.34816441917501	0.00000000000000	-0.39288007341843
9.05000000000000	0.00000000000000	-0.35881759776893	0.00000000000000	-0.41153298259958
9.06000000000000	0.00000000000000	-0.36380973348572	0.00000000000000	-0.41470430056679
9.07000000000000	0.00000000000000	-0.36351598227209	0.00000000000000	-0.40367813187497
9.08000000000000	0.00000000000000	-0.35876777970619	0.00000000000000	-0.38086553361316
9.09000000000000	0.00000000000000	-0.35072085095382	0.00000000000000	-0.34988223826652
9.10000000000000	0.00000000000000	-0.34070877058683	0.00000000000000	-0.31519808273234
9.11000000000000	0.00000000000000	-0.33003175971745	0.00000000000000	-0.28212797678844
9.12000000000000	0.00000000000000	-0.31975644743186	0.00000000000000	-0.25636882293680
9.13000000000000	0.00000000000000	-0.31054364236816	0.00000000000000	-0.24354976387922
9.14000000000000	0.00000000000000	-0.30255368095291	0.00000000000000	-0.24892598331591
9.15000000000000	0.00000000000000	-0.29536574982746	0.00000000000000	-0.27650373215637
9.16000000000000	0.00000000000000	-0.28806475454349	0.00000000000000	-0.32897450835193
9.17000000000000	0.00000000000000	-0.27941300915498	0.00000000000000	-0.40734522080303
9.18000000000000	0.00000000000000	-0.26805410467937	0.00000000000000	-0.51051007795584
9.19000000000000	0.00000000000000	-0.25271903546300	0.00000000000000	-0.63558668335480
9.20000000000000	0.00000000000000	-0.23248515523751	0.00000000000000	-0.77791327451073
9.21000000000000	0.00000000000000	-0.20694403118230	0.00000000000000	-0.93136259629077
9.22000000000000	0.00000000000000	-0.17625335957029	0.00000000000000	-1.08888253840813
9.23000000000000	0.00000000000000	-0.14115887839766	0.00000000000000	-1.24278959719358
9.24000000000000	0.00000000000000	-0.10291497098060	0.00000000000000	-1.38545004633330
9.25000000000000	0.00000000000000	-0.06311953410986	0.00000000000000	-1.50953243146383
9.26000000000000	0.00000000000000	-0.02349701247730	0.00000000000000	-1.60841108614353
9.27000000000000	0.00000000000000	0.01428804770798	0.00000000000000	-1.67668116315494
9.28000000000000	0.00000000000000	0.04882265524235	0.00000000000000	-1.70993482755980
9.29000000000000	0.00000000000000	0.07911673333417	0.00000000000000	-1.70518260448362
9.30000000000000	0.00000000000000	0.10466007102264	0.00000000000000	-1.66101283717309
9.31000000000000	0.00000000000000	0.12542875869977	0.00000000000000	-1.57714546713215
9.32000000000000	0.00000000000000	0.14184812725319	0.00000000000000	-1.45474108660291
9.33000000000000	0.00000000000000	0.15468157307950	0.00000000000000	-1.29637588788298
9.34000000000000	0.00000000000000	0.16486893605563	0.00000000000000	-1.10550223576471
9.35000000000000	0.00000000000000	0.17340588120782	0.00000000000000	-0.88657489258597
9.36000000000000	0.00000000000000	0.18123420331308	0.00000000000000	-0.64492917194360
9.37000000000000	0.00000000000000	0.18910076561500	0.00000000000000	-0.38624056164690
9.38000000000000	0.00000000000000	0.19753041507194	0.00000000000000	-0.11656050281530
9.39000000000000	0.00000000000000	0.20683822532809	0.00000000000000	0.15793034823062
9.40000000000000	0.00000000000000	0.21717141071407	0.00000000000000	0.43109285697869
9.41000000000000	0.00000000000000	0.22850133199129	0.00000000000000	0.69705428168090
9.42000000000000	0.00000000000000	0.24074156985351	0.00000000000000	0.95037314783313
9.43000000000000	0.00000000000000	0.25378176177232	0.00000000000000	1.18598834470316
9.44000000000000	0.00000000000000	0.26752091427498	0.00000000000000	1.39957618542153
9.45000000000000	0.00000000000000	0.28184360311918	0.00000000000000	1.58774022423031
9.46000000000000	0.00000000000000	0.29660159489360	0.00000000000000	1.74786208331562
9.47000000000000	0.00000000000000	0.31155693678575	0.00000000000000	1.87854012168842
9.48000000000000	0.00000000000000	0.32630513420400	0.00000000000000	1.97953613889024
9.49000000000000	0.00000000000000	0.34027518184524	0.00000000000000	2.05157280739259
9.50000000000000	0.00000000000000	0.35271050830552	0.00000000000000	2.09653971107715
9.51000000000000	0.00000000000000	0.36270135019564	0.00000000000000	2.11699296434564
9.52000000000000	0.00000000000000	0.36925602468912	0.00000000000000	2.11593936030242
9.53000000000000	0.00000000000000	0.37148124018436	0.00000000000000	2.09665714710801
9.54000000000000	0.00000000000000	0.36872517426055	0.00000000000000	2.06203344793061
9.55000000000000	0.00000000000000	0.36067927329260	0.00000000000000	2.01449900039819
9.56000000000000	0.00000000000000	0.34746546885356	0.00000000000000	1.95583918258299
9.57000000000000	0.00000000000000	0.32972257416275	0.00000000000000	1.88681582506410
9.58000000000000	0.00000000000000	0.30854723844132	0.00000000000000	1.80744243646227
9.59000000000000	0.00000000000000	0.28536211408728	0.00000000000000	1.71693491894395
9.60000000000000	0.00000000000000	0.26176079369819	0.00000000000000	1.61390447933722
9.61000000000000	0.00000000000000	0.23938050832411	0.00000000000000	1.49665185927285
9.62000000000000	0.00000000000000	0.21971040053270	0.00000000000000	1.36328609877822
9.63000000000000	0.00000000000000	0.20394242414543	0.00000000000000	1.21213187583250
9.64000000000000	0.00000000000000	0.19286631512034	0.00000000000000	1.04188328358918
9.65000000000000	0.00000000000000	0.18683944114831	0.00000000000000	0.85159357903164
9.66000000000000	0.00000000000000	0.18575169707111	0.00000000000000	0.64132388838762
9.67000000000000	0.00000000000000	0.18903891882684	0.00000000000000	0.41183718360470
9.68000000000000	0.00000000000000	0.19568201985343	0.00000000000000	0.16468094560224
9.69000000000000	0.00000000000000	0.20430055679051	0.00000000000000	-0.09723957097422
9.70000000000000	0.00000000000000	0.21322415290494	0.00000000000000	-0.37027034781252
9.71000000000000	0.00000000000000	0.22061455946367	0.00000000000000	-0.64987086023767
9.72000000000000	0.00000000000000	0.22459584276592	0.00000000000000	-0.93041236298822
9.73000000000000	0.00000000000000	0.22343102770961	0.00000000000000	-1.20599036233351
9.74000000000000	0.00000000000000	0.21567904050878	0.00000000000000	-1.47033244869155
9.75000000000000	0.00000000000000	0.20029664644013	0.00000000000000	-1.71705621846043
9.76000000000000	0.00000000000000	0.17674362392206	0.00000000000000	-1.94044595840607
9.77000000000000	0.00000000000000	0.14495931978325	0.00000000000000	-2.13528658546477
9.78000000000000	0.00000000000000	0.10534002657184	0.00000000000000	-2.29744699746754
9.79000000000000	0.00000000000000	0.05862483026044	0.00000000000000	-2.42411974152282
9.80000000000000	0.00000000000000	0.00579479501977	0.00000000000000	-2.51349441065261
9.81000000000000	0.00000000000000	-0.05207032241855	0.00000000000000	-2.56530761662735
9.82000000000000	0.00000000000000	-0.11387972841380	0.00000000000000	-2.58044157037371
9.83000000000000	0.00000000000000	-0.17860195054444	0.00000000000000	-2.56052479541067
9.84000000000000	0.00000000000000	-0.24530051906310	0.00000000000000	-2.50826000718428
9.85000000000000	0.00000000000000	-0.31312533301134	0.00000000000000	-2.42673741019586
9.86000000000000	0.00000000000000	-0.38130352346535	0.00000000000000	-2.31909998933806
9.87000000000000	0.00000000000000	-0.44908918383698	0.00000000000000	-2.18873974200778
9.88000000000000	0.00000000000000	-0.51575756127289	0.00000000000000	-2.03879260363893
9.89000000000000	0.00000000000000	-0.58053797701628	0.00000000000000	-1.87191038662728
9.90000000000000	0.00000000000000	-0.64263200683888	0.00000000000000	-1.69055818806095
9.91000000000000	0.00000000000000	-0.70120858336980	0.00000000000000	-1.49674507758267
9.92000000000000	0.00000000000000	-0.75544961177139	0.00000000000000	-1.29209929789148
9.93000000000000	0.00000000000000	-0.80454220458117	0.00000000000000	-1.07815448185004
9.94000000000000	0.00000000000000	-0.84775356861804	0.00000000000000	-0.85631322084089
9.95000000000000	0.00000000000000	-0.88446770759786	0.00000000000000	-0.62797123626469
9.96000000000000	0.00000000000000	-0.91421869168051	0.00000000000000	-0.39474636991158
9.97000000000000	0.00000000000000	-0.93666514022144	0.00000000000000	-0.15846462687756
9.98000000000000	0.00000000000000	-0.95159941257363	0.00000000000000	0.07885638385110
9.99000000000000	0.00000000000000	-0.95892796659551	0.00000000000000	0.31498350328706
10.00000000000000	0.00000000000000	-0.95859737928641	0.00000000000000	0.54759440316867
