# Waketime [ns]	 	DipolX [V/pC/mm]	  	DipolY [V/pC/mm]	 	QuadX [V/pC/mm]	 	QuadY [V/pC/mm]
0.00000000000000	0.00000000000000	0.00000000000000	0.00000000000000	0.00000000000000
0.01000000000000	23.32508265072198	35.35150126325610	-15.16220301175957	12.64412186279385
0.02000000000000	19.25319140321199	30.06773787386384	-12.00007041346565	10.21934202271184
0.03000000000000	18.35048418591829	30.19725947233026	-11.59919887321588	10.15797464951503
0.04000000000000	17.70584489627390	30.77304397934374	-11.53295588672648	10.35649068703304
0.05000000000000	17.14561444416375	31.32901976246103	-11.61012982460274	10.58728407218705
0.06000000000000	16.58926499015485	31.68362422525172	-11.71227737995111	10.76497421569438
0.07000000000000	15.97260488876283	31.67246453151210	-11.72337206611576	10.78540580073947
0.08000000000000	15.45478638079725	31.42516852248741	-11.71783471503213	10.71628990764172
0.09000000000000	14.93184850604202	30.89509360573713	-11.62538488081179	10.51473923394801
0.10000000000000	14.49281620517069	30.16450924940868	-11.49305523234626	10.23975115160001
0.11000000000000	14.12000900150757	29.25271657452314	-11.30798200692290	9.90156720635056
0.12000000000000	13.72843420359110	28.13303363962158	-11.03699706898264	9.49704613103302
0.13000000000000	13.38217579113984	26.90347595150517	-10.73947556200923	9.08505852303946
0.14000000000000	12.99022149982651	25.53491171954676	-10.38542172109088	8.66022197301199
0.15000000000000	12.58243863965814	24.08466234034976	-10.00930670431817	8.25512108672416
0.16000000000000	12.12852086332179	22.55065566520496	-9.60777357759869	7.86505500139781
0.17000000000000	11.62133854902353	20.95029442741659	-9.18812190548545	7.50868204159715
0.18000000000000	11.08250302052028	19.32314961058341	-8.76669423933409	7.17982631240620
0.19000000000000	10.51037911772244	17.68191665348007	-8.34337622096431	6.88245333666951
0.20000000000000	9.91787034210858	16.05312132964370	-7.92522431839658	6.60971874929838
0.21000000000000	9.31774945205258	14.47799150710816	-7.51614527653753	6.35547839462336
0.22000000000000	8.73198946866322	12.97128494845756	-7.12260149083549	6.11797997605611
0.23000000000000	8.15329464956559	11.56795678698353	-6.74161828273801	5.88246275555279
0.24000000000000	7.59244828518897	10.28914452391338	-6.37741484034988	5.64617765952768
0.25000000000000	7.06264475779421	9.16025187585212	-6.03684458159408	5.40501973931869
0.26000000000000	6.54267522117963	8.17806041857523	-5.70888253494687	5.14987426224953
0.27000000000000	6.06220336505726	7.36091829705540	-5.40912371695699	4.88313966901672
0.28000000000000	5.59574230048132	6.69329316427315	-5.12719599137138	4.60284416004753
0.29000000000000	5.14871246565794	6.16247673775334	-4.86356196597709	4.31096845144939
0.30000000000000	4.73596360592099	5.76046219179191	-4.62485215697998	4.01221604569047
0.31000000000000	4.33515330536842	5.45052123074990	-4.40002862160977	3.71162195801710
0.32000000000000	3.96913944741531	5.22235679367241	-4.19725321337749	3.41446946449156
0.33000000000000	3.62820294604629	5.04882189662851	-4.01142555166643	3.12805003407439
0.34000000000000	3.30526666156313	4.89985170369429	-3.83691900882455	2.85512648213173
0.35000000000000	3.02018766714111	4.77741101793524	-3.68230413331995	2.60082799115957
0.36000000000000	2.74884401095277	4.64966801667385	-3.53530120002811	2.36712856398907
0.37000000000000	2.50434266360500	4.52219056824159	-3.40139376052744	2.15577088103998
0.38000000000000	2.27908414337685	4.38517484821561	-3.27558460051063	1.96516638739498
0.39000000000000	2.06685760054785	4.23580514748025	-3.15486034444579	1.79597783866622
0.40000000000000	1.88159750546435	4.08669350515335	-3.04410480647663	1.64383866433516
0.41000000000000	1.70947783732687	3.92895976830421	-2.93676514533617	1.50839447487221
0.42000000000000	1.55667147861055	3.76869239441096	-2.83499611057685	1.38612736456099
0.43000000000000	1.42291676124028	3.60505079773641	-2.73779380021280	1.27358088123480
0.44000000000000	1.30332912011839	3.43491783950261	-2.64450978873079	1.17148765275046
0.45000000000000	1.20421514405875	3.26261353790497	-2.55820880652926	1.07790490171275
0.46000000000000	1.11655879973134	3.08027505358153	-2.47690982574030	0.99503538385598
0.47000000000000	1.03972522071142	2.88792712203196	-2.40262352680135	0.92574947205271
0.48000000000000	0.97312963346286	2.68535957977864	-2.33648827242221	0.87274526737374
0.49000000000000	0.90948985573521	2.46929555125989	-2.27886360570161	0.84199467621939
0.50000000000000	0.84899495089205	2.24052965906357	-2.23078231130477	0.83605755783266
0.51000000000000	0.78753437053511	1.99875532129414	-2.19243343729687	0.85864870468410
0.52000000000000	0.72359551861620	1.74551236301267	-2.16407677493027	0.91191653650955
0.53000000000000	0.65884362689249	1.48469051636658	-2.14574811121132	0.99438460384977
0.54000000000000	0.58877747113332	1.21377015014564	-2.13452700546407	1.10288268378125
0.55000000000000	0.51722499787191	0.93889934529661	-2.13047423358353	1.23322408469520
0.56000000000000	0.44374383218417	0.65935744146093	-2.13080736437004	1.37836554510287
0.57000000000000	0.36859780118960	0.37543648962987	-2.13307545176729	1.53133666703234
0.58000000000000	0.29577672236894	0.09102758358599	-2.13707802203268	1.68570700438264
0.59000000000000	0.22488437494299	-0.19630192543438	-2.13960797068272	1.83447052121088
0.60000000000000	0.15833504642808	-0.48617953396469	-2.13897393570763	1.97149440106630
0.61000000000000	0.09708241956785	-0.77830711056436	-2.13348352473684	2.09195691447629
0.62000000000000	0.04250849857446	-1.07187910615950	-2.12166631946006	2.19252782708704
0.63000000000000	-0.00306792728579	-1.36157772159316	-2.10381554184422	2.27196544583956
0.64000000000000	-0.03853989942809	-1.64406291493493	-2.07879829816555	2.32959844656646
0.65000000000000	-0.06293722306548	-1.91282517928090	-2.04654788672539	2.36622476453436
0.66000000000000	-0.07576062723183	-2.15957607484217	-2.00772203519861	2.38401179894650
0.67000000000000	-0.07746910841344	-2.37816545895267	-1.96145886097230	2.38451915471623
0.68000000000000	-0.06815556028053	-2.55890421408684	-1.90891737889941	2.37080623671198
0.69000000000000	-0.04890173078759	-2.69310399304188	-1.85049957640297	2.34518916755038
0.70000000000000	-0.02176609145991	-2.77392467667448	-1.78605248263639	2.30847040613480
0.71000000000000	0.01220682400241	-2.79046465155231	-1.71748184500645	2.26291828249314
0.72000000000000	0.05249625124250	-2.73618373595137	-1.64483057385481	2.20725680490975
0.73000000000000	0.09725001305486	-2.60300257551440	-1.56934993249898	2.14140498488048
0.74000000000000	0.14495616204898	-2.38530029940202	-1.49196251829153	2.06447791499134
0.75000000000000	0.19464265382028	-2.08156401096297	-1.41284513746650	1.97511173899398
0.76000000000000	0.24482229634839	-1.69051086121358	-1.33474172445061	1.87666681647259
0.77000000000000	0.29535668988804	-1.21904518179126	-1.25783848581533	1.76993859391338
0.78000000000000	0.34512888008840	-0.67800556898195	-1.18382715995701	1.65978860674193
0.79000000000000	0.39412704620300	-0.08316814498223	-1.11427865401787	1.55236080294429
0.80000000000000	0.44337409289507	0.54255896974144	-1.04923413859128	1.45205957114616
0.81000000000000	0.49235071820637	1.17570522404779	-0.99030966641508	1.36653653249300
0.82000000000000	0.54225027193631	1.78996336345388	-0.93705657509641	1.29925091679246
0.83000000000000	0.59331421794823	2.36174844919728	-0.88933112462478	1.25376131719922
0.84000000000000	0.64504806114530	2.87253016670603	-0.84721500168956	1.23271798428940
0.85000000000000	0.69760435621489	3.30977478122348	-0.80942430421758	1.23388839900966
0.86000000000000	0.75015703154001	3.67117351106923	-0.77638038590669	1.25705613837541
0.87000000000000	0.80230439867670	3.96065016510610	-0.74755027032721	1.29789609337193
0.88000000000000	0.85271187343934	4.18709771790267	-0.72209045275210	1.35094646832253
0.89000000000000	0.90002887474695	4.36481433119939	-0.70059019647960	1.41271805665450
0.90000000000000	0.94410471149194	4.50574701969380	-0.68195556926069	1.47541611408330
0.91000000000000	0.98388607952939	4.62082985258466	-0.66641033994062	1.53440782394547
0.92000000000000	1.01894895648200	4.71616404017643	-0.65359549649187	1.58387805558003
0.93000000000000	1.04989977513537	4.79374130457658	-0.64294087467375	1.61793861498515
0.94000000000000	1.07618474176835	4.85193437277546	-0.63521209120437	1.63340403956443
0.95000000000000	1.09879866693092	4.88486324511688	-0.62938835336023	1.62405775495113
0.96000000000000	1.11766120356592	4.88607163414967	-0.62555118587564	1.58645882593123
0.97000000000000	1.13363013383380	4.84930605344641	-0.62396210059285	1.51770086881228
0.98000000000000	1.14730351037735	4.76777385042611	-0.62360574596035	1.41405606870592
0.99000000000000	1.15910196146820	4.63842413944624	-0.62472179009479	1.27594102017914
1.00000000000000	1.16916824217617	4.45992875619441	-0.62583149147521	1.10316499066806
1.01000000000000	1.17836095834354	4.23686387192338	-0.62664044875018	0.89936135211843
1.02000000000000	1.18601553192097	3.97592121992835	-0.62668289091927	0.67112561575670
1.03000000000000	1.19248054883277	3.68917524828534	-0.62491153513232	0.42581176292490
1.04000000000000	1.19643902257174	3.38958502036643	-0.62096147826224	0.17402901601030
1.05000000000000	1.19798356843287	3.09192784853534	-0.61422369833111	-0.07351675213807
1.06000000000000	1.19730354896491	2.81029405577898	-0.60475148128626	-0.30561320840485
1.07000000000000	1.19443208339216	2.55633301313040	-0.59305249300467	-0.51120211670794
1.08000000000000	1.19019137387015	2.33881570116684	-0.57887970010183	-0.68340665383190
1.09000000000000	1.18564608548340	2.16241962304435	-0.56308168201191	-0.81671037712412
1.10000000000000	1.18123889500901	2.02756664755800	-0.54552737206687	-0.91038264264354
1.11000000000000	1.17808301738795	1.93211424008804	-0.52610473170032	-0.96776672052221
1.12000000000000	1.17615324802398	1.86997742690714	-0.50486837060788	-0.99444446655573
1.13000000000000	1.17662605893622	1.83410485773969	-0.48155215441848	-0.99981631112368
1.14000000000000	1.17967765603092	1.81547620758225	-0.45609098002048	-0.99402852282175
1.15000000000000	1.18557699826685	1.80503004727818	-0.42882326990146	-0.98755502963248
1.16000000000000	1.19448792484100	1.79403141842963	-0.40003104016749	-0.99072945714756
1.17000000000000	1.20667549893348	1.77466629092379	-0.37134322392194	-1.01099346930189
1.18000000000000	1.22186641676824	1.73986430753285	-0.34409746736261	-1.05428810237410
1.19000000000000	1.23988126652601	1.68456414480915	-0.32025448500772	-1.12312225923337
1.20000000000000	1.25998765802074	1.60461617311649	-0.30220899860402	-1.21650369397055
1.21000000000000	1.28192330112932	1.49978322113246	-0.29221298138952	-1.33013259498599
1.22000000000000	1.30441386224544	1.36984697908086	-0.29238905890413	-1.45649935713147
1.23000000000000	1.32669285995699	1.21817190450926	-0.30422795016607	-1.58564461428319
1.24000000000000	1.34709949786712	1.04843542392932	-0.32872789836439	-1.70550962344055
1.25000000000000	1.36504938414506	0.86662670961531	-0.36641844289686	-1.80335833234072
1.26000000000000	1.37935255752675	0.67855967431787	-0.41704265885837	-1.86636003254056
1.27000000000000	1.38932592384736	0.48999168459231	-0.47975999725264	-1.88317289872723
1.28000000000000	1.39433723224205	0.30618566432723	-0.55335083146316	-1.84465432952958
1.29000000000000	1.39393326724441	0.13121771395352	-0.63610842194289	-1.74454092801503
1.30000000000000	1.38798978702452	-0.03243213640943	-0.72566296218242	-1.58103302925955
1.31000000000000	1.37719708324477	-0.18107372456415	-0.82003527295828	-1.35507357974672
1.32000000000000	1.36133956926420	-0.31462620488952	-0.91669900446000	-1.07177494512408
1.33000000000000	1.34188703976649	-0.43025610895369	-1.01325760594380	-0.73937587887206
1.34000000000000	1.31931517932408	-0.52671452703938	-1.10747825521454	-0.36789892282170
1.35000000000000	1.29509958773455	-0.60079598972031	-1.19730399639048	0.03090864427075
1.36000000000000	1.27034621551795	-0.64949994885316	-1.28113379238820	0.44524070941803
1.37000000000000	1.24577368345639	-0.67020611860236	-1.35758266530622	0.86341446116330
1.38000000000000	1.22158113270445	-0.66243754082266	-1.42515408977862	1.27387248803641
1.39000000000000	1.19725003966845	-0.62830606082833	-1.48274632373151	1.66667002490344
1.40000000000000	1.17258775078068	-0.57247956451522	-1.52946392948919	2.03263820191779
1.41000000000000	1.14632565635945	-0.50427566026318	-1.56428032035349	2.36388052443108
1.42000000000000	1.11768008287066	-0.43441972755377	-1.58646441979396	2.65422452566309
1.43000000000000	1.08559744635503	-0.37606959209128	-1.59489205725360	2.89811056203829
1.44000000000000	1.04945150164353	-0.33968335272905	-1.58921456692755	3.09248433359966
1.45000000000000	1.00907445467699	-0.33398419722087	-1.56881992365281	3.23578104802795
1.46000000000000	0.96457621622254	-0.36361145281906	-1.53332395956514	3.32834596435536
1.47000000000000	0.91691941958598	-0.42762971283597	-1.48333938897044	3.37317505298231
1.48000000000000	0.86716973370497	-0.52231551946897	-1.41934477438562	3.37491164068321
1.49000000000000	0.81705005337179	-0.63898684802862	-1.34288111192714	3.34034601559504
1.50000000000000	0.76817892264831	-0.76804352605237	-1.25569034202028	3.27658984294285
1.51000000000000	0.72237980914232	-0.89887532209052	-1.15990513485244	3.19092919255990
1.52000000000000	0.68131940704625	-1.02110785233566	-1.05829325077923	3.08988892484697
1.53000000000000	0.64636423271512	-1.12575347462800	-0.95328614123929	2.97778776036518
1.54000000000000	0.61835539871975	-1.20532879386458	-0.84769397745577	2.85728158513146
1.55000000000000	0.59790726845793	-1.25403220057902	-0.74400538808469	2.72863930953112
1.56000000000000	0.58474680202257	-1.26783931066744	-0.64465836908404	2.59019928237299
1.57000000000000	0.57872465984030	-1.24419308495617	-0.55201458839579	2.43960864483608
1.58000000000000	0.57937216942668	-1.18292969355601	-0.46780247735059	2.27356635621527
1.59000000000000	0.58603805118388	-1.08530263480586	-0.39371259839313	2.08966776711017
1.60000000000000	0.59782430946685	-0.95465495157688	-0.33111045870458	1.88723252128887
1.61000000000000	0.61424411297596	-0.79666326504752	-0.28097967015133	1.66696300919817
1.62000000000000	0.63451022663530	-0.61854502087465	-0.24409930184690	1.43166993195482
1.63000000000000	0.65789926410300	-0.42869363531790	-0.22058730334897	1.18542479665073
1.64000000000000	0.68343687542063	-0.23671876601909	-0.21006259182566	0.93265301321399
1.65000000000000	0.70961012037148	-0.05137069308964	-0.21183822412815	0.67812137245641
1.66000000000000	0.73500094228777	0.11944923501167	-0.22445416320922	0.42554935958284
1.67000000000000	0.75810367025878	0.27033929922713	-0.24637391735039	0.17831883770989
1.68000000000000	0.77742729628104	0.39833651314951	-0.27579673961218	-0.06123566794836
1.69000000000000	0.79177676624898	0.50350118694753	-0.31102980154678	-0.29130822633863
1.70000000000000	0.80064680895404	0.58846780223319	-0.35028881410565	-0.51057870624922
1.71000000000000	0.80387848453904	0.65730209026442	-0.39213836472952	-0.71792238280688
1.72000000000000	0.80214244203458	0.71574575711770	-0.43531507273108	-0.91196303096065
1.73000000000000	0.79598170393381	0.76858536426093	-0.47875372949212	-1.09087342174053
1.74000000000000	0.78641273131855	0.82176692995345	-0.52189630919142	-1.25195340313042
1.75000000000000	0.77387138199006	0.87974441282649	-0.56464811256518	-1.39175765805991
1.76000000000000	0.75949917492087	0.94724785374363	-0.60716743516559	-1.50620350235091
1.77000000000000	0.74386635939881	1.02811255502056	-0.64973036388013	-1.59137252146073
1.78000000000000	0.72710819013955	1.12548924684433	-0.69267599437859	-1.64394157213296
1.79000000000000	0.70964459796850	1.24217023861499	-0.73638177645221	-1.66113531075699
1.80000000000000	0.69169783036127	1.37975644869323	-0.78078643987959	-1.64203761825272
1.81000000000000	0.67311821103006	1.53821061658169	-0.82586153869662	-1.58694844507472
1.82000000000000	0.65415118552174	1.71705994090482	-0.87126797554898	-1.49768697841446
1.83000000000000	0.63468137419250	1.91302407701327	-0.91643468878478	-1.37753533816994
1.84000000000000	0.61497332938496	2.12285466678718	-0.96052685974267	-1.23101976245313
1.85000000000000	0.59521527235979	2.34063490080823	-1.00266284325809	-1.06342357202027
1.86000000000000	0.57578263966152	2.56033461265115	-1.04182169451675	-0.88038208966121
1.87000000000000	0.55674032300372	2.77457591411614	-1.07689445172563	-0.68752531396761
1.88000000000000	0.53811969782813	2.97582156836121	-1.10682361253191	-0.49008579149305
1.89000000000000	0.51966827252187	3.15671229501806	-1.13065564827336	-0.29263952430020
1.90000000000000	0.50048271423427	3.31024406194570	-1.14754105441468	-0.09904526965592
1.91000000000000	0.48005148988388	3.43114532477042	-1.15682524135173	0.08765283204370
1.92000000000000	0.45774410442632	3.51522284252110	-1.15814033935449	0.26535688466902
1.93000000000000	0.43381039432443	3.56156206502645	-1.15148919712314	0.43287273697204
1.94000000000000	0.40877042756633	3.57119255124956	-1.13721166619206	0.58983851029346
1.95000000000000	0.38423259389727	3.54777335265250	-1.11613361587946	0.73680937849452
1.96000000000000	0.36215411556758	3.49642997111247	-1.08934242089333	0.87481717683929
1.97000000000000	0.34502556675429	3.42356934302264	-1.05831625104345	1.00521664159566
1.98000000000000	0.33517205309096	3.33586102975173	-1.02443808105627	1.12916155534314
1.99000000000000	0.33443831435447	3.23942025456570	-0.98913856801172	1.24730070303412
2.00000000000000	0.34431456762465	3.13954596765260	-0.95363042369322	1.35973773008605
2.01000000000000	0.36514005536551	3.03952914935254	-0.91886579835808	1.46584743530898
2.02000000000000	0.39613907190124	2.94147925936315	-0.88566827297155	1.56463546651917
2.03000000000000	0.43580431152415	2.84464923644155	-0.85464578072305	1.65487731422508
2.04000000000000	0.48221520159325	2.74702082051599	-0.82612693234691	1.73517823055022
2.05000000000000	0.53258978143928	2.64484891128809	-0.80032577539578	1.80436153965078
2.06000000000000	0.58423225495259	2.53445454691604	-0.77717636575019	1.86155916890376
2.07000000000000	0.63486586134263	2.41259820245500	-0.75665988963619	1.90630545025502
2.08000000000000	0.68253491226695	2.27693917136908	-0.73836686587443	1.93831157441184
2.09000000000000	0.72599303745450	2.12706397682694	-0.72187975849552	1.95783871816322
2.10000000000000	0.76439189428707	1.96424022528312	-0.70710765391335	1.96557126220982
2.11000000000000	0.79703254414565	1.79108887620709	-0.69361831165178	1.96191737254044
2.12000000000000	0.82435649154125	1.61196175041336	-0.68140383532969	1.94763081454059
2.13000000000000	0.84606329127246	1.43074485872020	-0.67053271932333	1.92295794925770
2.14000000000000	0.86188602295224	1.25198378325554	-0.66128993074284	1.88795473894646
2.15000000000000	0.87150999143995	1.07887545856192	-0.65425614766179	1.84252443099760
2.16000000000000	0.87504754393561	0.91443858459604	-0.64971476976725	1.78569306393713
2.17000000000000	0.87267263707139	0.76061809126328	-0.64810160145835	1.71664104589736
2.18000000000000	0.86502849874888	0.61865508988010	-0.64961335861780	1.63456345202026
2.19000000000000	0.85340274500162	0.48912649205571	-0.65404275128208	1.53871482737375
2.20000000000000	0.83941609884409	0.37181684201712	-0.66117496048235	1.42941248368447
2.21000000000000	0.82505647229042	0.26645075446203	-0.67031306610843	1.30763843791819
2.22000000000000	0.81288893218938	0.17159148710792	-0.68077931602577	1.17559593497363
2.23000000000000	0.80480409773676	0.08701961218665	-0.69187472257481	1.03660277942142
2.24000000000000	0.80197037717617	0.01144740483821	-0.70278015415660	0.89445084551121
2.25000000000000	0.80541114155867	-0.05461858079162	-0.71285805245857	0.75327912969612
2.26000000000000	0.81464404231859	-0.11110195400133	-0.72134998856512	0.61659066523826
2.27000000000000	0.82875917690145	-0.15744419799539	-0.72759187642328	0.48722382327358
2.28000000000000	0.84627634902571	-0.19319495931916	-0.73093878662172	0.36716987758539
2.29000000000000	0.86569083836896	-0.21803312612136	-0.73077480286605	0.25746733627094
2.30000000000000	0.88549664284647	-0.23299970393409	-0.72682988592891	0.15883764415241
2.31000000000000	0.90511117859032	-0.23913541839402	-0.71871298560572	0.07158007754605
2.32000000000000	0.92384309337689	-0.23915223847470	-0.70633571448927	-0.00395666761961
2.33000000000000	0.94135733348447	-0.23485295734956	-0.68991857099408	-0.06722192841490
2.34000000000000	0.95739488564557	-0.22889198446139	-0.66976948245433	-0.11751654213277
2.35000000000000	0.97198797414312	-0.22161268375494	-0.64633550118341	-0.15430530411080
2.36000000000000	0.98478181298883	-0.21287089207306	-0.62032205976631	-0.17731766867912
2.37000000000000	0.99567130507992	-0.19975965008535	-0.59241502594422	-0.18693554223680
2.38000000000000	1.00445405757730	-0.17867042086578	-0.56331859134927	-0.18454335332177
2.39000000000000	1.01113482152631	-0.14479995375142	-0.53362996692264	-0.17247583272501
2.40000000000000	1.01566937725738	-0.09340154574406	-0.50395003104178	-0.15380022670506
2.41000000000000	1.01882172343749	-0.02043156551486	-0.47477166000989	-0.13198160359195
2.42000000000000	1.02129887581238	0.07576609364980	-0.44641924723159	-0.11046689364624
2.43000000000000	1.02420024102929	0.19454232344218	-0.41934724641987	-0.09195999654613
2.44000000000000	1.02869181344583	0.33209449839794	-0.39400159181807	-0.07815887912085
2.45000000000000	1.03574470494390	0.48217087930495	-0.37096458060317	-0.06945916681922
2.46000000000000	1.04693877842077	0.63737167601381	-0.35085116059288	-0.06506797331746
2.47000000000000	1.06326806656696	0.78973834489307	-0.33449622721609	-0.06321230925470
2.48000000000000	1.08560649703122	0.93256472201641	-0.32293304991952	-0.06158188670606
2.49000000000000	1.11413461116031	1.06079835703082	-0.31724873804676	-0.05803199457547
2.50000000000000	1.14914294633782	1.17240841122873	-0.31822597639633	-0.05134230857334
2.51000000000000	1.19042614625855	1.26843872224063	-0.32671871095376	-0.04116119665178
2.52000000000000	1.23689022316213	1.35101244455650	-0.34327592577571	-0.02828182784015
2.53000000000000	1.28770037589762	1.42532733487204	-0.36847032857319	-0.01434338005839
2.54000000000000	1.34115363580392	1.49513823549661	-0.40223659513488	-0.00156794915914
2.55000000000000	1.39626334714081	1.56556022236193	-0.44433419474611	0.00764071213016
2.56000000000000	1.45087983642384	1.63844735599558	-0.49429174084388	0.01146050128660
2.57000000000000	1.50313933459405	1.71462810015304	-0.55142550020556	0.00890832788244
2.58000000000000	1.55183152517065	1.79268049882516	-0.61476716067103	0.00012931556949
2.59000000000000	1.59558151708939	1.86912242009252	-0.68331470611435	-0.01339020479938
2.60000000000000	1.63344686583163	1.93934477269114	-0.75603338519051	-0.02888456648528
2.61000000000000	1.66493339937236	1.99833301445981	-0.83187614886813	-0.04277905009188
2.62000000000000	1.68955505916016	2.04028486179598	-0.90942240946846	-0.05132545868194
2.63000000000000	1.70804261386953	2.06275047050570	-0.98727634066106	-0.05073237093210
2.64000000000000	1.72041221356299	2.06295194731941	-1.06376638697877	-0.03794780175590
2.65000000000000	1.72774109224967	2.04277584544914	-1.13707977697149	-0.01057956972692
2.66000000000000	1.73078828219958	2.00470086434532	-1.20538597151681	0.03271108629292
2.67000000000000	1.73078448602504	1.95471319268732	-1.26686347654247	0.09225465071752
2.68000000000000	1.72877700080648	1.89974065130033	-1.31989384444817	0.16764426196659
2.69000000000000	1.72501452909853	1.84720989433693	-1.36296114550009	0.25729957023283
2.70000000000000	1.72024761133776	1.80433715124187	-1.39505206777908	0.35934625624239
2.71000000000000	1.71444256272507	1.77642159916317	-1.41542637077907	0.47149317176694
2.72000000000000	1.70737187381437	1.76684207490257	-1.42369235314354	0.59125839481508
2.73000000000000	1.69839399384660	1.77601953758687	-1.41971350852689	0.71624706650641
2.74000000000000	1.68696266126256	1.80158861500299	-1.40374329264616	0.84434357248392
2.75000000000000	1.67257480866995	1.83979895098335	-1.37637011560089	0.97373787845916
2.76000000000000	1.65460060382854	1.88519143747337	-1.33816108802874	1.10281427510088
2.77000000000000	1.63251452685719	1.93230980440914	-1.28994953829390	1.23018911631785
2.78000000000000	1.60624329874326	1.97659898307647	-1.23291179281098	1.35490351178037
2.79000000000000	1.57523174049881	2.01469308231023	-1.16823753455420	1.47593146821917
2.80000000000000	1.53956584320931	2.04482324204011	-1.09736832793096	1.59244786853932
2.81000000000000	1.49939598414237	2.06675182062198	-1.02169427800391	1.70336440381680
2.82000000000000	1.45508632037761	2.08126920587778	-0.94277079928196	1.80749809524532
2.83000000000000	1.40754558206179	2.09009077732745	-0.86216823601985	1.90333719679185
2.84000000000000	1.35765080529116	2.09458220700709	-0.78125701068774	1.98909652870164
2.85000000000000	1.30681811875032	2.09602597624292	-0.70137981795011	2.06278795465825
2.86000000000000	1.25639758526920	2.09434298473723	-0.62387429208281	2.12236036791674
2.87000000000000	1.20817640421670	2.08854294477898	-0.54998061920954	2.16606780501086
2.88000000000000	1.16318605580458	2.07640806648212	-0.48086798015001	2.19225497761621
2.89000000000000	1.12244506937436	2.05477057546946	-0.41759111367543	2.19952440580421
2.90000000000000	1.08674577652466	2.02032303546672	-0.36120541439349	2.18719280494682
2.91000000000000	1.05632416505279	1.97005114436871	-0.31264492573620	2.15480411974940
2.92000000000000	1.03111432889690	1.90191740024794	-0.27268612432102	2.10213049163942
2.93000000000000	1.01087686037164	1.81524771385779	-0.24204294194029	2.02945863005018
2.94000000000000	0.99492139364633	1.71101515161682	-0.22105400298947	1.93698548789242
2.95000000000000	0.98266952211632	1.59215530181816	-0.20992696361273	1.82501434942109
2.96000000000000	0.97351055228756	1.46277701070149	-0.20865983480785	1.69413574023675
2.97000000000000	0.96635643901403	1.32820751684091	-0.21702717718891	1.54512978026683
2.98000000000000	0.96031311996768	1.19405739786994	-0.23450768454225	1.37891023298289
2.99000000000000	0.95436500892237	1.06573013032301	-0.26043181384568	1.19719924562204
3.00000000000000	0.94732220443203	0.94736969562293	-0.29391544170326	1.00221744580190
3.01000000000000	0.93791866873995	0.84102998248256	-0.33404330877229	0.79687594171044
3.02000000000000	0.92502589816113	0.74759514955596	-0.37961938684663	0.58471703895064
3.03000000000000	0.90714127712305	0.66493135963127	-0.42922865086836	0.36950458179073
3.04000000000000	0.88329251122911	0.59031561469876	-0.48155174047674	0.15541472717637
3.05000000000000	0.85272988870513	0.51964484500618	-0.53521565989016	-0.05342435123575
3.06000000000000	0.81458034337946	0.44845217459844	-0.58880977340646	-0.25325335094943
3.07000000000000	0.76830088331903	0.37319864944010	-0.64119644751276	-0.44060114342039
3.08000000000000	0.71403800940668	0.29157873536742	-0.69142192899052	-0.61277019808149
3.09000000000000	0.65265176972651	0.20337257184770	-0.73897438147508	-0.76766520604795
3.10000000000000	0.58547568447651	0.11092795922956	-0.78348813113665	-0.90421998399068
3.11000000000000	0.51422238983099	0.01764967030154	-0.82500828023665	-1.02212182301607
3.12000000000000	0.44166198607253	-0.07030400148297	-0.86372928999208	-1.12175578149480
3.13000000000000	0.37038745881418	-0.14765518566169	-0.90000003333364	-1.20397234615749
3.14000000000000	0.30344402133709	-0.20773014005686	-0.93409884021701	-1.26985395485820
3.15000000000000	0.24309703526217	-0.24649438708158	-0.96611780350948	-1.32021068657553
3.16000000000000	0.19204574277530	-0.26009207297247	-0.99614218155160	-1.35538893820658
3.17000000000000	0.15211933005837	-0.24831775728503	-1.02405348900245	-1.37494248331274
3.18000000000000	0.12492032384106	-0.21214819870565	-1.04944328174957	-1.37768816656710
3.19000000000000	0.11103844394649	-0.15535886129988	-1.07191970376317	-1.36190485263991
3.20000000000000	0.11051965371027	-0.08322092532843	-1.09115316456876	-1.32522890330977
3.21000000000000	0.12293619369769	-0.00168975557476	-1.10707614652116	-1.26520499648002
3.22000000000000	0.14666463620650	0.08256065807039	-1.11976583199817	-1.17993014504996
3.23000000000000	0.17980591428183	0.16388561235083	-1.12958316358218	-1.06814579397387
3.24000000000000	0.22031491681443	0.23778113798394	-1.13713288030146	-0.92987777871262
3.25000000000000	0.26571205352714	0.30038661422594	-1.14306003278347	-0.76640496191550
3.26000000000000	0.31419890324347	0.34974186310719	-1.14846528412845	-0.57967617192346
3.27000000000000	0.36374789251039	0.38449214649011	-1.15407267852206	-0.37296719899861
3.28000000000000	0.41293042861147	0.40461745588205	-1.16073445818123	-0.14971394743947
3.29000000000000	0.46074688028263	0.41084177044302	-1.16909719754466	0.08629624053736
3.30000000000000	0.50646460699691	0.40439148100364	-1.17960035639144	0.33116049390307
3.31000000000000	0.54958346294197	0.38695371560416	-1.19244573310194	0.58106338838927
3.32000000000000	0.58996614304843	0.36039720995515	-1.20751058581817	0.83196724990479
3.33000000000000	0.62750241641378	0.32645470574609	-1.22430251545901	1.07965450305888
3.34000000000000	0.66236759925706	0.28714040532745	-1.24204207533184	1.31980756355068
3.35000000000000	0.69480802928880	0.24412984149875	-1.25977731497492	1.54810776471049
3.36000000000000	0.72560307278552	0.19976076263330	-1.27639129754760	1.76067197743235
3.37000000000000	0.75555039248091	0.15706274742879	-1.29049197384455	1.95410876475719
3.38000000000000	0.78550278478491	0.11930763196264	-1.30089306965652	2.12628524960104
3.39000000000000	0.81629906480434	0.09023726816552	-1.30654966933717	2.27673771020872
3.40000000000000	0.84857729393557	0.07376359077333	-1.30655278964032	2.40640077334129
3.41000000000000	0.88228256536680	0.07286911577782	-1.30007543989065	2.51748217937797
3.42000000000000	0.91751829938965	0.09065406182610	-1.28663122597624	2.61355169874065
3.43000000000000	0.95343330156211	0.12786608209936	-1.26619325408916	2.69851696794888
3.44000000000000	0.98965996297026	0.18515053406371	-1.23858620103792	2.77585450916699
3.45000000000000	1.02474495302077	0.26005282629325	-1.20412403574642	2.84849944499334
3.46000000000000	1.05771514426000	0.34982506825884	-1.16336778589777	2.91779783595395
3.47000000000000	1.08693209702086	0.44885429323290	-1.11711674869029	2.98317964733488
3.48000000000000	1.11114279784035	0.55164025449862	-1.06631182290342	3.04203808084616
3.49000000000000	1.12867052433916	0.65127541886486	-1.01191189544289	3.08951136243076
3.50000000000000	1.13836465181754	0.74170372017379	-0.95506825901281	3.11919945199069
3.51000000000000	1.13938468036756	0.81765464374680	-0.89687646654458	3.12384827284220
3.52000000000000	1.13110623704240	0.87479328616868	-0.83845631933752	3.09605021404633
3.53000000000000	1.11363262493052	0.91135748994433	-0.78102479439970	3.02921378247896
3.54000000000000	1.08742458459928	0.92652722990162	-0.72556736705611	2.91848800060484
3.55000000000000	1.05339475759727	0.92106633438971	-0.67331955934990	2.76137186633928
3.56000000000000	1.01306253856723	0.89823893184763	-0.62537371158456	2.55785671859252
3.57000000000000	0.96807013020163	0.86130991247043	-0.58277787649535	2.31094346178427
3.58000000000000	0.92020984419203	0.81493114860155	-0.54643890649664	2.02580568507852
3.59000000000000	0.87177186454395	0.76406979132994	-0.51713459970303	1.70976454475083
3.60000000000000	0.82496598648884	0.71341474155512	-0.49549095103179	1.37189098295151
3.61000000000000	0.78211006970523	0.66792009249995	-0.48194419473905	1.02205542484898
3.62000000000000	0.74530679300285	0.63124190435612	-0.47673725417825	0.67050533889271
3.63000000000000	0.71667805169288	0.60717069799047	-0.47992239709585	0.32745638944087
3.64000000000000	0.69743421450672	0.59769099635092	-0.49132367604751	0.00247926935766
3.65000000000000	0.68848907803738	0.60483813627255	-0.51080682655201	-0.29562929578114
3.66000000000000	0.68972206026235	0.62880631217230	-0.53801557213427	-0.55959351936091
3.67000000000000	0.70063920640257	0.66953975618793	-0.57248581480880	-0.78334564780721
3.68000000000000	0.71996950997955	0.72585487898551	-0.61371063810630	-0.96240125568028
3.69000000000000	0.74597274136852	0.79579084779873	-0.66116199277401	-1.09407039206207
3.70000000000000	0.77665345965111	0.87628330183333	-0.71416977520905	-1.17706176619110
3.71000000000000	0.80996788827615	0.96315661294701	-0.77187873416172	-1.21187980551762
3.72000000000000	0.84404927470144	1.05145644654445	-0.83337139482460	-1.20082133522275
3.73000000000000	0.87634512460826	1.13511992120548	-0.89753150621023	-1.14759205981536
3.74000000000000	0.90504109761448	1.20791797300937	-0.96315169434926	-1.05743314519625
3.75000000000000	0.92832396984414	1.26371410754505	-1.02883620325743	-0.93698996246022
3.76000000000000	0.94467925586164	1.29728011410694	-1.09325518497290	-0.79384821968193
3.77000000000000	0.95273873964267	1.30479729921967	-1.15498672971051	-0.63626301006855
3.78000000000000	0.95180758903426	1.28466424564577	-1.21302013504925	-0.47237108045734
3.79000000000000	0.94140894032842	1.23714097546901	-1.26629322355780	-0.31006040648703
3.80000000000000	0.92159718621871	1.16506403816146	-1.31411755457804	-0.15614093627482
3.81000000000000	0.89280908913186	1.07304605338746	-1.35607344047078	-0.01594337029904
3.82000000000000	0.85585028653860	0.96685647696780	-1.39193694037556	0.10697353439269
3.83000000000000	0.81165019206250	0.85324859650103	-1.42171131132792	0.21095498427682
3.84000000000000	0.76151463174878	0.73741560754038	-1.44553448252148	0.29624020938212
3.85000000000000	0.70740940153298	0.62457547402801	-1.46359727802652	0.36474407295519
3.86000000000000	0.65135575961360	0.51779674743614	-1.47620097292945	0.41966481110454
3.87000000000000	0.59503728733188	0.41750632356950	-1.48368002041503	0.46504438084286
3.88000000000000	0.54048691019134	0.32339742331846	-1.48642332638791	0.50526227182096
3.89000000000000	0.48942545830479	0.23380575641547	-1.48476916972691	0.54437282582272
3.90000000000000	0.44336984395113	0.14673360822136	-1.47903040530765	0.58579833331842
3.91000000000000	0.40362156248146	0.06113094470500	-1.46962193906342	0.63204989779956
3.92000000000000	0.37048771566739	-0.02448464315450	-1.45683572550887	0.68454918984945
3.93000000000000	0.34468336600705	-0.10940551317013	-1.44089597790454	0.74372943611389
3.94000000000000	0.32574087235394	-0.19344575940248	-1.42198406031718	0.80901913649464
3.95000000000000	0.31282608532265	-0.27424071147262	-1.40040202488283	0.87937835479815
3.96000000000000	0.30440387627820	-0.35021814803925	-1.37634089653497	0.95337603736548
3.97000000000000	0.29923686322095	-0.41817476946149	-1.35000191267644	1.02923801858730
3.98000000000000	0.29549260715920	-0.47618733136094	-1.32164701355405	1.10524498544791
3.99000000000000	0.29165020083773	-0.52186604390433	-1.29162938367395	1.17964138181067
4.00000000000000	0.28647436149179	-0.55376424605552	-1.26026398930169	1.25070005930036
4.01000000000000	0.27931354268717	-0.57093003219549	-1.22784293894759	1.31666906534199
4.02000000000000	0.26987130923392	-0.57272403791368	-1.19462690123092	1.37566254738345
4.03000000000000	0.25826120722129	-0.55899681051318	-1.16083634826499	1.42583804472166
4.04000000000000	0.24494846120555	-0.52960151376171	-1.12658901535408	1.46522975458027
4.05000000000000	0.23073154205662	-0.48438899460544	-1.09183758540572	1.49189241907186
4.06000000000000	0.21650955887050	-0.42360468853592	-1.05647686876084	1.50424700252248
4.07000000000000	0.20298100788594	-0.34719839027512	-1.02042567823296	1.50117901825815
4.08000000000000	0.19086383620138	-0.25542038308286	-0.98356199295999	1.48243651317048
4.09000000000000	0.18065416525056	-0.14848884541753	-0.94583161329076	1.44886934505486
4.10000000000000	0.17257438182224	-0.02662857258744	-0.90727769710695	1.40233465968435
4.11000000000000	0.16656885047556	0.10950103715571	-0.86796089929394	1.34595350340210
4.12000000000000	0.16223396090696	0.25872180261570	-0.82816839235396	1.28410697771276
4.13000000000000	0.15931330515700	0.41903372456337	-0.78820816765283	1.22189053075797
4.14000000000000	0.15748592556752	0.58724721702777	-0.74853275179719	1.16510759988381
4.15000000000000	0.15657842091788	0.75887686371107	-0.70971355671668	1.11967943294088
4.16000000000000	0.15658243543020	0.92835024263153	-0.67242760885549	1.09128549908755
4.17000000000000	0.15768499994942	1.08934803576320	-0.63748178117719	1.08469674397082
4.18000000000000	0.16029578434518	1.23554161122519	-0.60580247376123	1.10334966759474
4.19000000000000	0.16450063022468	1.36093793931931	-0.57835500873515	1.14903694353470
4.20000000000000	0.17071502986234	1.46112317026853	-0.55600876708537	1.22109164001224
4.21000000000000	0.17924575564317	1.53353288894075	-0.53954332011083	1.31648362567353
4.22000000000000	0.19013011979169	1.57784846712473	-0.52966133415887	1.43011958299593
4.23000000000000	0.20354675755143	1.59614786241904	-0.52669923898264	1.55481917991916
4.24000000000000	0.21970927969178	1.59263490594618	-0.53086104781417	1.68221373124840
4.25000000000000	0.23909013892248	1.57346947163064	-0.54222055624379	1.80356320550344
4.26000000000000	0.26189804443636	1.54564597504855	-0.56068289030494	1.91057542846590
4.27000000000000	0.28896991665114	1.51670450421762	-0.58588997148273	1.99589920997725
4.28000000000000	0.32062705737135	1.49334528851393	-0.61742513550868	2.05363169575773
4.29000000000000	0.35754879994112	1.48143595509763	-0.65470812455425	2.07986640984300
4.30000000000000	0.39971447386066	1.48462338206600	-0.69714628002349	2.07263169324739
4.31000000000000	0.44696996085605	1.50474614752149	-0.74384835479325	2.03142895148761
4.32000000000000	0.49871507992554	1.54139778387244	-0.79401993674182	1.95778935404691
4.33000000000000	0.55396639107620	1.59219146232778	-0.84678323798539	1.85442202039350
4.34000000000000	0.61152766487118	1.65357302410904	-0.90120779147555	1.72499287149657
4.35000000000000	0.67022241444982	1.72105283105007	-0.95640619553539	1.57392077479150
4.36000000000000	0.72874156766562	1.78979381643048	-1.01140106156420	1.40598211174245
4.37000000000000	0.78621401166419	1.85596304878366	-1.06523642888274	1.22607127679986
4.38000000000000	0.84157190367003	1.91587344552397	-1.11683334116793	1.03891939988879
4.39000000000000	0.89472301509334	1.96763960115235	-1.16514534962580	0.84897036132544
4.40000000000000	0.94521560584655	2.00995099997526	-1.20905407763714	0.66003427299467
4.41000000000000	0.99269540625598	2.04216410581701	-1.24739111665561	0.47510075756118
4.42000000000000	1.03700713751600	2.06450941532801	-1.27899988961270	0.29618379427811
4.43000000000000	1.07742801981418	2.07634102942209	-1.30289559770742	0.12427075934941
4.44000000000000	1.11362197028302	2.07790609053217	-1.31814227179529	-0.04071968750142
4.45000000000000	1.14450556997631	2.06715547830412	-1.32411639485305	-0.19969811157326
4.46000000000000	1.16969124590746	2.04322704768265	-1.32046644182810	-0.35423814875346
4.47000000000000	1.18836350831962	2.00342514204169	-1.30727954244588	-0.50606255954605
4.48000000000000	1.20049617387385	1.94585622739542	-1.28505374423864	-0.65668450500914
4.49000000000000	1.20637835425770	1.86888980372593	-1.25467447476656	-0.80697970199014
4.50000000000000	1.20665335340711	1.77182420145448	-1.21752833008891	-0.95673876135908
4.51000000000000	1.20247500157871	1.65528150813067	-1.17530805907163	-1.10435692505432
4.52000000000000	1.19518873689561	1.52136679976011	-1.12995116407032	-1.24689340605609
4.53000000000000	1.18615086135220	1.37327467686947	-1.08353260139990	-1.37983905682889
4.54000000000000	1.17719528222330	1.21626051486084	-1.03808209354290	-1.49752401622095
4.55000000000000	1.16939000485270	1.05545412509325	-0.99548104278085	-1.59355008387029
4.56000000000000	1.16404318338650	0.89723237378529	-0.95734497856321	-1.66107480260558
4.57000000000000	1.16172821538939	0.74644656568374	-0.92495522812415	-1.69350411936466
4.58000000000000	1.16318466087167	0.60757294339297	-0.89921217593312	-1.68531351063120
4.59000000000000	1.16820904292922	0.48313906458341	-0.88057844658476	-1.63210749355477
4.60000000000000	1.17645238263167	0.37407388974049	-0.86917941210854	-1.53164213397432
4.61000000000000	1.18736006002837	0.27975756594424	-0.86477956681380	-1.38389286226342
4.62000000000000	1.20008748202996	0.19806677557334	-0.86683018785785	-1.19079513501699
4.63000000000000	1.21400426382429	0.12627922527203	-0.87449831418418	-0.95703557416326
4.64000000000000	1.22839522185363	0.06158860387683	-0.88666192585681	-0.68924804082909
4.65000000000000	1.24268481370688	0.00166381508004	-0.90191276343290	-0.39555763098363
4.66000000000000	1.25617240450487	-0.05542900285797	-0.91881976013429	-0.08546109332877
4.67000000000000	1.26823673138301	-0.11037061945250	-0.93553785317259	0.23112109317558
4.68000000000000	1.27811869981404	-0.16368057982482	-0.95028704338789	0.54462895321039
4.69000000000000	1.28496015565397	-0.21486761246527	-0.96128164835210	0.84652263713377
4.70000000000000	1.28779048203419	-0.26323553351431	-0.96693316436128	1.13019121776964
4.71000000000000	1.28556581124687	-0.30832950106430	-0.96594362321046	1.39104635232888
4.72000000000000	1.27761420869563	-0.34915442797580	-0.95740672503347	1.62712270344573
4.73000000000000	1.26325177860857	-0.38552635489482	-0.94092747123861	1.83867504780886
4.74000000000000	1.24251448947439	-0.41613672930865	-0.91667417668871	2.02763941603025
4.75000000000000	1.21553950438148	-0.44123177955843	-0.88516509543660	2.19721634183740
4.76000000000000	1.18343432215929	-0.45977573754290	-0.84744965199717	2.35098576773517
4.77000000000000	1.14700248313600	-0.47233447484620	-0.80489467934185	2.49228171274987
4.78000000000000	1.10776927048365	-0.47858548673706	-0.75920082213500	2.62383193681794
4.79000000000000	1.06693702776716	-0.47942927769432	-0.71214045000488	2.74714714096830
4.80000000000000	1.02572688889873	-0.47587695641660	-0.66558286600564	2.86261154841088
4.81000000000000	0.98524310777132	-0.46909611260240	-0.62145816148866	2.96965462807955
4.82000000000000	0.94644698309891	-0.46006728221416	-0.58164541261963	3.06684218575949
4.83000000000000	0.91010011084502	-0.44978507787780	-0.54782595474151	3.15201796078824
4.84000000000000	0.87730142349259	-0.43772444242954	-0.52157767472717	3.22284988776590
4.85000000000000	0.84844332948984	-0.42452720470683	-0.50417395790862	3.27660407714743
4.86000000000000	0.82475859816998	-0.40831691997202	-0.49692727140219	3.31060598008202
4.87000000000000	0.80654588178252	-0.38908143463263	-0.50055014500698	3.32196328987228
4.88000000000000	0.79454113857398	-0.36528822294746	-0.51554105318950	3.30762523017518
4.89000000000000	0.78869595491727	-0.33694727659634	-0.54210359192435	3.26447303162596
4.90000000000000	0.78896986993387	-0.30394310456873	-0.58016390634415	3.18971639040515
4.91000000000000	0.79493690111526	-0.26693053052572	-0.62923252497254	3.08068355281514
4.92000000000000	0.80593928455245	-0.22725672410669	-0.68858316021417	2.93526739445170
4.93000000000000	0.82136853090642	-0.18604988977156	-0.75716493655340	2.75244895205043
4.94000000000000	0.84026833715592	-0.14497661610038	-0.83375080303553	2.53213829067360
4.95000000000000	0.86195031693085	-0.10450741522620	-0.91663215740308	2.27557561641596
4.96000000000000	0.88564580114113	-0.06508048453102	-1.00416282315812	1.98583923648065
4.97000000000000	0.91068240537559	-0.02584493619004	-1.09424362861834	1.66721225975691
4.98000000000000	0.93638217266054	0.01454013162779	-1.18469957289961	1.32562921180407
4.99000000000000	0.96244124713792	0.05801968229802	-1.27343017566762	0.96856274412944
5.00000000000000	0.98865769049137	0.10651883407689	-1.35839244512696	0.60468126440391
5.01000000000000	1.01513088161253	0.16194574955412	-1.43771687858267	0.24324549662515
5.02000000000000	1.04166448015931	0.22551053469660	-1.50970310115795	-0.10629814401874
5.03000000000000	1.06883258170621	0.29722871602614	-1.57298856693118	-0.43471794545786
5.04000000000000	1.09645605805628	0.37644070819487	-1.62643162792164	-0.73416065438210
5.05000000000000	1.12419351022995	0.46092570165955	-1.66923962522071	-0.99806402599141
5.06000000000000	1.15151852038379	0.54820019239794	-1.70077441739785	-1.22156540112535
5.07000000000000	1.17744344722010	0.63464790766526	-1.72080380061161	-1.40197142494969
5.08000000000000	1.20116178660275	0.71736870174027	-1.72942751171504	-1.53818787350685
5.09000000000000	1.22128077020101	0.79321436589122	-1.72700719745627	-1.63074280083194
5.10000000000000	1.23643585651163	0.86026418766517	-1.71413975637968	-1.68163392139797
5.11000000000000	1.24552000853278	0.91741912053327	-1.69181233285363	-1.69359689861505
5.12000000000000	1.24748613346867	0.96467854597371	-1.66119430964266	-1.67000164042313
5.13000000000000	1.24146652039637	1.00277516419140	-1.62354654081615	-1.61442604085713
5.14000000000000	1.22688796409712	1.03307316940607	-1.58014921943477	-1.53047792219400
5.15000000000000	1.20306728598086	1.05676259855752	-1.53255253434721	-1.42146244182442
5.16000000000000	1.17081404014171	1.07612863916484	-1.48219093673398	-1.29050630459489
5.17000000000000	1.13048355540813	1.09174210062214	-1.43028970441583	-1.14087218995025
5.18000000000000	1.08339940871298	1.10539543529733	-1.37824024771537	-0.97574434718651
5.19000000000000	1.03103358760042	1.11757547835476	-1.32683875822867	-0.79873455092849
5.20000000000000	0.97529887833958	1.12924713099912	-1.27699873790756	-0.61361106210774
5.21000000000000	0.91801669492084	1.14123696103247	-1.22925827370601	-0.42429592734048
5.22000000000000	0.86074895373751	1.15430968212325	-1.18391885947563	-0.23449014983672
5.23000000000000	0.80527412900518	1.17003718576974	-1.14125893451360	-0.04718937914464
5.24000000000000	0.75218657138326	1.18968169921609	-1.10140006697995	0.13555684153846
5.25000000000000	0.70263836014336	1.21524526999854	-1.06447809769204	0.31302216297498
5.26000000000000	0.65687877571863	1.24764349249973	-1.03052925133619	0.48569027141998
5.27000000000000	0.61516191592345	1.28820454318020	-0.99962180459017	0.65494991878455
5.28000000000000	0.57716145564421	1.33665095860372	-0.97177694615049	0.82283745134554
5.29000000000000	0.54250987668370	1.39208972718964	-0.94691983601256	0.99133899610457
5.30000000000000	0.51066515887802	1.45207753196982	-0.92490351849089	1.16160834864998
5.31000000000000	0.48109913721892	1.51339506647115	-0.90554411765293	1.33380353239485
5.32000000000000	0.45340979289382	1.57200607179742	-0.88871705531157	1.50692208749456
5.33000000000000	0.42686789375797	1.62334914338930	-0.87416674672166	1.67835169082950
5.34000000000000	0.40122639638357	1.66276855583378	-0.86176358767118	1.84456502173470
5.35000000000000	0.37633649680070	1.68634618802301	-0.85144932945013	2.00122713670824
5.36000000000000	0.35196184886842	1.69081325718756	-0.84315835007371	2.14385010639820
5.37000000000000	0.32804955390679	1.67418272931786	-0.83681251288440	2.26809018757541
5.38000000000000	0.30479980982552	1.63554961871556	-0.83227580654510	2.37010277570005
5.39000000000000	0.28235628179812	1.57572901988315	-0.82931184375282	2.44713424005587
5.40000000000000	0.26092874279559	1.49670887532032	-0.82762671132285	2.49734973831784
5.41000000000000	0.24109578100013	1.40164917498140	-0.82685808528360	2.51994617724889
5.42000000000000	0.22378444177974	1.29456065404496	-0.82670790123701	2.51551277480967
5.43000000000000	0.20960705401471	1.17973957131609	-0.82669816191003	2.48512986806677
5.44000000000000	0.19940116303491	1.06178053645605	-0.82667517862890	2.43084840876889
5.45000000000000	0.19384129035256	0.94453795094357	-0.82650429472952	2.35546907879809
5.46000000000000	0.19375040984414	0.83153335548923	-0.82616912886524	2.26212260108862
5.47000000000000	0.19946434172936	0.72483702478681	-0.82575716594670	2.15437322326726
5.48000000000000	0.21067064413932	0.62555820521352	-0.82539479787474	2.03625492497122
5.49000000000000	0.22717127288723	0.53397268698345	-0.82521079499355	1.91196851398642
5.50000000000000	0.24859289644169	0.44925820561450	-0.82533698057131	1.78591712035337
5.51000000000000	0.27397772070345	0.37007743362721	-0.82582743089354	1.66256161344538
5.52000000000000	0.30239291691932	0.29502292450590	-0.82652170385391	1.54602552788601
5.53000000000000	0.33289547134468	0.22246130555970	-0.82713081505355	1.43996029215907
5.54000000000000	0.36454286173596	0.15144594003772	-0.82744446437258	1.34741730105811
5.55000000000000	0.39640695980222	0.08128976498010	-0.82713504629799	1.27056507330325
5.56000000000000	0.42747970223896	0.01172755650495	-0.82582377479137	1.21050801505987
5.57000000000000	0.45677135764865	-0.05706589132019	-0.82331967818260	1.16714671125898
5.58000000000000	0.48315009404844	-0.12491696040894	-0.81962054919129	1.13938032795594
5.59000000000000	0.50544943833164	-0.19159105396718	-0.81494029113691	1.12514491053135
5.60000000000000	0.52251235579666	-0.25689714056199	-0.80964116794376	1.12112579764629
5.61000000000000	0.53329494912091	-0.32088569237989	-0.80433299591339	1.12331774385756
5.62000000000000	0.53719766903779	-0.38401477084332	-0.79973439516902	1.12701832010238
5.63000000000000	0.53391269381129	-0.44645904268934	-0.79654818644959	1.12696405549558
5.64000000000000	0.52355898967085	-0.50859873502010	-0.79535969783925	1.11768364773490
5.65000000000000	0.50699534886643	-0.56964118141894	-0.79665427216502	1.09409976149490
5.66000000000000	0.48479376266625	-0.62966139171002	-0.80071858598247	1.05193759467589
5.67000000000000	0.45859399243458	-0.68671698779824	-0.80769208313767	0.98831141355437
5.68000000000000	0.42979050020990	-0.73998313693323	-0.81756002003556	0.90190454284349
5.69000000000000	0.40038077541981	-0.78699541377179	-0.83022607623189	0.79376300853536
5.70000000000000	0.37188229116401	-0.82622116533340	-0.84548656654822	0.66673593415078
5.71000000000000	0.34593214162560	-0.85589465781068	-0.86302096060303	0.52530037471902
5.72000000000000	0.32370432000434	-0.87494586206342	-0.88240561008396	0.37536790835699
5.73000000000000	0.30577387106464	-0.88305046559293	-0.90311123829220	0.22344486788583
5.74000000000000	0.29257188646862	-0.87996700456639	-0.92451518513819	0.07605160733728
5.75000000000000	0.28343717569194	-0.86721007535141	-0.94589042833791	-0.06089045631670
5.76000000000000	0.27808590163416	-0.84559903450521	-0.96643579655199	-0.18268723603060
5.77000000000000	0.27525981028324	-0.81794511061774	-0.98530022887256	-0.28610373903220
5.78000000000000	0.27406211498162	-0.78574252739100	-1.00161118482156	-0.36986021427792
5.79000000000000	0.27336749911755	-0.75103199401357	-1.01456243985135	-0.43436052652371
5.80000000000000	0.27220475555677	-0.71557456830878	-1.02348469652141	-0.48131114858367
5.81000000000000	0.26965718906948	-0.68043547627470	-1.02790167254986	-0.51387366764729
5.82000000000000	0.26520299978778	-0.64561100417918	-1.02750683500187	-0.53591351189925
5.83000000000000	0.25836864976588	-0.61096658058495	-1.02225850934867	-0.55149213394553
5.84000000000000	0.24906426896034	-0.57532979645219	-1.01238087984994	-0.56501731577625
5.85000000000000	0.23726150148358	-0.53783208751110	-0.99816757840240	-0.58039631322322
5.86000000000000	0.22330501394700	-0.49689867371834	-0.98005573987898	-0.60107924510182
5.87000000000000	0.20761853042868	-0.45172460574380	-0.95854776351543	-0.62955349229773
5.88000000000000	0.19108125209531	-0.40111934645477	-0.93426196676293	-0.66701066026580
5.89000000000000	0.17459385907089	-0.34493135704801	-0.90777767899627	-0.71336187744168
5.90000000000000	0.15914217180870	-0.28284906932982	-0.87962036193277	-0.76697325620855
5.91000000000000	0.14569294762331	-0.21516555514038	-0.85034744802524	-0.82471382047819
5.92000000000000	0.13522265317337	-0.14245632502166	-0.82054076291981	-0.88211737224284
5.93000000000000	0.12864218060880	-0.06507703911025	-0.79077349770640	-0.93347345602357
5.94000000000000	0.12656721375314	0.01639219162991	-0.76160323578482	-0.97253870277258
5.95000000000000	0.12949425095889	0.10175726391253	-0.73360254405611	-0.99266821791715
5.96000000000000	0.13763463010994	0.19050076285878	-0.70733741331970	-0.98740516296194
5.97000000000000	0.15116194727488	0.28275332789475	-0.68329171997408	-0.95122210944445
5.98000000000000	0.16959015047472	0.37767051667667	-0.66193569851202	-0.87950710420231
5.99000000000000	0.19218934127023	0.47507920384609	-0.64355062079896	-0.76937613854334
6.00000000000000	0.21781356544897	0.57365549954726	-0.62844364375789	-0.61972663319468
6.01000000000000	0.24517815374080	0.67237297039049	-0.61683712281238	-0.43118514767435
6.02000000000000	0.27282168363189	0.76979727189943	-0.60892944926394	-0.20656337955384
6.03000000000000	0.29923107402469	0.86439290118441	-0.60484945942470	0.04932761568104
6.04000000000000	0.32325064440284	0.95511367857763	-0.60456982210794	0.32985945226305
6.05000000000000	0.34362435385869	1.04044071830875	-0.60795469980771	0.62657502663959
6.06000000000000	0.35983151735631	1.12053636304883	-0.61465076833663	0.92986052621182
6.07000000000000	0.37128808694743	1.19497225923761	-0.62412702897448	1.22960858772494
6.08000000000000	0.37785883503948	1.26415538504415	-0.63567177241153	1.51589419956472
6.09000000000000	0.37967393932832	1.32936673332310	-0.64843237991520	1.77994721968256
6.10000000000000	0.37697190225355	1.39165450715791	-0.66153075923623	2.01477991499450
6.11000000000000	0.37037799395941	1.45210527126749	-0.67413364132761	2.21601242278173
6.12000000000000	0.36036022633271	1.51167257408769	-0.68540971841711	2.38178866881371
6.13000000000000	0.34738769547384	1.57052935020900	-0.69467947646657	2.51257877251960
6.14000000000000	0.33234614484244	1.62945641510272	-0.70141030857831	2.61128277671440
6.15000000000000	0.31581356003765	1.68780349670423	-0.70529864325177	2.68214133894910
6.16000000000000	0.29874432887957	1.74615131912833	-0.70622617693358	2.73005795320076
6.17000000000000	0.28188123242169	1.80367686627192	-0.70432136278941	2.76014858660990
6.18000000000000	0.26615121331246	1.86096774250788	-0.69998340110919	2.77683521968629
6.19000000000000	0.25265516817589	1.91718064330322	-0.69385404741579	2.78343215740825
6.20000000000000	0.24223052618062	1.97227766052604	-0.68660703443466	2.78190491494406
6.21000000000000	0.23556496858738	2.02518939229519	-0.67905493580849	2.77278196906364
6.22000000000000	0.23336112356300	2.07486607871748	-0.67204217639207	2.75537500042102
6.23000000000000	0.23613730721178	2.11994069771002	-0.66631217138317	2.72809219089494
6.24000000000000	0.24376410348091	2.15885854092073	-0.66254997935287	2.68876209555252
6.25000000000000	0.25602222141121	2.19027847159668	-0.66129551074501	2.63496836833824
6.26000000000000	0.27233383703435	2.21283449470956	-0.66296663174382	2.56437258952431
6.27000000000000	0.29169512485781	2.22520186796865	-0.66777579670933	2.47476281675682
6.28000000000000	0.31320878862197	2.22708906211015	-0.67587499471752	2.36424502637779
6.29000000000000	0.33552724791639	2.21778342623795	-0.68720187463982	2.23118772633532
6.30000000000000	0.35748868980415	2.19707992236627	-0.70162771752740	2.07456253596803
6.31000000000000	0.37802659334200	2.16470441779813	-0.71897314883764	1.89390755832181
6.32000000000000	0.39614458693606	2.12016517187933	-0.73896356610340	1.68963449529242
6.33000000000000	0.41114178785832	2.06282954706774	-0.76132661765204	1.46328129018395
6.34000000000000	0.42259832236443	1.99174912686206	-0.78579612037916	1.21751250152371
6.35000000000000	0.43038064006780	1.90575824784304	-0.81210652805328	0.95621792655212
6.36000000000000	0.43440696233752	1.80418927888113	-0.83968149660849	0.68396688824762
6.37000000000000	0.43478459866591	1.68656871009577	-0.86793384119759	0.40597656300062
6.38000000000000	0.43201186361820	1.55349144691951	-0.89607261600143	0.12756271248218
6.39000000000000	0.42641507528887	1.40602964422871	-0.92316829741695	-0.14612901112660
6.40000000000000	0.41854294841654	1.24666931840422	-0.94799454413751	-0.41079306133355
6.41000000000000	0.40912653451300	1.07851415955535	-0.96940821938226	-0.66266207667732
6.42000000000000	0.39895522701191	0.90508663900718	-0.98635011650106	-0.89867921416241
6.43000000000000	0.38896977182980	0.73005502392222	-0.99801020794778	-1.11650725315722
6.44000000000000	0.37997662657471	0.55702492553425	-1.00378107714765	-1.31427130771861
6.45000000000000	0.37246274620900	0.38873740192182	-1.00334384297388	-1.49044998398622
6.46000000000000	0.36735966588282	0.22773058091284	-0.99686689698749	-1.64369569870288
6.47000000000000	0.36462038312572	0.07447087299662	-0.98467822503432	-1.77283575459833
6.48000000000000	0.36408479530635	-0.07016545608046	-0.96732743140582	-1.87674504123807
6.49000000000000	0.36498673131512	-0.20718826824085	-0.94555964732373	-1.95443232300071
6.50000000000000	0.36681458027293	-0.33703204632429	-0.92028069121413	-2.00463177654087
6.51000000000000	0.36848049926501	-0.46123601084116	-0.89248967550321	-2.02623743554599
6.52000000000000	0.36947763510933	-0.58047838689521	-0.86335998276610	-2.01805513751059
6.53000000000000	0.36939345206958	-0.69541406167661	-0.83412936016320	-1.97877502996366
6.54000000000000	0.36803051087356	-0.80628266424177	-0.80608049389938	-1.90742194042846
6.55000000000000	0.36543601626335	-0.91225484314148	-0.78036583965292	-1.80344003004346
6.56000000000000	0.36232784638018	-1.01252252135806	-0.75836141839279	-1.66624939542992
6.57000000000000	0.35917244247151	-1.10485739034579	-0.74104725256828	-1.49640122311575
6.58000000000000	0.35667828499760	-1.18660493213032	-0.72926857548810	-1.29508021085295
6.59000000000000	0.35520458853391	-1.25567426321559	-0.72338271538597	-1.06432772871064
6.60000000000000	0.35527821763247	-1.30954483683120	-0.72357399084114	-0.80722222527537
6.61000000000000	0.35720540128224	-1.34658301139749	-0.72960164848565	-0.52767582714487
6.62000000000000	0.36117063901337	-1.36605303062810	-0.74082804322914	-0.23031796809179
6.63000000000000	0.36708765064662	-1.36805798453883	-0.75612175021524	0.07923904156000
6.64000000000000	0.37499842271828	-1.35389971424620	-0.77421872283087	0.39523829215847
6.65000000000000	0.38501425997200	-1.32525054235248	-0.79351728135264	0.71163205529588
6.66000000000000	0.39683601550783	-1.28509440279131	-0.81254898809260	1.02257771106831
6.67000000000000	0.40999421177325	-1.23598307281265	-0.82935904616773	1.32221470794812
6.68000000000000	0.42403504914408	-1.18126135696664	-0.84265285897397	1.60558346192776
6.69000000000000	0.43831774490135	-1.12351144731219	-0.85118970466313	1.86824980685649
6.70000000000000	0.45177597322485	-1.06564178055070	-0.85407145727552	2.10637946849176
6.71000000000000	0.46324282481709	-1.00951085462229	-0.85075656469178	2.31650419807667
6.72000000000000	0.47131609373889	-0.95663540309407	-0.84119425785760	2.49610537726515
6.73000000000000	0.47472312151296	-0.90783551230144	-0.82565979809292	2.64297462660109
6.74000000000000	0.47211715222812	-0.86324702338945	-0.80475891103440	2.75532721965026
6.75000000000000	0.46236753601128	-0.82286185607897	-0.77931835796370	2.83227309315595
6.76000000000000	0.44517660576380	-0.78612083727839	-0.75041630704990	2.87343118600857
6.77000000000000	0.42079055466846	-0.75221804969249	-0.71916836761985	2.87908159338022
6.78000000000000	0.38986919397144	-0.72077103716721	-0.68674308193876	2.85067706160764
6.79000000000000	0.35368199768621	-0.69083186734258	-0.65431826928183	2.79034124735230
6.80000000000000	0.31397051292468	-0.66189579209525	-0.62297693066760	2.70101335818810
6.81000000000000	0.27265942521147	-0.63310853263602	-0.59375467605233	2.58671350973880
6.82000000000000	0.23165881556369	-0.60332708290865	-0.56762077999421	2.45196270039629
6.83000000000000	0.19276798313801	-0.57124207799960	-0.54547533100345	2.30169952655472
6.84000000000000	0.15748003889864	-0.53525550445406	-0.52809853607235	2.14132650297743
6.85000000000000	0.12687553228910	-0.49371965654410	-0.51622770170912	1.97612561463884
6.86000000000000	0.10169706414710	-0.44508740241513	-0.51058222578123	1.81120138132759
6.87000000000000	0.08242693911275	-0.38777309491543	-0.51180029302619	1.65142524958318
6.88000000000000	0.06912389372305	-0.32143161664473	-0.52037651548992	1.50094054786714
6.89000000000000	0.06203915891039	-0.24561405981431	-0.53670510038610	1.36294614565938
6.90000000000000	0.06102653240941	-0.16121816461571	-0.56087739559046	1.23975436214172
6.91000000000000	0.06606785382353	-0.06978785493783	-0.59288922037565	1.13258683314143
6.92000000000000	0.07714728667479	0.02675161912239	-0.63230947911332	1.04150765140139
6.93000000000000	0.09403408689948	0.12585072489255	-0.67846386364417	0.96563564347635
6.94000000000000	0.11613650335765	0.22415558641217	-0.73044964193853	0.90328032113232
6.95000000000000	0.14325633225436	0.31921903421648	-0.78709173126724	0.85193980032558
6.96000000000000	0.17424617118497	0.40734596731423	-0.84690160670922	0.80849602375325
6.97000000000000	0.20854562696904	0.48672412725149	-0.90826034267360	0.76947242228151
6.98000000000000	0.24491870633321	0.55445168643443	-0.96936662122270	0.73111715321259
6.99000000000000	0.28284473897798	0.61011511677314	-1.02835500783099	0.68972941329866
7.00000000000000	0.32122212774965	0.65254082628385	-1.08343117454915	0.64193562148698
7.01000000000000	0.35969557200116	0.68277358094062	-1.13292085834442	0.58502632022451
7.02000000000000	0.39756338839707	0.70156750491424	-1.17531772455710	0.51704824864653
7.03000000000000	0.43444195985056	0.71066854016374	-1.20939921890999	0.43699917712726
7.04000000000000	0.46999777948253	0.71211362548582	-1.23424084271013	0.34497618511580
7.05000000000000	0.50375440560550	0.70758693840423	-1.24924661457879	0.24224431390643
7.06000000000000	0.53569477049099	0.69916610229804	-1.25412519157222	0.13115838677273
7.07000000000000	0.56563912267234	0.68824556337410	-1.24894293976881	0.01521428657318
7.08000000000000	0.59342732658696	0.67528175541779	-1.23415332279064	-0.10124575563217
7.09000000000000	0.61945534395736	0.66183337012151	-1.21053024930716	-0.21319684363508
7.10000000000000	0.64378350549595	0.64781374936803	-1.17908440492757	-0.31539834043191
7.11000000000000	0.66693798172542	0.63387172631987	-1.14104816626615	-0.40294174897945
7.12000000000000	0.68925193738264	0.62004546453034	-1.09777567301918	-0.47175926033871
7.13000000000000	0.71104289932757	0.60624456768057	-1.05062787462576	-0.51891217435247
7.14000000000000	0.73257787784427	0.59288876399368	-1.00090892290011	-0.54301577183234
7.15000000000000	0.75379593761107	0.58014642729430	-0.94973246086533	-0.54453376465249
7.16000000000000	0.77450449175347	0.56853340284596	-0.89807373524138	-0.52536045646721
7.17000000000000	0.79414929663442	0.55831548637227	-0.84668847816481	-0.48868462254043
7.18000000000000	0.81196815977821	0.54977411758444	-0.79604455867150	-0.43884312110681
7.19000000000000	0.82705165385035	0.54279083050487	-0.74631842209404	-0.38061614070132
7.20000000000000	0.83839081646343	0.53683577267188	-0.69756055281347	-0.31870409112590
7.21000000000000	0.84492194792378	0.53068965408443	-0.64977150026335	-0.25725376949850
7.22000000000000	0.84600162550711	0.52298488364932	-0.60274464983047	-0.19974206892396
7.23000000000000	0.84117419637071	0.51205739844721	-0.55630544270723	-0.14860073447146
7.24000000000000	0.83034165912614	0.49611410976172	-0.51047832166353	-0.10493801990739
7.25000000000000	0.81402753476382	0.47403361358149	-0.46542052290664	-0.06893999130035
7.26000000000000	0.79278603611134	0.44451245252262	-0.42145736110759	-0.04000014082650
7.27000000000000	0.76790479539653	0.40767310588519	-0.37908101667192	-0.01670857438567
7.28000000000000	0.74043425263852	0.36336629006487	-0.33905216476875	0.00277824777937
7.29000000000000	0.71194182431698	0.31275011357657	-0.30227111769231	0.02053171782810
7.30000000000000	0.68354955157307	0.25644659472683	-0.26974366484089	0.03874945026009
7.31000000000000	0.65658082697946	0.19594886873715	-0.24258179004190	0.05960985563624
7.32000000000000	0.63204920569130	0.13209218161568	-0.22155853381456	0.08491567512692
7.33000000000000	0.61076964803579	0.06557154852567	-0.20756061460186	0.11650370022997
7.34000000000000	0.59325460426060	-0.00337758462843	-0.20122546185626	0.15594688141155
7.35000000000000	0.57961756242201	-0.07480402662794	-0.20297497885156	0.20465668193270
7.36000000000000	0.56979796063320	-0.14867965161410	-0.21292379352988	0.26363549289978
7.37000000000000	0.56311024752391	-0.22557377937041	-0.23085304572343	0.33349231643098
7.38000000000000	0.55876273973646	-0.30513739169246	-0.25625238561889	0.41426730273613
7.39000000000000	0.55563474886530	-0.38670559951138	-0.28826490445352	0.50519806366462
7.40000000000000	0.55212941461030	-0.46987302755177	-0.32568756700324	0.60487497567564
7.41000000000000	0.54691142189670	-0.55311744211449	-0.36684569754504	0.71084282736995
7.42000000000000	0.53845353046249	-0.63543588983321	-0.41000701662193	0.82028717397113
7.43000000000000	0.52553571749174	-0.71548952709824	-0.45328897746500	0.92997921227431
7.44000000000000	0.50730024107919	-0.79199408120434	-0.49471657345128	1.03637140561035
7.45000000000000	0.48316343734225	-0.86456213277077	-0.53241620547317	1.13605638623309
7.46000000000000	0.45334316154231	-0.93205320145709	-0.56476585225016	1.22608036334165
7.47000000000000	0.41786197488006	-0.99488427184163	-0.59049940070027	1.30410446662602
7.48000000000000	0.37784437489127	-1.05222587201842	-0.60878251654497	1.36865197572009
7.49000000000000	0.33433739131642	-1.10503745542080	-0.61929770168574	1.41911137792869
7.50000000000000	0.28888656546017	-1.15251695279203	-0.62212829188124	1.45585061377615
7.51000000000000	0.24293382119372	-1.19456360091457	-0.61787687381409	1.48002147281181
7.52000000000000	0.19799972712732	-1.23077705324325	-0.60757551787108	1.49329050398950
7.53000000000000	0.15577747250759	-1.26050117160331	-0.59250062607947	1.49786171759314
7.54000000000000	0.11777904002450	-1.28286461231462	-0.57416334840802	1.49586202646052
7.55000000000000	0.08528926262604	-1.29682815806413	-0.55425608666420	1.48925460197036
7.56000000000000	0.05960367314060	-1.30097871256589	-0.53448833597591	1.47973156124451
7.57000000000000	0.04173529786505	-1.29453800950210	-0.51646980956973	1.46824835791895
7.58000000000000	0.03254874158557	-1.27607888258803	-0.50166169303789	1.45536354055617
7.59000000000000	0.03228534455261	-1.24530579011153	-0.49146502453228	1.44063809376544
7.60000000000000	0.04063419136016	-1.20105951721906	-0.48696187542647	1.42376457209703
7.61000000000000	0.05710929670724	-1.14374998296700	-0.48877948073971	1.40348948416559
7.62000000000000	0.08061186832016	-1.07387018012251	-0.49728754383167	1.37849502812676
7.63000000000000	0.10960530323138	-0.99246644453119	-0.51245166160944	1.34753948799932
7.64000000000000	0.14214018276856	-0.90132721089069	-0.53384028666530	1.30946998232220
7.65000000000000	0.17620199006332	-0.80255686351363	-0.56063547988242	1.26334126217049
7.66000000000000	0.20968117353014	-0.69844431132229	-0.59175805270785	1.20874557984068
7.67000000000000	0.24037048078881	-0.59161408080543	-0.62593796323145	1.14570670940021
7.68000000000000	0.26662196944597	-0.48401634439062	-0.66175922097543	1.07457480166884
7.69000000000000	0.28689912033695	-0.37767272402697	-0.69770180243148	0.99581985556589
7.70000000000000	0.29990177838179	-0.27363758660102	-0.73237514251726	0.91001972178414
7.71000000000000	0.30520122014379	-0.17253293905934	-0.76437830664199	0.81758685986457
7.72000000000000	0.30262341719334	-0.07452792665053	-0.79250185043664	0.71846219641147
7.73000000000000	0.29254684635199	0.02102564990325	-0.81566171641592	0.61226125321267
7.74000000000000	0.27559494232063	0.11517657326784	-0.83298421510289	0.49821064041882
7.75000000000000	0.25255641147788	0.20895307918010	-0.84378195939714	0.37518386796468
7.76000000000000	0.22468451942386	0.30414152381190	-0.84754221546973	0.24200999507223
7.77000000000000	0.19299916231504	0.40170189852212	-0.84393670112266	0.09763006165204
7.78000000000000	0.15873074786026	0.50346522134190	-0.83289017059760	-0.05841888494077
7.79000000000000	0.12281267998396	0.60987736785978	-0.81445674077439	-0.22599234792050
7.80000000000000	0.08672499579432	0.72174933685148	-0.78881922476824	-0.40415364004454
7.81000000000000	0.05129917041260	0.83863392393221	-0.75647363860960	-0.59069411395644
7.82000000000000	0.01770930503965	0.96051818879437	-0.71799863760696	-0.78266538367690
7.83000000000000	-0.01328130315434	1.08633964054128	-0.67409510465316	-0.97620992318757
7.84000000000000	-0.04091068228784	1.21511127301212	-0.62558729508244	-1.16637052356634
7.85000000000000	-0.06480925603958	1.34583635559549	-0.57373260923332	-1.34754657729456
7.86000000000000	-0.08488280107270	1.47718342809968	-0.51959752391573	-1.51376616899787
7.87000000000000	-0.10104633442438	1.60781838722273	-0.46451965334718	-1.65857388642286
7.88000000000000	-0.11398157599188	1.73633031718199	-0.40974569734541	-1.77608111637083
7.89000000000000	-0.12456712472113	1.86078173765264	-0.35668409645444	-1.86041591264660
7.90000000000000	-0.13361735263879	1.97968067011969	-0.30662666659015	-1.90669334760628
7.91000000000000	-0.14232782500846	2.09062579340669	-0.26076113723478	-1.91126687679772
7.92000000000000	-0.15170959787358	2.19139404099780	-0.22016036568028	-1.87152206631936
7.93000000000000	-0.16280187103866	2.27975743849325	-0.18574056284476	-1.78668115587148
7.94000000000000	-0.17632192341518	2.35351486281657	-0.15819833004788	-1.65761971321331
7.95000000000000	-0.19257544582014	2.41083777125744	-0.13800416533904	-1.48662926441195
7.96000000000000	-0.21155759724829	2.45013751456270	-0.12542779829724	-1.27785903349945
7.97000000000000	-0.23286241588213	2.47137078188501	-0.12038431633753	-1.03692303167959
7.98000000000000	-0.25613873371782	2.47464479876756	-0.12272277942058	-0.77057384519981
7.99000000000000	-0.28026735930052	2.46174110899416	-0.13173251414317	-0.48639691764023
8.00000000000000	-0.30436853877175	2.43447248186639	-0.14716944459982	-0.19232599565279
8.01000000000000	-0.32736508120602	2.39576635003931	-0.16803774937775	0.10352858950994
8.02000000000000	-0.34803897048703	2.34866504076500	-0.19355765768660	0.39367817956550
8.03000000000000	-0.36529322991300	2.29596138847260	-0.22292674670408	0.67165659136823
8.04000000000000	-0.37820538648541	2.23994292210965	-0.25536332696820	0.93217744175730
8.05000000000000	-0.38601391966266	2.18248128254932	-0.28996536804825	1.17144847844198
8.06000000000000	-0.38843439030168	2.12411509493226	-0.32591033518610	1.38720242948220
8.07000000000000	-0.38528276156063	2.06523593551770	-0.36249030870252	1.57857280663373
8.08000000000000	-0.37694859917528	2.00477052741104	-0.39900911930667	1.74606942373353
8.09000000000000	-0.36391605018317	1.94228172821675	-0.43480548044728	1.89108150724800
8.10000000000000	-0.34730778068419	1.87610895162280	-0.46940362725245	2.01556374747344
8.11000000000000	-0.32812693683643	1.80555240762700	-0.50246734099840	2.12192423673134
8.12000000000000	-0.30782214849571	1.72948310302207	-0.53382790103689	2.21234677696511
8.13000000000000	-0.28793508021001	1.64763469426121	-0.56353874550869	2.28858452265515
8.14000000000000	-0.26996902659440	1.55995670546430	-0.59176439402228	2.35183360150167
8.15000000000000	-0.25539278756436	1.46675236194462	-0.61875727779176	2.40242460317449
8.16000000000000	-0.24531703725330	1.36895397901309	-0.64477309573938	2.43974747461011
8.17000000000000	-0.24056342674465	1.26753269499692	-0.67016494106014	2.46285845093650
8.18000000000000	-0.24160687881265	1.16356280201058	-0.69509638551680	2.47024672274227
8.19000000000000	-0.24819801221175	1.05857509139087	-0.71968236787811	2.46041793927714
8.20000000000000	-0.25957265003235	0.95390704266052	-0.74395773849005	2.43224798107221
8.21000000000000	-0.27486887983729	0.85058549612737	-0.76782912160769	2.38508546795125
8.22000000000000	-0.29264173368358	0.74991325606729	-0.79109898150671	2.31893125148899
8.23000000000000	-0.31143238341081	0.65256921364318	-0.81347158332875	2.23445859444977
8.24000000000000	-0.32955064728388	0.55922713882833	-0.83453372307359	2.13278805203724
8.25000000000000	-0.34573678418304	0.47063381782290	-0.85374119020939	2.01534177769992
8.26000000000000	-0.35908324186654	0.38637469215582	-0.87053656923109	1.88369187021789
8.27000000000000	-0.36853711790388	0.30714513764447	-0.88419002504298	1.73927109984236
8.28000000000000	-0.37407132424870	0.23169029050743	-0.89391438007968	1.58316824419560
8.29000000000000	-0.37526283324304	0.16051580364827	-0.89895994866966	1.41616870253583
8.30000000000000	-0.37273990417089	0.09197996953380	-0.89855068524001	1.23883758469763
8.31000000000000	-0.36652938663032	0.02617025602959	-0.89199066585843	1.05136712625481
8.32000000000000	-0.35717303574097	-0.03767881150686	-0.87867309371822	0.85389099143419
8.33000000000000	-0.34524235533592	-0.09999515838155	-0.85836182578589	0.64701335441532
8.34000000000000	-0.33142194104427	-0.16084241318525	-0.83102229912280	0.43157512782441
8.35000000000000	-0.31620908118631	-0.22030635156994	-0.79700180410654	0.20915518667889
8.36000000000000	-0.30018824209125	-0.27829392175784	-0.75692490353462	-0.01787729141956
8.37000000000000	-0.28390582717613	-0.33358430331241	-0.71187857749034	-0.24632104437503
8.38000000000000	-0.26827862895040	-0.38637965910904	-0.66315392813043	-0.47221870480234
8.39000000000000	-0.25345922776132	-0.43507037527245	-0.61226737238566	-0.69090825797892
8.40000000000000	-0.24024338376892	-0.47960497698888	-0.56080282303478	-0.89746223951120
8.41000000000000	-0.22876503476567	-0.51826296015913	-0.51034766772004	-1.08662094968042
8.42000000000000	-0.21950027839742	-0.55055611488319	-0.46230614611489	-1.25344466295515
8.43000000000000	-0.21249860747373	-0.57503313011054	-0.41787256457212	-1.39346022094360
8.44000000000000	-0.20792811509412	-0.59043518885454	-0.37796218489900	-1.50276093320326
8.45000000000000	-0.20539802845094	-0.59609487735622	-0.34316867138141	-1.57848784607597
8.46000000000000	-0.20474408434656	-0.59097525001496	-0.31380785525518	-1.61884111600837
8.47000000000000	-0.20561945524862	-0.57491911192059	-0.28994780376922	-1.62298564203433
8.48000000000000	-0.20742811482202	-0.54832018357678	-0.27143250978593	-1.59159807842695
8.49000000000000	-0.20963210323705	-0.51208459827262	-0.25792186886916	-1.52639604007208
8.50000000000000	-0.21170820161087	-0.46805193088193	-0.24898429660366	-1.43005084545534
8.51000000000000	-0.21309645334651	-0.41853399046601	-0.24410865448206	-1.30657366342486
8.52000000000000	-0.21325635775964	-0.36605311058066	-0.24278836818882	-1.16062216027736
8.53000000000000	-0.21175385461255	-0.31328914351593	-0.24454250723069	-0.99731679211722
8.54000000000000	-0.20802325321167	-0.26287921960726	-0.24904628063257	-0.82222460768975
8.55000000000000	-0.20152075849519	-0.21711082510110	-0.25613480288129	-0.64078162367002
8.56000000000000	-0.19217250828164	-0.17796572257308	-0.26579099968108	-0.45819751916794
8.57000000000000	-0.17943299589963	-0.14629392875764	-0.27820104173026	-0.27903248886424
8.58000000000000	-0.16341356364722	-0.12335030034476	-0.29367256698447	-0.10710610124163
8.59000000000000	-0.14380635486402	-0.10863857506739	-0.31257645559369	0.05456915602180
8.60000000000000	-0.12086635055738	-0.10229962905261	-0.33513121461272	0.20411399335307
8.61000000000000	-0.09450301851502	-0.10296249669319	-0.36152501747486	0.34066953770423
8.62000000000000	-0.06514820606651	-0.11004222773086	-0.39178488908015	0.46432469438524
8.63000000000000	-0.03312436549065	-0.12201788920424	-0.42568131936464	0.57632676137480
8.64000000000000	0.00155907157364	-0.13801577545754	-0.46264620516297	0.67856434835793
8.65000000000000	0.03839714506672	-0.15682950582937	-0.50210822156564	0.77348702998859
8.66000000000000	0.07708121302146	-0.17744025885360	-0.54326098556531	0.86381571394568
8.67000000000000	0.11738570838271	-0.19882098663987	-0.58513053867906	0.95186205193434
8.68000000000000	0.15881963066269	-0.22055370310484	-0.62653284015825	1.03932960009953
8.69000000000000	0.20155387838656	-0.24123192527168	-0.66634427186392	1.12708167212290
8.70000000000000	0.24522227374908	-0.26053896093376	-0.70339373982925	1.21487898212702
8.71000000000000	0.28992295702451	-0.27697571357920	-0.73647716110416	1.30136506604519
8.72000000000000	0.33513421538491	-0.28980058131061	-0.76446713253879	1.38426739339648
8.73000000000000	0.38101876714907	-0.29804431136839	-0.78632939329168	1.46061263935822
8.74000000000000	0.42709568256904	-0.30080354897894	-0.80136943700549	1.52725877848965
8.75000000000000	0.47293738999837	-0.29749143820487	-0.80907608740454	1.58125786638556
8.76000000000000	0.51802546251284	-0.28767793035882	-0.80917631848996	1.62011276993944
8.77000000000000	0.56169180682078	-0.27186451772599	-0.80190575632709	1.64222103800743
8.78000000000000	0.60347363930964	-0.25038252852441	-0.78777591593375	1.64717673861690
8.79000000000000	0.64249168983001	-0.22485536133578	-0.76756792181100	1.63558553416058
8.80000000000000	0.67816226603423	-0.19625999606411	-0.74227684586236	1.60878528227928
8.81000000000000	0.70973108976119	-0.16669890172531	-0.71316252271683	1.56916424016750
8.82000000000000	0.73665011691651	-0.13796889311797	-0.68139753575490	1.51947648496366
8.83000000000000	0.75839972792614	-0.11174289249862	-0.64805112194080	1.46242908122178
8.84000000000000	0.77441835383190	-0.08921770376143	-0.61422141741475	1.40079010684840
8.85000000000000	0.78435334711230	-0.07145816782849	-0.58069229775161	1.33670083568513
8.86000000000000	0.78804602621356	-0.05903066606416	-0.54797532663432	1.27160674568527
8.87000000000000	0.78543651029342	-0.05238155017312	-0.51630944725080	1.20606672910143
8.88000000000000	0.77680176835641	-0.05120138724357	-0.48576153799458	1.13980046921437
8.89000000000000	0.76284631216928	-0.05550207091761	-0.45617780958079	1.07197649752059
8.90000000000000	0.74443171908130	-0.06473743855480	-0.42740327827667	1.00122390526452
8.91000000000000	0.72262691235991	-0.07878108800986	-0.39937535882147	0.92602852934060
8.92000000000000	0.69861346062999	-0.09717142384964	-0.37191837639184	0.84515400654781
8.93000000000000	0.67356941305657	-0.11981405663706	-0.34517669080832	0.75776900143879
8.94000000000000	0.64868013067779	-0.14653696143379	-0.31940262702296	0.66361457744178
8.95000000000000	0.62495873062344	-0.17719149596787	-0.29495833613957	0.56333373861691
8.96000000000000	0.60301655985998	-0.21154715003256	-0.27230331843815	0.45828374628681
8.97000000000000	0.58344128806748	-0.24918167756727	-0.25195407722925	0.35065887320395
8.98000000000000	0.56652029338937	-0.28956986703904	-0.23436224545906	0.24312442355365
8.99000000000000	0.55221877115816	-0.33176711304097	-0.21996478848637	0.13883422317325
9.00000000000000	0.54006377690123	-0.37461507019739	-0.20920034670356	0.04137327871298
9.01000000000000	0.52963993197104	-0.41673510624935	-0.20224388296136	-0.04595436429780
9.02000000000000	0.51987060090300	-0.45689090975254	-0.19895282278687	-0.12008538306156
9.03000000000000	0.50981533343037	-0.49378219030015	-0.19908660370970	-0.17843622721722
9.04000000000000	0.49816237619102	-0.52657889011704	-0.20215529663404	-0.21922251293969
9.05000000000000	0.48359516660981	-0.55492549736709	-0.20729061076620	-0.24163405187906
9.06000000000000	0.46482527212541	-0.57901470507219	-0.21340018486354	-0.24622411882771
9.07000000000000	0.44046841107796	-0.59981557590938	-0.21903881687078	-0.23483027533849
9.08000000000000	0.40975907623105	-0.61824283540892	-0.22311337995186	-0.21028261050781
9.09000000000000	0.37189994377705	-0.63639271185699	-0.22419022394691	-0.17700385752252
9.10000000000000	0.32712287614563	-0.65563570775724	-0.22108150934256	-0.14023302181629
9.11000000000000	0.27551612313882	-0.67788737829478	-0.21292262653505	-0.10594216689596
9.12000000000000	0.21833074722519	-0.70381179144536	-0.19929353420579	-0.08024530240354
9.13000000000000	0.15706785196423	-0.73385404532657	-0.18007178268348	-0.06911202869753
9.14000000000000	0.09352366012986	-0.76769386073769	-0.15555894857973	-0.07795284243594
9.15000000000000	0.02978106784799	-0.80408685193783	-0.12649078453218	-0.11071387444976
9.16000000000000	-0.03188101800906	-0.84113626419615	-0.09400596226507	-0.16986299338676
9.17000000000000	-0.08954941224322	-0.87675770876126	-0.05948325977914	-0.25611566665225
9.18000000000000	-0.14135297229581	-0.90807618489818	-0.02454923992976	-0.36791950301587
9.19000000000000	-0.18617731866628	-0.93345938760058	0.00911293965868	-0.50197997170588
9.20000000000000	-0.22279618731190	-0.95033313836950	0.03968379353310	-0.65300486325355
9.21000000000000	-0.25099322578742	-0.95818890395656	0.06554362002326	-0.81437857035825
9.22000000000000	-0.27043418998386	-0.95620182949077	0.08514546813694	-0.97842330799136
9.23000000000000	-0.28152247238609	-0.94526777611166	0.09724581632618	-1.13692009119924
9.24000000000000	-0.28465888639396	-0.92634579653798	0.10094168868767	-1.28175262223735
9.25000000000000	-0.28063782548217	-0.90119062719892	0.09569481908260	-1.40524017497297
9.26000000000000	-0.27038207683052	-0.87157042936254	0.08141695403720	-1.50058573740593
9.27000000000000	-0.25498909157279	-0.83898261692629	0.05840930716922	-1.56242683396206
9.28000000000000	-0.23571651259933	-0.80495445114911	0.02744228821788	-1.58661749567374
9.29000000000000	-0.21380381936427	-0.76999022377079	-0.01039396442767	-1.57064323355319
9.30000000000000	-0.19095416963157	-0.73475357740612	-0.05385497328483	-1.51355840635635
9.31000000000000	-0.16856095543270	-0.69903658337767	-0.10141251572244	-1.41573649537369
9.32000000000000	-0.14800482916061	-0.66247700357878	-0.15150615044079	-1.27892865730818
9.33000000000000	-0.13066513649150	-0.62486967436288	-0.20262396803717	-1.10621582226372
9.34000000000000	-0.11750798299621	-0.58570993517926	-0.25334585441780	-0.90148098776270
9.35000000000000	-0.10911123078714	-0.54455871571074	-0.30238945820322	-0.66951069368660
9.36000000000000	-0.10563331970868	-0.50130258645227	-0.34866549105051	-0.41581466830917
9.37000000000000	-0.10656168412713	-0.45563844506244	-0.39129264821515	-0.14616692291578
9.38000000000000	-0.11118415060800	-0.40805383481455	-0.42958555605068	0.13339988522350
9.39000000000000	-0.11816459203797	-0.35834230152828	-0.46306306329177	0.41677909396168
9.40000000000000	-0.12612749003582	-0.30705408441587	-0.49139445461413	0.69791600133978
9.41000000000000	-0.13341174665840	-0.25425011332110	-0.51431535496299	0.97089957593461
9.42000000000000	-0.13876133924613	-0.20052603178385	-0.53166443544080	1.23020279887031
9.43000000000000	-0.14080025198097	-0.14579612739606	-0.54330979275144	1.47056769117536
9.44000000000000	-0.13866741291676	-0.09031454399486	-0.54923337442302	1.68749775982088
9.45000000000000	-0.13184027708911	-0.03407307625514	-0.54948778654449	1.87747887843681
9.46000000000000	-0.12020569394058	0.02294354220800	-0.54423085578344	2.03789435859600
9.47000000000000	-0.10399439498975	0.08047436986796	-0.53373013754608	2.16748718770387
9.48000000000000	-0.08362341999878	0.13822377634556	-0.51835286326114	2.26621981896009
9.49000000000000	-0.05980267320088	0.19547656815550	-0.49864083651026	2.33515746822365
9.50000000000000	-0.03304545921758	0.25168029732805	-0.47512155185133	2.37637697477346
9.51000000000000	-0.00434827073713	0.30528993327135	-0.44843755835404	2.39261245379946
9.52000000000000	0.02579506290488	0.35557519936096	-0.41929074998993	2.38692171133055
9.53000000000000	0.05640930307770	0.40101020881770	-0.38845842223902	2.36260114132578
9.54000000000000	0.08680077552229	0.44113184929235	-0.35680856558439	2.32253909841078
9.55000000000000	0.11605823385427	0.47523906066161	-0.32525161683819	2.26918689832870
9.56000000000000	0.14342651407190	0.50334927097177	-0.29472788028685	2.20441415692601
9.57000000000000	0.16831651531965	0.52613446529765	-0.26617472451269	2.12914083053202
9.58000000000000	0.19009869042561	0.54430920574410	-0.24046735611015	2.04361454205885
9.59000000000000	0.20908235903375	0.56023058884725	-0.21839872506891	1.94733576117143
9.60000000000000	0.22495063121881	0.57467810664604	-0.20057110612820	1.83919911907557
9.61000000000000	0.23865074761513	0.59037927755926	-0.18742016757065	1.71776220074987
9.62000000000000	0.25076797490530	0.60838987947452	-0.17907849750596	1.58125839648435
9.63000000000000	0.26234017098552	0.63009341096162	-0.17551889262278	1.42813425237350
9.64000000000000	0.27449118893168	0.65627874929325	-0.17653817964021	1.25723371497461
9.65000000000000	0.28835647255682	0.68727575829342	-0.18181668309182	1.06782967757807
9.66000000000000	0.30462243034966	0.72283483037515	-0.19085595141621	0.86019093349084
9.67000000000000	0.32394347465396	0.76242567173359	-0.20324609010452	0.63550121933409
9.68000000000000	0.34635315724799	0.80445488636466	-0.21849594483406	0.39566438470780
9.69000000000000	0.37186678021292	0.84795538168028	-0.23602020006534	0.14374127484695
9.70000000000000	0.39978456593597	0.89053003241699	-0.25521985812444	-0.11665907378338
9.71000000000000	0.42970869786709	0.93079152034719	-0.27549164072235	-0.38126265932069
9.72000000000000	0.46042316030564	0.96619167082626	-0.29620610108761	-0.64495241128037
9.73000000000000	0.49104409142042	0.99540917820441	-0.31677332296144	-0.90244453889918
9.74000000000000	0.52047355542133	1.01664131260664	-0.33677765470795	-1.14802593557630
9.75000000000000	0.54752388176139	1.02890967427725	-0.35585683169328	-1.37588782893566
9.76000000000000	0.57096376925828	1.03167535178519	-0.37369679144465	-1.58091387604824
9.77000000000000	0.58961008930735	1.02487737271906	-0.39011415786264	-1.75841279301426
9.78000000000000	0.60265068263945	1.00903782665971	-0.40496084912317	-1.90480589397934
9.79000000000000	0.60945527357494	0.98494161350200	-0.41808127198406	-2.01786152593250
9.80000000000000	0.60964765845227	0.95370719472453	-0.42931310135548	-2.09632112944191
9.81000000000000	0.60311108637578	0.91651017539524	-0.43849265502426	-2.14038032531208
9.82000000000000	0.59043593140113	0.87471636741920	-0.44552902434544	-2.15119748108224
9.83000000000000	0.57223998982745	0.82934314143218	-0.45028445882233	-2.13053741649084
9.84000000000000	0.54951745647794	0.78150321653819	-0.45258646340094	-2.08107088452389
9.85000000000000	0.52314294627987	0.73185137334512	-0.45242249243606	-2.00568384226045
9.86000000000000	0.49468539889928	0.68098337042520	-0.44970834870900	-1.90688948025683
9.87000000000000	0.46519955304713	0.62948369243359	-0.44451733878218	-1.78746469252151
9.88000000000000	0.43564956942768	0.57744652641362	-0.43698080145287	-1.64968129526782
9.89000000000000	0.40690892529615	0.52547330101790	-0.42728655436930	-1.49533215208772
9.90000000000000	0.37965533256742	0.47365830755843	-0.41572880365594	-1.32605668741541
9.91000000000000	0.35439623055435	0.42273145166462	-0.40259858332551	-1.14322162908752
9.92000000000000	0.33125447357166	0.37332537370359	-0.38822137792753	-0.94802323062424
9.93000000000000	0.30992920038152	0.32601024021180	-0.37297627166149	-0.74175624217620
9.94000000000000	0.29026734003496	0.28154676266289	-0.35714278373049	-0.52589161879778
9.95000000000000	0.27197691958409	0.24046820595145	-0.34106349624169	-0.30212957627671
9.96000000000000	0.25410516479508	0.20319287652887	-0.32487551878141	-0.07241489357348
9.97000000000000	0.23616404043325	0.17023535419946	-0.30909290595647	0.16105100495017
9.98000000000000	0.21746241258751	0.14115807654816	-0.29383053751206	0.39582441012342
9.99000000000000	0.19763498879586	0.11627032911857	-0.27943795355534	0.62948720729234
10.00000000000000	0.17573062995670	0.09470919530906	-0.26631984459128	0.85979373240767
