# Waketime [ns]	 	DipolX [V/pC/mm]	  	DipolY [V/pC/mm]	 	QuadX [V/pC/mm]	 	QuadY [V/pC/mm]
0.00000000000000	0.00000000000000	0.00000000000000	0.00000000000000	0.00000000000000
0.01000000000000	9.30200249630288	7.98402861357963	-7.00493041809586	2.38302964168094
0.02000000000000	10.23345502412053	8.74478166536164	-7.68234421865734	2.74832553490561
0.03000000000000	11.12855781595135	9.47036257086085	-8.33057712958493	3.12728274555398
0.04000000000000	11.85750271228057	10.06843667881948	-8.85711826434212	3.49714339890793
0.05000000000000	12.50811743245210	10.61452905774731	-9.32953823838296	3.84651319146588
0.06000000000000	13.02151918777084	11.06961107868933	-9.70717171631653	4.15989420553131
0.07000000000000	13.35942676744537	11.41836021432288	-9.96916737083280	4.40715679040606
0.08000000000000	13.60911874335789	11.71407264578551	-10.17361111074472	4.62008882248721
0.09000000000000	13.63654830208406	11.87924454789533	-10.23734805817017	4.73835162667765
0.10000000000000	13.56068091172745	11.98185004955200	-10.23773044974651	4.81292966437083
0.11000000000000	13.36120553361105	12.00958686505623	-10.16230102661335	4.83523330160565
0.12000000000000	13.00326578280518	11.93236625053016	-9.99181060593352	4.79778913906454
0.13000000000000	12.58282370925924	11.81093311480083	-9.78402052535761	4.73906777541570
0.14000000000000	12.03975231271672	11.59576552649457	-9.50353235021083	4.64428444113923
0.15000000000000	11.44007369784998	11.32758632524241	-9.18934512431625	4.53967436055221
0.16000000000000	10.79367545348622	11.01565505509886	-8.84734506444135	4.42695397247472
0.17000000000000	10.09452465207654	10.63556035871315	-8.47261188293073	4.31528103738481
0.18000000000000	9.38538836059888	10.23485492077434	-8.09088571286527	4.20705442233330
0.19000000000000	8.66341879062614	9.79737233276724	-7.69910846724760	4.10759229836470
0.20000000000000	7.95074501166927	9.34211746650116	-7.30954248260845	4.01837569633971
0.21000000000000	7.24346730401021	8.87685017698121	-6.92129239082849	3.93498183949054
0.22000000000000	6.57415676297839	8.40409369439537	-6.54898518272996	3.86675656920623
0.23000000000000	5.92462929594787	7.93455380013439	-6.18559403292794	3.80305998762579
0.24000000000000	5.30895308039764	7.47051788064932	-5.83745934587728	3.74711254453520
0.25000000000000	4.73884936006913	7.02156180679552	-5.51038904800188	3.69748323803210
0.26000000000000	4.19167656654138	6.58085297064858	-5.19396163506535	3.65065399233211
0.27000000000000	3.70331058802594	6.16572442815987	-4.90512247224732	3.60845901405934
0.28000000000000	3.24458907721671	5.76568597125038	-4.63034486459675	3.56734571575023
0.29000000000000	2.82046455194541	5.38325860716683	-4.37197798914722	3.52749480698478
0.30000000000000	2.44653097796331	5.02926237206112	-4.13761667207348	3.48781204982860
0.31000000000000	2.09379397622642	4.68776844533711	-3.91341938714663	3.44790416413796
0.32000000000000	1.78628138748983	4.37400588697271	-3.71096335160410	3.40688410670104
0.33000000000000	1.50650689780404	4.07836152828009	-3.52189689547042	3.36449121826565
0.34000000000000	1.24905795008683	3.79729995070835	-3.34360729958538	3.32099338042418
0.35000000000000	1.03218175358046	3.54416097108663	-3.18491154973082	3.27448717768313
0.36000000000000	0.82979637433720	3.30133063335042	-3.03318929773128	3.22662688480297
0.37000000000000	0.65504755591948	3.07837338996923	-2.89475118757709	3.17600704808870
0.38000000000000	0.50183927002176	2.87147099382130	-2.76655398242440	3.12271378428728
0.39000000000000	0.36071089087544	2.67357921412447	-2.64409802732407	3.06791367064197
0.40000000000000	0.24781384492349	2.49737359474931	-2.53489654237860	3.00891801346699
0.41000000000000	0.14402940074897	2.32838150264354	-2.42989379381821	2.94836928933450
0.42000000000000	0.05542863639065	2.17140879765454	-2.33188710088065	2.88523280025936
0.43000000000000	-0.01787946877333	2.02686287470020	-2.24075068730653	2.81927332984374
0.44000000000000	-0.08397182344825	1.88821632875660	-2.15283109181007	2.75197251590301
0.45000000000000	-0.13427576840722	1.76271026459684	-2.07178888063109	2.68167630316110
0.46000000000000	-0.17757087038712	1.64319141619971	-1.99369095450073	2.61005979221679
0.47000000000000	-0.21288791033094	1.53048772672687	-1.91894446438341	2.53694040540603
0.48000000000000	-0.23765766916361	1.42700330989289	-1.84849785203550	2.46196312873655
0.49000000000000	-0.25819694642365	1.32728146963983	-1.77976576664823	2.38628761902487
0.50000000000000	-0.27013093186796	1.23534694470550	-1.71450027612607	2.30928885227908
0.51000000000000	-0.27703874459058	1.14817969671246	-1.65128831612573	2.23163486302066
0.52000000000000	-0.28000170459225	1.06475410394195	-1.58968809450271	2.15346661441326
0.53000000000000	-0.27609402921886	0.98825267140301	-1.53103840561462	2.07459947848116
0.54000000000000	-0.26988041775320	0.91423749047378	-1.47345845319178	1.99553106918554
0.55000000000000	-0.25936784728132	0.84495482081968	-1.41792048502016	1.91610739459367
0.56000000000000	-0.24578296602633	0.77950875948159	-1.36414233528939	1.83656072675017
0.57000000000000	-0.23050340723950	0.71619233740250	-1.31134447782459	1.75695002320698
0.58000000000000	-0.21170373452393	0.65804197673107	-1.26111463254985	1.67741760043190
0.59000000000000	-0.19189514672248	0.60171100789654	-1.21184110954836	1.59797275545493
0.60000000000000	-0.17044929324801	0.54833254501815	-1.16411950469364	1.51867003157868
0.61000000000000	-0.14759709587633	0.49820733689880	-1.11819925446071	1.43966868925577
0.62000000000000	-0.12412297917377	0.44964372116647	-1.07314664076571	1.36083444491690
0.63000000000000	-0.09949813560841	0.40473993906194	-1.03014461524596	1.28252134925823
0.64000000000000	-0.07447421725382	0.36170686464797	-0.98816856139306	1.20459988478887
0.65000000000000	-0.04900722177485	0.32075076378989	-0.94733160373992	1.12711323310611
0.66000000000000	-0.02312094542103	0.28303490061172	-0.90821429891867	1.05063404302788
0.67000000000000	0.00288915755047	0.24672817261666	-0.86982758303732	0.97468645477407
0.68000000000000	0.02906812140004	0.21350973534413	-0.83301179219525	0.90006770561199
0.69000000000000	0.05521795746995	0.18251009547515	-0.79728251699572	0.82667908621038
0.70000000000000	0.08134550223129	0.15320848745610	-0.76238474545828	0.75423187746191
0.71000000000000	0.10718283076602	0.12754863806763	-0.72929921702878	0.68428363987602
0.72000000000000	0.13282567113785	0.10330530857539	-0.69694262441540	0.61545747458191
0.73000000000000	0.15805513903047	0.08180055122302	-0.66600629642145	0.54886933456454
0.74000000000000	0.18272840712850	0.06277297119946	-0.63646059805232	0.48463834146668
0.75000000000000	0.20708911770339	0.04510968488393	-0.60768492818397	0.42171733100485
0.76000000000000	0.23040710790284	0.03092579952215	-0.58103643780847	0.36260195728212
0.77000000000000	0.25324904021862	0.01801691487153	-0.55523985898627	0.30509311721432
0.78000000000000	0.27533843929546	0.00712350028821	-0.53078994783305	0.25012382121524
0.79000000000000	0.29642856232866	-0.00148767792710	-0.50796184992371	0.19841946215997
0.80000000000000	0.31702839406046	-0.00901791290527	-0.48590865452720	0.14831918573871
0.81000000000000	0.33640614138580	-0.01405327148505	-0.46567993580638	0.10222825224742
0.82000000000000	0.35511845137403	-0.01782359000953	-0.44638252087480	0.05840179164735
0.83000000000000	0.37311011824915	-0.02022391867500	-0.42809367222661	0.01702766833414
0.84000000000000	0.38994015013229	-0.02051840945162	-0.41133055329585	-0.02029268679756
0.85000000000000	0.40627167632554	-0.01992313359951	-0.39520242719201	-0.05586545610838
0.86000000000000	0.42152401204992	-0.01742438305116	-0.38041672386035	-0.08764199810395
0.87000000000000	0.43599939222847	-0.01360220547758	-0.36655447407795	-0.11674560872548
0.88000000000000	0.44989504715638	-0.00879255305036	-0.35338125900696	-0.14385481204911
0.89000000000000	0.46252822203719	-0.00193449267080	-0.34166881311925	-0.16682815379060
0.90000000000000	0.47467538412704	0.00566625109866	-0.33051332453346	-0.18829391685001
0.91000000000000	0.48589179033523	0.01467065923340	-0.32042226723832	-0.20690689690227
0.92000000000000	0.49624075484109	0.02484670367328	-0.31132403248119	-0.22305137227511
0.93000000000000	0.50611624003905	0.03565512708566	-0.30276772163998	-0.23785485149544
0.94000000000000	0.51477190048506	0.04787618269032	-0.29560779583396	-0.24939757877343
0.95000000000000	0.52295848600132	0.06054285591358	-0.28898142293850	-0.25973488501629
0.96000000000000	0.53042267363361	0.07389580163689	-0.28317674710920	-0.26821578506506
0.97000000000000	0.53705392293187	0.08787812674147	-0.27832014251352	-0.27455811630285
0.98000000000000	0.54329886857463	0.10213157538647	-0.27390545762157	-0.27989436527682
0.99000000000000	0.54867935365141	0.11688885968362	-0.27049068031262	-0.28290866584291
1.00000000000000	0.55363855588314	0.13182184809963	-0.26757677827404	-0.28470142665667
1.01000000000000	0.55815273189345	0.14694044326660	-0.26519198068770	-0.28520380209948
1.02000000000000	0.56202326036192	0.16223871376447	-0.26360237359441	-0.28368625093069
1.03000000000000	0.56563667864246	0.17759015571291	-0.26233756034997	-0.28133286575721
1.04000000000000	0.56872350490402	0.19302055871476	-0.26174946953763	-0.27722098342976
1.05000000000000	0.57145435539632	0.20845066323634	-0.26162391253128	-0.27188047147416
1.06000000000000	0.57392626318714	0.22388055063841	-0.26183481031650	-0.26564623387062
1.07000000000000	0.57584517242581	0.23921875857173	-0.26275171557331	-0.25751497957426
1.08000000000000	0.57755397976934	0.25448869401909	-0.26392548329942	-0.24868721193981
1.09000000000000	0.57886439547296	0.26961720214594	-0.26558223845655	-0.23854739872207
1.10000000000000	0.57979500475360	0.28453558773562	-0.26766836596888	-0.22723499318576
1.11000000000000	0.58052003740283	0.29933583420164	-0.26998527410013	-0.21529400067660
1.12000000000000	0.58071094851389	0.31372156397694	-0.27286213486367	-0.20186870300240
1.13000000000000	0.58069323204350	0.32788799996489	-0.27594284104682	-0.18793168850053
1.14000000000000	0.58036244892494	0.34172536359103	-0.27932943776377	-0.17322679148321
1.15000000000000	0.57968149906373	0.35506257641825	-0.28304972359900	-0.15778066492063
1.16000000000000	0.57884315444211	0.36815001513940	-0.28691996000749	-0.14202265290503
1.17000000000000	0.57766993291342	0.38058954135546	-0.29110905878914	-0.12570039278777
1.18000000000000	0.57635776985404	0.39264377373149	-0.29543665783060	-0.10919906246860
1.19000000000000	0.57490243745766	0.40430098828747	-0.29990697151090	-0.09251321307900
1.20000000000000	0.57330868351627	0.41527937382486	-0.30454501470056	-0.07573411274530
1.21000000000000	0.57167906300286	0.42597639303258	-0.30923426213821	-0.05895727784396
1.22000000000000	0.57000460224245	0.43608153101086	-0.31400515381594	-0.04224343963164
1.23000000000000	0.56835181200691	0.44577583673760	-0.31877827738068	-0.02566058737585
1.24000000000000	0.56671438793206	0.45517882905899	-0.32355298353442	-0.00917061479274
1.25000000000000	0.56517484542576	0.46397291630615	-0.32824950723356	0.00696840089255
1.26000000000000	0.56368502033933	0.47254928098904	-0.33288774078815	0.02293285378610
1.27000000000000	0.56229261592203	0.48072009717562	-0.33740747898658	0.03855610480913
1.28000000000000	0.56101210636230	0.48851043708737	-0.34175994599972	0.05375412052170
1.29000000000000	0.55979162470721	0.49609762940243	-0.34602036322629	0.06871845854346
1.30000000000000	0.55872695001197	0.50317709852046	-0.34999496338754	0.08296374867672
1.31000000000000	0.55772658286333	0.51004239405911	-0.35383872047197	0.09686307309868
1.32000000000000	0.55682025646772	0.51659449082488	-0.35749113793730	0.11025647126896
1.33000000000000	0.55602591033015	0.52273553184630	-0.36088816316493	0.12293830133156
1.34000000000000	0.55528381457807	0.52868230881440	-0.36416504478815	0.13527801776752
1.35000000000000	0.55466307308177	0.53416776671711	-0.36715887099547	0.14678165846368
1.36000000000000	0.55410572644633	0.53936365279798	-0.36999549149430	0.15779642567888
1.37000000000000	0.55361210074230	0.54426847764844	-0.37267409769930	0.16831980489927
1.38000000000000	0.55322109595624	0.54864820312025	-0.37508820166919	0.17800923433558
1.39000000000000	0.55287355765657	0.55280212641905	-0.37739130497733	0.18734976379346
1.40000000000000	0.55261845875334	0.55647151470884	-0.37945966339805	0.19595382128568
1.41000000000000	0.55242814893416	0.55975425431314	-0.38134098285910	0.20401827852851
1.42000000000000	0.55228261684666	0.56276976910104	-0.38309303393381	0.21170980141778
1.43000000000000	0.55223089702843	0.56515233614916	-0.38454501058255	0.21857721874585
1.44000000000000	0.55220967966787	0.56730120004859	-0.38587975029131	0.22515019075785
1.45000000000000	0.55224407135707	0.56901549955917	-0.38699476360148	0.23117828928238
1.46000000000000	0.55232267890212	0.57031685007169	-0.38788440329739	0.23670643050852
1.47000000000000	0.55242387928636	0.57139988695379	-0.38865450114901	0.24197166935619
1.48000000000000	0.55256777136978	0.57193961372421	-0.38912029267676	0.24660701006265
1.49000000000000	0.55272848318637	0.57226146699467	-0.38945842141584	0.25100360960037
1.50000000000000	0.55291316767351	0.57227279157918	-0.38961459614022	0.25505993837809
1.51000000000000	0.55313178312187	0.57191215226270	-0.38954515680507	0.25869554295113
1.52000000000000	0.55336608135272	0.57138132191320	-0.38937283234171	0.26213568275511
1.53000000000000	0.55363651402178	0.57046493257365	-0.38896874787140	0.26512162551566
1.54000000000000	0.55394312520412	0.56933908468656	-0.38843618519275	0.26783759366108
1.55000000000000	0.55428520870646	0.56800786681727	-0.38777765216023	0.27028885701147
1.56000000000000	0.55470614575253	0.56633299787027	-0.38691414873535	0.27225753562665
1.57000000000000	0.55516364067731	0.56451892859558	-0.38596861057215	0.27402341552451
1.58000000000000	0.55570224280088	0.56241750401232	-0.38485493637102	0.27536170926022
1.59000000000000	0.55631489788322	0.56011711551729	-0.38361838974355	0.27637239338952
1.60000000000000	0.55697743160244	0.55768271416348	-0.38229908195112	0.27716241488944
1.61000000000000	0.55775750220291	0.55497170568239	-0.38080076209858	0.27743899441151
1.62000000000000	0.55857561131486	0.55217661095309	-0.37924145936691	0.27752880025853
1.63000000000000	0.55946271615131	0.54923037863051	-0.37757076820187	0.27727458856368
1.64000000000000	0.56040028654819	0.54617423355055	-0.37580556058442	0.27668143125953
1.65000000000000	0.56136255862013	0.54306391116078	-0.37399150306033	0.27591114464559
1.66000000000000	0.56236038656530	0.53986957590298	-0.37206583879800	0.27470671105201
1.67000000000000	0.56335576507437	0.53666562045340	-0.37009610881315	0.27332764054964
1.68000000000000	0.56434774062518	0.53344829984144	-0.36806515909906	0.27170595007730
1.69000000000000	0.56530101039045	0.53025228172839	-0.36596215419221	0.26979530220494
1.70000000000000	0.56623176546954	0.52707061232907	-0.36382682250258	0.26776120470555
1.71000000000000	0.56709418177485	0.52393791789804	-0.36161992795157	0.26547604917730
1.72000000000000	0.56790253644003	0.52083926396792	-0.35937074947184	0.26309177598368
1.73000000000000	0.56865918566169	0.51777316693384	-0.35708112994587	0.26061270502152
1.74000000000000	0.56931390833978	0.51477460763781	-0.35473112124059	0.25805560677648
1.75000000000000	0.56992844425165	0.51180456921586	-0.35236181912206	0.25549252314343
1.76000000000000	0.57046148343223	0.50889453999974	-0.34995856986524	0.25294571526569
1.77000000000000	0.57094396960739	0.50603041004529	-0.34754725850473	0.25046992504181
1.78000000000000	0.57139327592293	0.50319640552148	-0.34513065567903	0.24804074640443
1.79000000000000	0.57179626148045	0.50044140236763	-0.34274042287820	0.24577879995903
1.80000000000000	0.57219583066416	0.49772410713064	-0.34037165938978	0.24359002543144
1.81000000000000	0.57259161508898	0.49507737194045	-0.33804430917073	0.24153724441857
1.82000000000000	0.57301167392028	0.49252608355288	-0.33578341331968	0.23962942544415
1.83000000000000	0.57344643333911	0.49002679391056	-0.33355929762509	0.23779600534978
1.84000000000000	0.57394504678769	0.48768852193707	-0.33145623164793	0.23613613990489
1.85000000000000	0.57448133061572	0.48543603966762	-0.32941688690224	0.23454120468267
1.86000000000000	0.57506863319071	0.48329974638450	-0.32746384278406	0.23303420748097
1.87000000000000	0.57572817534031	0.48133539679337	-0.32563969969027	0.23161789816042
1.88000000000000	0.57641926728465	0.47945057620420	-0.32387659868697	0.23023676795694
1.89000000000000	0.57717795804434	0.47775117504992	-0.32226036189506	0.22891601589092
1.90000000000000	0.57796932579818	0.47615890511533	-0.32073592578158	0.22761695999945
1.91000000000000	0.57879117891328	0.47466658115254	-0.31929713331185	0.22633814512882
1.92000000000000	0.57964771808240	0.47332798362038	-0.31801564960208	0.22507728734493
1.93000000000000	0.58051211235151	0.47204162046429	-0.31680056344096	0.22381530058026
1.94000000000000	0.58138631102726	0.47085217780871	-0.31572438947366	0.22254244349925
1.95000000000000	0.58225898367572	0.46972066763941	-0.31476097555866	0.22125057784132
1.96000000000000	0.58313068047088	0.46862620373249	-0.31386966865567	0.21994655671115
1.97000000000000	0.58398602140803	0.46758995295294	-0.31316376524471	0.21860548552467
1.98000000000000	0.58483360004430	0.46656664609872	-0.31252857831835	0.21725349186782
1.99000000000000	0.58566684823577	0.46556563053755	-0.31202205683101	0.21588206180923
2.00000000000000	0.58648809471027	0.46458477055557	-0.31165008461369	0.21450695599068
2.01000000000000	0.58730345350811	0.46361466222520	-0.31134740168553	0.21313279334893
2.02000000000000	0.58810753837956	0.46267556503800	-0.31121701225455	0.21179357225155
2.03000000000000	0.58890759735117	0.46174832611324	-0.31116317938682	0.21048696253691
2.04000000000000	0.58970234045366	0.46083674504727	-0.31121043315505	0.20922341346705
2.05000000000000	0.59049644893701	0.45995550505639	-0.31139419637108	0.20805394944851
2.06000000000000	0.59129114562918	0.45909098254267	-0.31164000092492	0.20693493774331
2.07000000000000	0.59208980761861	0.45827341545291	-0.31202757440152	0.20595421339114
2.08000000000000	0.59288885306759	0.45748146485820	-0.31250569836035	0.20507489389950
2.09000000000000	0.59368824746535	0.45671282531290	-0.31306622339550	0.20428785298491
2.10000000000000	0.59449018057450	0.45598733447088	-0.31378531958393	0.20369762295515
2.11000000000000	0.59529324379657	0.45528178532294	-0.31457287874036	0.20319157699450
2.12000000000000	0.59609870925326	0.45461924428392	-0.31550417474403	0.20286158824313
2.13000000000000	0.59690145967180	0.45398352533290	-0.31656029043717	0.20269046084500
2.14000000000000	0.59770251876270	0.45336451514830	-0.31769416230782	0.20261829581119
2.15000000000000	0.59849960933934	0.45277403655803	-0.31903135536307	0.20280006105972
2.16000000000000	0.59929245107059	0.45219028109430	-0.32044709378657	0.20307066425084
2.17000000000000	0.60007736179461	0.45161822737795	-0.32200449557862	0.20350058124091
2.18000000000000	0.60084479354653	0.45105688735383	-0.32371737658854	0.20410020076995
2.19000000000000	0.60160198863549	0.45050087146919	-0.32550988559809	0.20478597656041
2.20000000000000	0.60232037672237	0.44995656752236	-0.32750238272400	0.20568042866938
2.21000000000000	0.60301847978319	0.44942158915654	-0.32958520939049	0.20666719250725
2.22000000000000	0.60369046683101	0.44889861703582	-0.33178433107424	0.20777280333620
2.23000000000000	0.60432326616185	0.44838694047467	-0.33414341161494	0.20903348006174
2.24000000000000	0.60493842232299	0.44787924089197	-0.33657454702465	0.21036274097156
2.25000000000000	0.60551361372515	0.44737747411615	-0.33916900399193	0.21184394421459
2.26000000000000	0.60607354094179	0.44687884511330	-0.34186597251821	0.21341514461194
2.27000000000000	0.60661991951117	0.44638300122987	-0.34465393135339	0.21506622740450
2.28000000000000	0.60715195721253	0.44586716510421	-0.34761524061214	0.21685476318907
2.29000000000000	0.60768080156753	0.44533875769190	-0.35064774911771	0.21869670297326
2.30000000000000	0.60820535751225	0.44478104142299	-0.35382576333170	0.22064524958124
2.31000000000000	0.60873741049910	0.44418407761306	-0.35712839491772	0.22267457911685
2.32000000000000	0.60927401233726	0.44356330024769	-0.36050663844323	0.22475292392003
2.33000000000000	0.60982020358501	0.44286058841861	-0.36408023526165	0.22695658524626
2.34000000000000	0.61036969319054	0.44212399927711	-0.36772611878103	0.22920429636049
2.35000000000000	0.61092504596335	0.44132677271261	-0.37150087224801	0.23153037974587
2.36000000000000	0.61148137874396	0.44046052859772	-0.37541738700324	0.23393768316322
2.37000000000000	0.61203844462897	0.43956047988119	-0.37940538940834	0.23638701983913
2.38000000000000	0.61259949290034	0.43858726866343	-0.38356754730015	0.23894864391578
2.39000000000000	0.61316537578342	0.43758291200259	-0.38780727396980	0.24156764019006
2.40000000000000	0.61373732809323	0.43653945499699	-0.39214438136858	0.24425866217615
2.41000000000000	0.61431869083356	0.43545795644925	-0.39660759707324	0.24705584880351
2.42000000000000	0.61490465963641	0.43436231719151	-0.40112391479361	0.24990137770214
2.43000000000000	0.61550202550263	0.43324220164522	-0.40575138664705	0.25285802317523
2.44000000000000	0.61610367757233	0.43211383349518	-0.41043304850793	0.25589309207875
2.45000000000000	0.61670904037067	0.43097832075365	-0.41516162470992	0.25899605511514
2.46000000000000	0.61731284550756	0.42984208181565	-0.41995635984898	0.26223771112298
2.47000000000000	0.61791157853384	0.42870395034359	-0.42477132196658	0.26553313219414
2.48000000000000	0.61849667954092	0.42756077715161	-0.42962215147337	0.26893535786239
2.49000000000000	0.61905547435061	0.42640462901669	-0.43448875437507	0.27243173312973
2.50000000000000	0.61959872541711	0.42524081427842	-0.43936467742275	0.27598373928767
2.51000000000000	0.62007887848591	0.42404653163677	-0.44424715188877	0.27969328794668
2.52000000000000	0.62053276855749	0.42283577455878	-0.44912843473671	0.28346002899167
2.53000000000000	0.62094017887337	0.42159574204447	-0.45400748544179	0.28732772445548
2.54000000000000	0.62129642194202	0.42030732774583	-0.45888505267732	0.29129340890096
2.55000000000000	0.62162753784253	0.41899313133158	-0.46376208182193	0.29530638158876
2.56000000000000	0.62190139402634	0.41760312521402	-0.46863949039734	0.29942009788232
2.57000000000000	0.62215415962380	0.41617173812608	-0.47351829940686	0.30357039674222
2.58000000000000	0.62238110495926	0.41468969016607	-0.47839882290524	0.30776548200265
2.59000000000000	0.62258857770857	0.41313250461403	-0.48328570090547	0.31199668965607
2.60000000000000	0.62279042833561	0.41154201699804	-0.48817563529214	0.31623793370162
2.61000000000000	0.62298689207500	0.40987713281368	-0.49307296980282	0.32048735629500
2.62000000000000	0.62318448549552	0.40816964073107	-0.49797179060199	0.32472531148522
2.63000000000000	0.62338303278101	0.40642617196371	-0.50287186637348	0.32895358398362
2.64000000000000	0.62359109808848	0.40462923534982	-0.50776856694085	0.33313827178076
2.65000000000000	0.62380372366543	0.40281611342980	-0.51266181977305	0.33730118417269
2.66000000000000	0.62402599213673	0.40097424738485	-0.51754671856561	0.34141753255498
2.67000000000000	0.62425389853213	0.39911279886113	-0.52241733790003	0.34548297715107
2.68000000000000	0.62448504849891	0.39724008428155	-0.52727974207563	0.34951913613397
2.69000000000000	0.62472029868269	0.39533172860808	-0.53211158753427	0.35345211604095
2.70000000000000	0.62495523595214	0.39340747353888	-0.53692986496974	0.35733983178427
2.71000000000000	0.62518961734983	0.39145540440009	-0.54172440704341	0.36114836636714
2.72000000000000	0.62541901564736	0.38946693070660	-0.54648809052782	0.36485580530601
2.73000000000000	0.62564560480911	0.38745951539644	-0.55123602384440	0.36851212272826
2.74000000000000	0.62586285543818	0.38539955378691	-0.55594244892207	0.37203719089034
2.75000000000000	0.62607415219083	0.38330819055373	-0.56062508926036	0.37549715761208
2.76000000000000	0.62627834032332	0.38117933540781	-0.56527933185132	0.37887939658483
2.77000000000000	0.62646653107208	0.37898702353443	-0.56988495410632	0.38215008787239
2.78000000000000	0.62664600249328	0.37676722774321	-0.57446781409771	0.38537473483475
2.79000000000000	0.62680240975663	0.37448740153297	-0.57899713144515	0.38850390345682
2.80000000000000	0.62694163920495	0.37216984336483	-0.58348600036872	0.39158287420396
2.81000000000000	0.62706672307773	0.36982121370943	-0.58794156085146	0.39462050803888
2.82000000000000	0.62716210605088	0.36741516919558	-0.59231654125245	0.39760055134175
2.83000000000000	0.62724579872566	0.36498598511723	-0.59665720595222	0.40056395623851
2.84000000000000	0.62730637992365	0.36251071067728	-0.60092837688054	0.40349830006708
2.85000000000000	0.62734932102433	0.35999878009191	-0.60513680797587	0.40641504636786
2.86000000000000	0.62738225738649	0.35746610615113	-0.60930956111729	0.40932184297745
2.87000000000000	0.62739123161548	0.35489252518714	-0.61337903186655	0.41221064052405
2.88000000000000	0.62739270837479	0.35230831067816	-0.61741178645895	0.41509323849055
2.89000000000000	0.62738138664239	0.34970594426684	-0.62138186504869	0.41796525351668
2.90000000000000	0.62735877618750	0.34709528130500	-0.62528161796135	0.42082988134886
2.91000000000000	0.62733069832052	0.34448195806351	-0.62914743364857	0.42369046550896
2.92000000000000	0.62729000029678	0.34187188548575	-0.63293576620928	0.42653849402346
2.93000000000000	0.62724393746811	0.33927180190796	-0.63668717777000	0.42938165931937
2.94000000000000	0.62719162756037	0.33668335008071	-0.64039559645223	0.43221916161141
2.95000000000000	0.62713253913320	0.33411935247467	-0.64404311764699	0.43504935266399
2.96000000000000	0.62707070635154	0.33156537466179	-0.64766495483003	0.43787460091029
2.97000000000000	0.62700326748471	0.32903212839737	-0.65123205235635	0.44068537217987
2.98000000000000	0.62693107669977	0.32651809111854	-0.65476219589571	0.44348888611267
2.99000000000000	0.62685506984004	0.32401947980536	-0.65826266317075	0.44628657196948
3.00000000000000	0.62676883723818	0.32155746608845	-0.66170557012260	0.44906401145913
3.01000000000000	0.62667842280036	0.31910738222114	-0.66512636952268	0.45183060873476
3.02000000000000	0.62657970318858	0.31667932890283	-0.66850404682913	0.45457427064406
3.03000000000000	0.62646941088580	0.31426367163258	-0.67184674171684	0.45728800370210
3.04000000000000	0.62635253451123	0.31185491620116	-0.67516978761128	0.45998469107220
3.05000000000000	0.62621175636724	0.30945871655354	-0.67844254334346	0.46261798749690
3.06000000000000	0.62606387732627	0.30706068697074	-0.68169553531562	0.46522645810722
3.07000000000000	0.62590419458986	0.30465961551903	-0.68491567433908	0.46779366120541
3.08000000000000	0.62573317868348	0.30224662881976	-0.68809610667695	0.47030866429524
3.09000000000000	0.62555695004282	0.29982688314566	-0.69125669174444	0.47279808377799
3.10000000000000	0.62537015207936	0.29738501273551	-0.69436660214834	0.47522526357328
3.11000000000000	0.62518380317508	0.29493339788715	-0.69744888803799	0.47762692202141
3.12000000000000	0.62499796428801	0.29247071583127	-0.70049979949380	0.47999959469950
3.13000000000000	0.62481941567786	0.29000401788424	-0.70350122304929	0.48234381539494
3.14000000000000	0.62464525233111	0.28753918578936	-0.70648201012027	0.48467959629739
3.15000000000000	0.62448301007908	0.28508528063238	-0.70941918501235	0.48700429628979
3.16000000000000	0.62433089163556	0.28265468363793	-0.71232855925113	0.48932918570024
3.17000000000000	0.62418670107245	0.28024233909506	-0.71521616300163	0.49165422344258
3.18000000000000	0.62405918780593	0.27789099523372	-0.71806253707573	0.49398496555120
3.19000000000000	0.62393569244613	0.27557051543190	-0.72089506295352	0.49632008439500
3.20000000000000	0.62381874922578	0.27331373384241	-0.72370176917033	0.49866482287938
3.21000000000000	0.62370095205307	0.27111907707254	-0.72648739778840	0.50101979443115
3.22000000000000	0.62358246955826	0.26895910190499	-0.72926121145697	0.50338036983097
3.23000000000000	0.62345103582755	0.26689559244219	-0.73199960814388	0.50575076962951
3.24000000000000	0.62330918847593	0.26487010220039	-0.73472421173698	0.50812128639885
3.25000000000000	0.62315048168866	0.26290616428652	-0.73742648459816	0.51049199254149
3.26000000000000	0.62296581024896	0.26101064364702	-0.74010568274284	0.51285808786881
3.27000000000000	0.62276818725413	0.25914717455790	-0.74277327212526	0.51522127483872
3.28000000000000	0.62253736922311	0.25735441754932	-0.74541056406372	0.51757365594014
3.29000000000000	0.62229078150821	0.25559874814651	-0.74802987816470	0.51991711091401
3.30000000000000	0.62202672432887	0.25388416394328	-0.75062927663550	0.52225067763211
3.31000000000000	0.62173847608406	0.25223074346091	-0.75319835764317	0.52456854403908
3.32000000000000	0.62144110346886	0.25060395600780	-0.75575482084396	0.52687890865541
3.33000000000000	0.62112616470192	0.24903558660980	-0.75828462110743	0.52917166312105
3.34000000000000	0.62080376715526	0.24750809662750	-0.76079806267097	0.53145377128952
3.35000000000000	0.62047567436124	0.24601182064974	-0.76329901333841	0.53372775034062
3.36000000000000	0.62014109365547	0.24458539243168	-0.76577885549312	0.53598689793787
3.37000000000000	0.61980655775704	0.24318912426903	-0.76825100794154	0.53824014139657
3.38000000000000	0.61947327125568	0.24185248231102	-0.77070853901946	0.54048191635187
3.39000000000000	0.61914831860339	0.24057361336660	-0.77315359261679	0.54271415628599
3.40000000000000	0.61882808817482	0.23932678797480	-0.77559177274309	0.54494105260353
3.41000000000000	0.61852514187179	0.23817142498677	-0.77801212850227	0.54715059906191
3.42000000000000	0.61822880752527	0.23705440708896	-0.78042434381857	0.54935056967293
3.43000000000000	0.61794290064560	0.23599786178443	-0.78282372114994	0.55153543857680
3.44000000000000	0.61767062419607	0.23501872463148	-0.78520776035789	0.55369493864045
3.45000000000000	0.61740474794380	0.23407728620275	-0.78758405241402	0.55584112287286
3.46000000000000	0.61715337120282	0.23322844724541	-0.78993989210132	0.55794966832013
3.47000000000000	0.61690691444536	0.23242878585138	-0.79228214634894	0.56003446071929
3.48000000000000	0.61666577398676	0.23168226338003	-0.79460972082026	0.56209358671083
3.49000000000000	0.61642632027809	0.23102122744976	-0.79691210669219	0.56410925445929
3.50000000000000	0.61618595719574	0.23039690064838	-0.79920437248540	0.56610645542936
3.51000000000000	0.61594098122760	0.22985206663171	-0.80147585017912	0.56806398224726
3.52000000000000	0.61568970042621	0.22936540958005	-0.80373589608189	0.56999726923462
3.53000000000000	0.61543372595225	0.22892206273406	-0.80598743151635	0.57191251072844
3.54000000000000	0.61516351202090	0.22857407612343	-0.80822485151140	0.57379811676920
3.55000000000000	0.61488671961511	0.22826364589932	-0.81045790261476	0.57567261381422
3.56000000000000	0.61459689692463	0.22802543209892	-0.81268301976621	0.57752597025585
3.57000000000000	0.61429150004672	0.22785938946027	-0.81490185542672	0.57935861016535
3.58000000000000	0.61397739349027	0.22773291334266	-0.81711713026107	0.58117989839714
3.59000000000000	0.61363443403321	0.22771450122635	-0.81931921924889	0.58297035381621
3.60000000000000	0.61327784214950	0.22774133001319	-0.82151323662219	0.58474596519164
3.61000000000000	0.61290030450737	0.22783766990421	-0.82369485223516	0.58649876920043
3.62000000000000	0.61249239943553	0.22801675326484	-0.82585626178905	0.58822041349334
3.63000000000000	0.61206967716131	0.22823416589307	-0.82800750475537	0.58992707265241
3.64000000000000	0.61161014563651	0.22853725449344	-0.83013205625668	0.59159752624957
3.65000000000000	0.61113334870986	0.22887988259021	-0.83224112988631	0.59324758912027
3.66000000000000	0.61063835385381	0.22926418576471	-0.83433388966362	0.59487615993397
3.67000000000000	0.61012238180211	0.22970079826968	-0.83640305261796	0.59647173345740
3.68000000000000	0.60960040189751	0.23015514617205	-0.83846411130390	0.59805322647288
3.69000000000000	0.60906990375281	0.23064077574151	-0.84051068035107	0.59960444037634
3.70000000000000	0.60854193502323	0.23113728841217	-0.84255199514933	0.60113292617918
3.71000000000000	0.60801580203994	0.23164169959366	-0.84458949662812	0.60264491685387
3.72000000000000	0.60749994717926	0.23215555452402	-0.84662946974040	0.60411568781810
3.73000000000000	0.60698896835523	0.23267369243525	-0.84867168679386	0.60556908443403
3.74000000000000	0.60648757240475	0.23320019188174	-0.85071861702190	0.60698895229125
3.75000000000000	0.60599531445782	0.23374012942175	-0.85276553228169	0.60837910089065
3.76000000000000	0.60550774386766	0.23428811237786	-0.85481222983947	0.60975340132600
3.77000000000000	0.60502624173425	0.23487564738660	-0.85685333514862	0.61109192184610
3.78000000000000	0.60454276819773	0.23548498319567	-0.85888690616168	0.61241968447764
3.79000000000000	0.60405634321697	0.23612695760924	-0.86090919736361	0.61373134116515
3.80000000000000	0.60355752021069	0.23681315162271	-0.86290806488640	0.61502122133783
3.81000000000000	0.60305224084864	0.23752061773609	-0.86489486946632	0.61630035710891
3.82000000000000	0.60252911020729	0.23827988538104	-0.86684886078261	0.61755216619832
3.83000000000000	0.60199230582936	0.23906428617762	-0.86878212381136	0.61878888246777
3.84000000000000	0.60144144294778	0.23987452735090	-0.87069407527657	0.62001008121840
3.85000000000000	0.60086444959763	0.24071529634230	-0.87257259087657	0.62119309598651
3.86000000000000	0.60027644701604	0.24156719920396	-0.87443733429100	0.62235633722163
3.87000000000000	0.59966503736408	0.24244037343348	-0.87627323376492	0.62347241659957
3.88000000000000	0.59903225142588	0.24331686872337	-0.87809065909779	0.62454900050574
3.89000000000000	0.59838434264838	0.24419571352623	-0.87989501473915	0.62559764299744
3.90000000000000	0.59770278273347	0.24506818593012	-0.88167637480623	0.62658206620970
3.91000000000000	0.59700850182306	0.24593412729903	-0.88344891700959	0.62754160278286
3.92000000000000	0.59629031692562	0.24678653926371	-0.88520485149033	0.62845418890428
3.93000000000000	0.59554436402201	0.24761763933803	-0.88694405600777	0.62932411630417
3.94000000000000	0.59478347933507	0.24843729568316	-0.88867407848914	0.63017176743990
3.95000000000000	0.59398290763617	0.24922686175136	-0.89037600134696	0.63097339185519
3.96000000000000	0.59316715068561	0.25000407605148	-0.89206558432107	0.63175793091031
3.97000000000000	0.59232923855801	0.25076326920751	-0.89373716349032	0.63251754254324
3.98000000000000	0.59146245326222	0.25149898889510	-0.89538226533012	0.63324634132087
3.99000000000000	0.59058263464120	0.25222399682316	-0.89701388049503	0.63396085333575
4.00000000000000	0.58967431264232	0.25292509005027	-0.89860952925738	0.63464252749870
4.01000000000000	0.58875459937523	0.25361373554241	-0.90018373157676	0.63530135555495
4.02000000000000	0.58782346168471	0.25428989706941	-0.90173642503151	0.63593727100901
4.03000000000000	0.58687403701896	0.25494810751949	-0.90325059442869	0.63653085240696
4.04000000000000	0.58591857065331	0.25559921557999	-0.90474880429236	0.63710636848425
4.05000000000000	0.58495241774403	0.25623585884569	-0.90621353831420	0.63764330892234
4.06000000000000	0.58398214924152	0.25685551062028	-0.90765490002898	0.63814751915100
4.07000000000000	0.58300904286371	0.25746344604430	-0.90908014555119	0.63862916051830
4.08000000000000	0.58202684551111	0.25803968480479	-0.91046748622873	0.63905469904919
4.09000000000000	0.58104065628013	0.25860268299358	-0.91183996700528	0.63945914579699
4.10000000000000	0.58004688150528	0.25914067130463	-0.91318460651678	0.63982429973394
4.11000000000000	0.57904369169147	0.25965052774209	-0.91450029431832	0.64015443773683
4.12000000000000	0.57803524720606	0.26014513371269	-0.91580047650096	0.64046580250423
4.13000000000000	0.57700892800665	0.26059513129662	-0.91705844937576	0.64072572966749
4.14000000000000	0.57597367240368	0.26102285802122	-0.91829630521221	0.64096393389006
4.15000000000000	0.57492570919287	0.26141891547918	-0.91950555452558	0.64117124798888
4.16000000000000	0.57385920732555	0.26176873381012	-0.92067636224849	0.64134050825024
4.17000000000000	0.57278363015961	0.26209622138404	-0.92182970195982	0.64149134878259
4.18000000000000	0.57168521676564	0.26236860374773	-0.92294389667041	0.64159658371226
4.19000000000000	0.57057205412160	0.26260302772366	-0.92403622140210	0.64167300811271
4.20000000000000	0.56944446225714	0.26280031693401	-0.92510715069033	0.64172124711562
4.21000000000000	0.56829015369564	0.26292179616086	-0.92614280824042	0.64172040093358
4.22000000000000	0.56712422973794	0.26301004484633	-0.92716370935681	0.64170033413734
4.23000000000000	0.56593337160018	0.26302665297719	-0.92815358652855	0.64164140048846
4.24000000000000	0.56472291109579	0.26298561801207	-0.92911809405214	0.64155184106682
4.25000000000000	0.56349927784307	0.26290584701010	-0.93006555322660	0.64144170119159
4.26000000000000	0.56224608413798	0.26273789978624	-0.93096548456514	0.64128721904557
4.27000000000000	0.56098321037132	0.26253963786619	-0.93184509678782	0.64112020611284
4.28000000000000	0.55970275749510	0.26228596860032	-0.93268663525222	0.64093092836728
4.29000000000000	0.55840477852531	0.26198306459042	-0.93348797030294	0.64072616693302
4.30000000000000	0.55709751495757	0.26165454023833	-0.93426795428782	0.64051358883260
4.31000000000000	0.55576552766311	0.26126451926559	-0.93499031215329	0.64028581348322
4.32000000000000	0.55442332240205	0.26084919090324	-0.93568750330656	0.64005174470109
4.33000000000000	0.55306695388875	0.26039878364934	-0.93634981056298	0.63980895251254
4.34000000000000	0.55169058623490	0.25990281840437	-0.93697146533540	0.63955047937934
4.35000000000000	0.55030485483140	0.25938468245437	-0.93757531947220	0.63928359415346
4.36000000000000	0.54889698188721	0.25881125234998	-0.93814129388842	0.63899316272044
4.37000000000000	0.54747718875732	0.25819923297453	-0.93868552152786	0.63868320222969
4.38000000000000	0.54604602030479	0.25755038821564	-0.93920899641996	0.63835460534032
4.39000000000000	0.54459675967693	0.25682665936182	-0.93969587618478	0.63799006469907
4.40000000000000	0.54314147569079	0.25607028852825	-0.94016726394949	0.63761139927489
4.41000000000000	0.54167524114145	0.25524418737477	-0.94060603050425	0.63720414776673
4.42000000000000	0.54020352629047	0.25436257380975	-0.94101587195001	0.63677682849416
4.43000000000000	0.53872822286067	0.25344460993458	-0.94140677282636	0.63633636856638
4.44000000000000	0.53724463167519	0.25243850966927	-0.94174498798163	0.63587005195047
4.45000000000000	0.53575882390588	0.25140138506224	-0.94206185894959	0.63539634689786
4.46000000000000	0.53426911097750	0.25030778429759	-0.94233935666157	0.63490950958412
4.47000000000000	0.53277426410375	0.24916358687243	-0.94257484996094	0.63441135369185
4.48000000000000	0.53127622674290	0.24799314209900	-0.94278834874450	0.63390679205009
4.49000000000000	0.52976347459222	0.24675752014714	-0.94294459697289	0.63337944205436
4.50000000000000	0.52824233001895	0.24549130161424	-0.94307477654777	0.63283695181052
4.51000000000000	0.52670984502731	0.24418373887768	-0.94316973036593	0.63227400302260
4.52000000000000	0.52515895870655	0.24282314074317	-0.94321946080587	0.63168126083919
4.53000000000000	0.52359903214020	0.24143800771984	-0.94324862387749	0.63107475389952
4.54000000000000	0.52201634322346	0.23999564182728	-0.94323093116458	0.63043619506513
4.55000000000000	0.52042119735534	0.23851502639370	-0.94318407328448	0.62977745980859
4.56000000000000	0.51881445586739	0.23699880617021	-0.94311006685247	0.62909994322154
4.57000000000000	0.51718969945164	0.23541834344417	-0.94298889512811	0.62839524937226
4.58000000000000	0.51555827272895	0.23381264449334	-0.94284868453331	0.62768322795855
4.59000000000000	0.51391380255574	0.23215599643252	-0.94266950455244	0.62695989899290
4.60000000000000	0.51226073530348	0.23046016218238	-0.94245842076956	0.62623248259005
4.61000000000000	0.51060218328696	0.22873932792823	-0.94222698299996	0.62550245848412
4.62000000000000	0.50892947659175	0.22695754579057	-0.94194539123640	0.62477155090853
4.63000000000000	0.50725103058075	0.22515371561533	-0.94164507275544	0.62404284819116
4.64000000000000	0.50556210567273	0.22330996253447	-0.94131076373836	0.62331849106482
4.65000000000000	0.50386111218875	0.22142973281824	-0.94093904254272	0.62259591434763
4.66000000000000	0.50215384507823	0.21953063184219	-0.94054778932497	0.62187363907886
4.67000000000000	0.50043026002504	0.21758346398295	-0.94010478723307	0.62114512393749
4.68000000000000	0.49869964693143	0.21561327876709	-0.93963638705240	0.62041061239758
4.69000000000000	0.49695977490144	0.21361276984389	-0.93913452672147	0.61966820103507
4.70000000000000	0.49520678608054	0.21157128217279	-0.93858546805692	0.61891002799758
4.71000000000000	0.49344839984997	0.20951225223269	-0.93801516279764	0.61814377173645
4.72000000000000	0.49167934991662	0.20741633517541	-0.93739689875810	0.61735630947285
4.73000000000000	0.48990476944660	0.20529986059107	-0.93674730019120	0.61655512606422
4.74000000000000	0.48812516738544	0.20316472027829	-0.93606925064496	0.61574148419375
4.75000000000000	0.48633363715482	0.20099461268720	-0.93533879829958	0.61490584301198
4.76000000000000	0.48453778741986	0.19881119045619	-0.93458684252781	0.61406159134491
4.77000000000000	0.48273359062434	0.19660136872571	-0.93379073627696	0.61320003887856
4.78000000000000	0.48092277429881	0.19437061039352	-0.93295708730818	0.61232805970515
4.79000000000000	0.47910784403540	0.19212684027969	-0.93210010610741	0.61144960049084
4.80000000000000	0.47728363888355	0.18985137712226	-0.93118925576650	0.61056260452858
4.81000000000000	0.47545777426427	0.18756187475566	-0.93026186138134	0.60967004237787
4.82000000000000	0.47362910307857	0.18524690224712	-0.92930506235406	0.60876723326479
4.83000000000000	0.47179844306012	0.18290040303763	-0.92831862289135	0.60785342234291
4.84000000000000	0.46996693150384	0.18053765375335	-0.92731747141749	0.60693423925936
4.85000000000000	0.46813495976860	0.17813293591372	-0.92628399232255	0.60600417315842
4.86000000000000	0.46630243416127	0.17571127949331	-0.92523624105257	0.60506683322790
4.87000000000000	0.46446919707903	0.17326786466453	-0.92417015649853	0.60412014971917
4.88000000000000	0.46263111181359	0.17079572799876	-0.92307445134162	0.60315860162343
4.89000000000000	0.46079050447344	0.16831065900027	-0.92196451937443	0.60219124617529
4.90000000000000	0.45894324837871	0.16579628571927	-0.92081989974822	0.60121316999808
4.91000000000000	0.45709140745501	0.16326920559371	-0.91964647244328	0.60023433795605
4.92000000000000	0.45523550606327	0.16073087188893	-0.91844753215646	0.59925483649645
4.93000000000000	0.45337152273616	0.15818373154952	-0.91719376443327	0.59827752083344
4.94000000000000	0.45150283123248	0.15563417741964	-0.91591681473792	0.59730153461349
4.95000000000000	0.44962338073201	0.15308068265813	-0.91459196890393	0.59632861892930
4.96000000000000	0.44773467132897	0.15052300579999	-0.91322571972915	0.59535657311131
4.97000000000000	0.44584035733885	0.14796279744045	-0.91183440833705	0.59438505383963
4.98000000000000	0.44393120927410	0.14539741755198	-0.91038279931277	0.59340557365279
4.99000000000000	0.44201568971408	0.14282911882415	-0.90891215612638	0.59241999379004
5.00000000000000	0.44008876343086	0.14025555547934	-0.90740782129246	0.59142334362167
5.01000000000000	0.43814961634620	0.13767217092764	-0.90587279557175	0.59041148563703
5.02000000000000	0.43620426796547	0.13508337785125	-0.90432271916788	0.58939202995607
5.03000000000000	0.43424342144269	0.13247722592146	-0.90273975802808	0.58835466528592
5.04000000000000	0.43227659243261	0.12986133737945	-0.90114309188819	0.58730901594994
5.05000000000000	0.43030226983835	0.12723325288617	-0.89952925904706	0.58625298935147
5.06000000000000	0.42832122056393	0.12458641015115	-0.89789345033978	0.58518764483401
5.07000000000000	0.42633806670901	0.12193169301347	-0.89624809532760	0.58411989581573
5.08000000000000	0.42435247527302	0.11926054670532	-0.89458195044621	0.58305122340389
5.09000000000000	0.42236749199250	0.11658215989245	-0.89290078271540	0.58198318671925
5.10000000000000	0.42038303403938	0.11389751869907	-0.89120663817972	0.58091569917862
5.11000000000000	0.41840105417118	0.11120508714646	-0.88948554765010	0.57984849212978
5.12000000000000	0.41642040336251	0.10851082958040	-0.88775348143672	0.57878119215388
5.13000000000000	0.41444268230234	0.10581388770292	-0.88599920234391	0.57771354859637
5.14000000000000	0.41246620859315	0.10311865422103	-0.88422443191249	0.57664523642181
5.15000000000000	0.41049047016208	0.10042442779004	-0.88243758241640	0.57557653011642
5.16000000000000	0.40851608586456	0.09773968827609	-0.88061829657721	0.57450384143967
5.17000000000000	0.40654220755090	0.09506024802934	-0.87878797317673	0.57342714426812
5.18000000000000	0.40456922211563	0.09239021562953	-0.87693820737420	0.57234329230005
5.19000000000000	0.40259557140558	0.08973269591679	-0.87506619955905	0.57124910564033
5.20000000000000	0.40062152074381	0.08708140521638	-0.87318296617911	0.57014983656818
5.21000000000000	0.39864594425831	0.08444505668783	-0.87127154350153	0.56903888942912
5.22000000000000	0.39666876058040	0.08181570348614	-0.86934747278646	0.56792292357585
5.23000000000000	0.39468961370400	0.07919489513261	-0.86740795239161	0.56680082732270
5.24000000000000	0.39270457693738	0.07658707968750	-0.86544704226977	0.56567323920935
5.25000000000000	0.39071654675341	0.07398431794242	-0.86347662798116	0.56454423911640
5.26000000000000	0.38872092233395	0.07139117909045	-0.86148492248080	0.56341450314597
5.27000000000000	0.38671864308629	0.06880286051047	-0.85947880535798	0.56228655981348
5.28000000000000	0.38471075729747	0.06621860289981	-0.85746054677160	0.56116012673760
5.29000000000000	0.38269078411819	0.06364269844724	-0.85541780597154	0.56003783768215
5.30000000000000	0.38066656051862	0.06107099774611	-0.85336548173728	0.55891695141326
5.31000000000000	0.37863424529683	0.05850829306581	-0.85129414902932	0.55779869298042
5.32000000000000	0.37659556832994	0.05595738511936	-0.84920676432131	0.55668088371196
5.33000000000000	0.37455324013784	0.05341324772583	-0.84711016681614	0.55556333223445
5.34000000000000	0.37250315917709	0.05089159387177	-0.84499217488344	0.55444107473805
5.35000000000000	0.37045119981155	0.04837874083544	-0.84286908429852	0.55331483104863
5.36000000000000	0.36839596097093	0.04588126386227	-0.84073709233839	0.55218161871153
5.37000000000000	0.36633971624793	0.04340549456261	-0.83859771751300	0.55103810018637
5.38000000000000	0.36428313922350	0.04094058855091	-0.83645484412848	0.54988964077324
5.39000000000000	0.36222699183020	0.03850278184478	-0.83430468589698	0.54873045010242
5.40000000000000	0.36017133725923	0.03607653579399	-0.83215246939871	0.54757005368620
5.41000000000000	0.35811626977532	0.03366406166637	-0.82999780093809	0.54640822089526
5.42000000000000	0.35606713419232	0.03127317696153	-0.82783950347425	0.54524993735205
5.43000000000000	0.35402093901502	0.02889189173494	-0.82567846671744	0.54409381956235
5.44000000000000	0.35198199440604	0.02653213154003	-0.82350884461840	0.54294383332676
5.45000000000000	0.34994633224280	0.02418601309911	-0.82133132949282	0.54179876391416
5.46000000000000	0.34791336704369	0.02185110316672	-0.81914732920005	0.54065773432316
5.47000000000000	0.34588570475488	0.01953660996123	-0.81695359709291	0.53952506055183
5.48000000000000	0.34386018048460	0.01722970778999	-0.81475548381136	0.53839558488252
5.49000000000000	0.34183891273048	0.01493752472829	-0.81254836701431	0.53727237126207
5.50000000000000	0.33981709697922	0.01265808145989	-0.81033415079199	0.53615082540552
5.51000000000000	0.33779494320428	0.01038588306540	-0.80811594591029	0.53503015957307
5.52000000000000	0.33576729218059	0.00813562881712	-0.80589390633312	0.53390056379376
5.53000000000000	0.33373626216674	0.00589619724637	-0.80367182065625	0.53276657366696
5.54000000000000	0.33169947782286	0.00367519640652	-0.80144965647283	0.53162510008372
5.55000000000000	0.32965028811663	0.00148252454768	-0.79922702988675	0.53047564837058
5.56000000000000	0.32759521695649	-0.00069461439042	-0.79700426288700	0.52932229656593
5.57000000000000	0.32552740885072	-0.00282339984303	-0.79478174355301	0.52815967530615
5.58000000000000	0.32345639027790	-0.00492393643268	-0.79255905938213	0.52699451939011
5.59000000000000	0.32138164160991	-0.00699165195730	-0.79033618369479	0.52582641857262
5.60000000000000	0.31929981656546	-0.00901307843143	-0.78811329218791	0.52466126172711
5.61000000000000	0.31721622053558	-0.01101560675018	-0.78589079940121	0.52349852266890
5.62000000000000	0.31513140327119	-0.01297916292086	-0.78367000982941	0.52234341324262
5.63000000000000	0.31305177810159	-0.01492015434642	-0.78144924521982	0.52119163301263
5.64000000000000	0.31097631311958	-0.01684306567588	-0.77922850061130	0.52004252031506
5.65000000000000	0.30890947422969	-0.01873980087796	-0.77700824717530	0.51889516396528
5.66000000000000	0.30684586535444	-0.02062878543063	-0.77478957306059	0.51774886801203
5.67000000000000	0.30478850565144	-0.02250398826132	-0.77257478020327	0.51660486194372
5.68000000000000	0.30273804533742	-0.02436629955512	-0.77036524368333	0.51546527084003
5.69000000000000	0.30069141481441	-0.02622128241442	-0.76815871428788	0.51432814545714
5.70000000000000	0.29865123941398	-0.02804997221987	-0.76596447853843	0.51319638962239
5.71000000000000	0.29661224369210	-0.02986341367864	-0.76377567849697	0.51206832397679
5.72000000000000	0.29457520428713	-0.03165156808051	-0.76159589274802	0.51094637794697
5.73000000000000	0.29254148356943	-0.03340399486313	-0.75942770993599	0.50983640084436
5.74000000000000	0.29050919582722	-0.03513899428322	-0.75726529325041	0.50873271095958
5.75000000000000	0.28847921326313	-0.03683204754632	-0.75511741007844	0.50764691750216
5.76000000000000	0.28644791575303	-0.03850449580073	-0.75297623462455	0.50656989782106
5.77000000000000	0.28441512812899	-0.04015359419111	-0.75084266044408	0.50550282069746
5.78000000000000	0.28238119481317	-0.04176689211906	-0.74871843699537	0.50444741690886
5.79000000000000	0.28034639853997	-0.04336470870796	-0.74659785175544	0.50339707267938
5.80000000000000	0.27830902403258	-0.04492871966437	-0.74448444574890	0.50235779861458
5.81000000000000	0.27626654167690	-0.04647239077677	-0.74237420803604	0.50132433851847
5.82000000000000	0.27422006842284	-0.04800016982540	-0.74026644579571	0.50029542103148
5.83000000000000	0.27216671172063	-0.04949772993096	-0.73816525540900	0.49927186300953
5.84000000000000	0.27011109462736	-0.05098120696442	-0.73606763820442	0.49824925590664
5.85000000000000	0.26805129403313	-0.05243612300128	-0.73397748339517	0.49722792326170
5.86000000000000	0.26598648625272	-0.05385995717943	-0.73189651791848	0.49620655846420
5.87000000000000	0.26391899525317	-0.05526639480039	-0.72982075720891	0.49518520781816
5.88000000000000	0.26184967114026	-0.05662146367161	-0.72776350360863	0.49416553985601
5.89000000000000	0.25978194810849	-0.05795390946216	-0.72571415644024	0.49314690289933
5.90000000000000	0.25771681109692	-0.05924981510402	-0.72367757951304	0.49212993119301
5.91000000000000	0.25565594194025	-0.06049724279136	-0.72165775905525	0.49111640098995
5.92000000000000	0.25359766280628	-0.06172120348878	-0.71964628956993	0.49010472477475
5.93000000000000	0.25154854481970	-0.06288888287203	-0.71765619673166	0.48909855332096
5.94000000000000	0.24950475035391	-0.06403062520128	-0.71567697068787	0.48809544809910
5.95000000000000	0.24746684008557	-0.06514369876932	-0.71370975593634	0.48709573204669
5.96000000000000	0.24543808036173	-0.06621893250230	-0.71176173143828	0.48609989728527
5.97000000000000	0.24341360118699	-0.06727946297864	-0.70982215570944	0.48510601477088
5.98000000000000	0.24139901966868	-0.06831080598150	-0.70790126797577	0.48411686550545
5.99000000000000	0.23939009678194	-0.06932478311865	-0.70599120855364	0.48313271750677
6.00000000000000	0.23738548484091	-0.07032553032490	-0.70408939852234	0.48215237965006
6.01000000000000	0.23538522214207	-0.07130037081543	-0.70220516691546	0.48118198354428
6.02000000000000	0.23338580830676	-0.07226503672584	-0.70032844557670	0.48021626319693
6.03000000000000	0.23138765622572	-0.07321001328747	-0.69846652662944	0.47925993305646
6.04000000000000	0.22938850178310	-0.07413436511023	-0.69661540749114	0.47831490456510
6.05000000000000	0.22738867033061	-0.07504725255117	-0.69477015253192	0.47737615114704
6.06000000000000	0.22538239641973	-0.07592619931459	-0.69293711256176	0.47645571551790
6.07000000000000	0.22337285731438	-0.07679054682757	-0.69110949138950	0.47554270368278
6.08000000000000	0.22135818083343	-0.07763192424381	-0.68929039601881	0.47464137226013
6.09000000000000	0.21933867657147	-0.07844130298082	-0.68748102493616	0.47375455081646
6.10000000000000	0.21731699056832	-0.07923473609241	-0.68567625169043	0.47287418002447
6.11000000000000	0.21529080348614	-0.07998712840764	-0.68388207900642	0.47200653269773
6.12000000000000	0.21326283366392	-0.08071661646846	-0.68209550880902	0.47114292691917
6.13000000000000	0.21123294178364	-0.08142141034726	-0.68031713521931	0.47028367852876
6.14000000000000	0.20920393214348	-0.08208452009737	-0.67855434592904	0.46942930666005
6.15000000000000	0.20717597497181	-0.08272931312359	-0.67679899025884	0.46857701036664
6.16000000000000	0.20515137825269	-0.08333377987390	-0.67506091957140	0.46772917813454
6.17000000000000	0.20312999598616	-0.08390983046433	-0.67333828893960	0.46688373905951
6.18000000000000	0.20111100130561	-0.08446477449836	-0.67162712665563	0.46604007754010
6.19000000000000	0.19909855811054	-0.08497516910083	-0.66994322340240	0.46520189306502
6.20000000000000	0.19708918408389	-0.08546913569185	-0.66826987907505	0.46436643398323
6.21000000000000	0.19508589700757	-0.08593196844572	-0.66661675547865	0.46353643204158
6.22000000000000	0.19308949056231	-0.08636750347000	-0.66498156169455	0.46271146056694
6.23000000000000	0.19109681659405	-0.08678821165068	-0.66335605384660	0.46188925928659
6.24000000000000	0.18911326771306	-0.08717211964127	-0.66175304813574	0.46107503948639
6.25000000000000	0.18713271001940	-0.08754043519432	-0.66015783764140	0.46026363354375
6.26000000000000	0.18515673749858	-0.08788484919490	-0.65857457638692	0.45945654094620
6.27000000000000	0.18318377196209	-0.08819807222547	-0.65700228525452	0.45864919114366
6.28000000000000	0.18121178840102	-0.08849642887259	-0.65543469449188	0.45784143698053
6.29000000000000	0.17923999855848	-0.08875946771221	-0.65387576598014	0.45703138638967
6.30000000000000	0.17726755834000	-0.08900457814706	-0.65232165749684	0.45622271484921
6.31000000000000	0.17529443414172	-0.08923083384622	-0.65077261808485	0.45541549361238
6.32000000000000	0.17332018820287	-0.08942946563336	-0.64923346124024	0.45461507194877
6.33000000000000	0.17134567451892	-0.08961669988431	-0.64769894464106	0.45381805070694
6.34000000000000	0.16937089817445	-0.08978000934022	-0.64617503202958	0.45302908034272
6.35000000000000	0.16739558763499	-0.08992559783161	-0.64465969861940	0.45224841129914
6.36000000000000	0.16541989028230	-0.09005835448523	-0.64315057745116	0.45147375328276
6.37000000000000	0.16344399326466	-0.09016494029705	-0.64165819426514	0.45071383650401
6.38000000000000	0.16146903545734	-0.09026172968077	-0.64017306825337	0.44995857505867
6.39000000000000	0.15949621019379	-0.09034001889199	-0.63870199814267	0.44921179968276
6.40000000000000	0.15752502848847	-0.09039683389856	-0.63724376553101	0.44847053899646
6.41000000000000	0.15555472801770	-0.09044187795436	-0.63579237403665	0.44773214931920
6.42000000000000	0.15358655339129	-0.09045242196216	-0.63435648754029	0.44699864703491
6.43000000000000	0.15162033713407	-0.09044718307879	-0.63292724023192	0.44626616354030
6.44000000000000	0.14965704602753	-0.09041836981786	-0.63150790965696	0.44553520177780
6.45000000000000	0.14769795618375	-0.09035835082178	-0.63009883566470	0.44480252529583
6.46000000000000	0.14574107593400	-0.09028324667017	-0.62869420651357	0.44406904076299
6.47000000000000	0.14379038825257	-0.09017107293115	-0.62729830839423	0.44333365963000
6.48000000000000	0.14184312655379	-0.09004003529588	-0.62590783246564	0.44259967074193
6.49000000000000	0.13989937941558	-0.08988964604307	-0.62452291891719	0.44186711009493
6.50000000000000	0.13795869821907	-0.08971326431595	-0.62314799440668	0.44113867430326
6.51000000000000	0.13601934375081	-0.08952720057625	-0.62177739080341	0.44041160592792
6.52000000000000	0.13408285758734	-0.08932230637035	-0.62041612650789	0.43968693342745
6.53000000000000	0.13214937953236	-0.08910736529030	-0.61906216127064	0.43896438838498
6.54000000000000	0.13021802471856	-0.08888533273166	-0.61771334799556	0.43824334498598
6.55000000000000	0.12828944562631	-0.08865176549655	-0.61637545281515	0.43753111768825
6.56000000000000	0.12636153471503	-0.08841344967897	-0.61504166301502	0.43682136802519
6.57000000000000	0.12443476395637	-0.08816610026429	-0.61371557572374	0.43611601384420
6.58000000000000	0.12251124261346	-0.08790735604154	-0.61239649154425	0.43541101519457
6.59000000000000	0.12058944692886	-0.08764238331738	-0.61108105239200	0.43470620453516
6.60000000000000	0.11867183823903	-0.08735878907169	-0.60977298896806	0.43400183373422
6.61000000000000	0.11675520577405	-0.08706621022285	-0.60846800848699	0.43329775159968
6.62000000000000	0.11483999433691	-0.08676055306380	-0.60716751564801	0.43259408965828
6.63000000000000	0.11292593880820	-0.08643586076744	-0.60587188438985	0.43188514064194
6.64000000000000	0.11101233429578	-0.08610238319347	-0.60457845629543	0.43117346866444
6.65000000000000	0.10909942140818	-0.08574886098082	-0.60328988886619	0.43045442678321
6.66000000000000	0.10718682946342	-0.08538614625723	-0.60200469549898	0.42973374556789
6.67000000000000	0.10527455868057	-0.08501423274743	-0.60072287849709	0.42901142389938
6.68000000000000	0.10336464834212	-0.08463059769025	-0.59944883782510	0.42828748777027
6.69000000000000	0.10145644509293	-0.08424240523207	-0.59817791980148	0.42756265691094
6.70000000000000	0.09955275831562	-0.08384503932231	-0.59691342298821	0.42683565962089
6.71000000000000	0.09765528272680	-0.08344270239377	-0.59565120723600	0.42610838077270
6.72000000000000	0.09576208016625	-0.08303694561991	-0.59439056075484	0.42538090822472
6.73000000000000	0.09388188096464	-0.08262416528698	-0.59313488678884	0.42465726897716
6.74000000000000	0.09200650618223	-0.08220839471679	-0.59188145550672	0.42393521150334
6.75000000000000	0.09014009624105	-0.08178696819536	-0.59063229452465	0.42321613458880
6.76000000000000	0.08828107312676	-0.08136073734828	-0.58938491608983	0.42249867587189
6.77000000000000	0.08642587084040	-0.08093219265324	-0.58813837595893	0.42178189866788
6.78000000000000	0.08457886614940	-0.08050162193006	-0.58689219743309	0.42106391456158
6.79000000000000	0.08273316364926	-0.08007214262343	-0.58564731449149	0.42034367432848
6.80000000000000	0.08088930862933	-0.07964421176147	-0.58440426965696	0.41962023322088
6.81000000000000	0.07904433014275	-0.07922078792074	-0.58316425593585	0.41889057156332
6.82000000000000	0.07719879558893	-0.07879972422017	-0.58192554140516	0.41815776574582
6.83000000000000	0.07535184033295	-0.07838514262407	-0.58068944335060	0.41741669878343
6.84000000000000	0.07350442229313	-0.07797352501871	-0.57945535197266	0.41667093444850
6.85000000000000	0.07165655251685	-0.07756480064893	-0.57822321936879	0.41592058487477
6.86000000000000	0.06980845193028	-0.07716066003074	-0.57699488609162	0.41516303748478
6.87000000000000	0.06796121284813	-0.07675869345007	-0.57576802712143	0.41440272737490
6.88000000000000	0.06611689934646	-0.07636159424269	-0.57454413252784	0.41363690037124
6.89000000000000	0.06427746970294	-0.07596668502214	-0.57332174515967	0.41286755498297
6.90000000000000	0.06244131441769	-0.07557324406732	-0.57210036830324	0.41209585071132
6.91000000000000	0.06061367511893	-0.07518099392328	-0.57087862430009	0.41131977535556
6.92000000000000	0.05878912790436	-0.07478968121913	-0.56965574985769	0.41054272669592
6.93000000000000	0.05697026700388	-0.07440020291335	-0.56843057848104	0.40976402237420
6.94000000000000	0.05515733497732	-0.07401622518656	-0.56720210323365	0.40898402512893
6.95000000000000	0.05334738707799	-0.07363545443604	-0.56597190190577	0.40820339794419
6.96000000000000	0.05154316161537	-0.07326746135012	-0.56473743557671	0.40742187746549
6.97000000000000	0.04974030667024	-0.07290667805349	-0.56350135751676	0.40664105489017
6.98000000000000	0.04793934708403	-0.07255586554412	-0.56226305051150	0.40586119748125
6.99000000000000	0.04614189808810	-0.07221822110753	-0.56102280910704	0.40508253356654
7.00000000000000	0.04434645423201	-0.07188678808671	-0.55978222897779	0.40430391885031
7.01000000000000	0.04255697819770	-0.07157020300469	-0.55854276923853	0.40352369336371
7.02000000000000	0.04077166795685	-0.07126281939993	-0.55730525754272	0.40274045512800
7.03000000000000	0.03899032425781	-0.07096419716194	-0.55606960071462	0.40195434824422
7.04000000000000	0.03721733945567	-0.07068200285523	-0.55483671540110	0.40115872954002
7.05000000000000	0.03544816127195	-0.07040759660170	-0.55360467820692	0.40035829404780
7.06000000000000	0.03368727638167	-0.07015045747439	-0.55237408438735	0.39954689061841
7.07000000000000	0.03193192674450	-0.06990853360208	-0.55114431464957	0.39872769482140
7.08000000000000	0.03018019324937	-0.06967654974922	-0.54991508327866	0.39790340832523
7.09000000000000	0.02843581690553	-0.06946766005872	-0.54868389450935	0.39707054379264
7.10000000000000	0.02669360497252	-0.06926757986880	-0.54745078354508	0.39623591117709
7.11000000000000	0.02495525333167	-0.06908364937583	-0.54621395190036	0.39539828920548
7.12000000000000	0.02321885103964	-0.06891862364256	-0.54497291517361	0.39456023645694
7.13000000000000	0.02148342928728	-0.06876335073240	-0.54372974111519	0.39372219754030
7.14000000000000	0.01975006126901	-0.06863170159827	-0.54248179988286	0.39288721293512
7.15000000000000	0.01801793744753	-0.06850851632675	-0.54123195026323	0.39205352515285
7.16000000000000	0.01628749105096	-0.06839674202649	-0.53997952775772	0.39122158574596
7.17000000000000	0.01455944358492	-0.06829917347977	-0.53872463014835	0.39038892998852
7.18000000000000	0.01283265474014	-0.06820882066860	-0.53746900734060	0.38955544950742
7.19000000000000	0.01110927143025	-0.06813733261560	-0.53621301449158	0.38871849106252
7.20000000000000	0.00938803649668	-0.06807857046489	-0.53495725953573	0.38787677278354
7.21000000000000	0.00766879694226	-0.06803162793817	-0.53370172553141	0.38703063364325
7.22000000000000	0.00595193974658	-0.06800846816663	-0.53244448969518	0.38617227684341
7.23000000000000	0.00423641381141	-0.06799640321061	-0.53118570566112	0.38530913498178
7.24000000000000	0.00252398311989	-0.06800854115611	-0.52992288854643	0.38443634978486
7.25000000000000	0.00081610052452	-0.06804349407268	-0.52865590702305	0.38355972154582
7.26000000000000	-0.00088888725480	-0.06809296848185	-0.52738627489672	0.38268064725031
7.27000000000000	-0.00258504215434	-0.06817879449829	-0.52610990794751	0.38180071055799
7.28000000000000	-0.00427811600509	-0.06827718780420	-0.52483138876619	0.38092183828267
7.29000000000000	-0.00596563064435	-0.06839824062825	-0.52354901412863	0.38004507971277
7.30000000000000	-0.00764458025048	-0.06854402854307	-0.52226375482590	0.37917093092924
7.31000000000000	-0.00931902732676	-0.06870251846518	-0.52097730686902	0.37829786759080
7.32000000000000	-0.01098117427105	-0.06889239717023	-0.51969121814937	0.37742461737998
7.33000000000000	-0.01263847635056	-0.06909380499595	-0.51840642342812	0.37655063560447
7.34000000000000	-0.01428941011778	-0.06931036722616	-0.51712332959768	0.37567569222681
7.35000000000000	-0.01593416423887	-0.06954392028935	-0.51584274070233	0.37479756657253
7.36000000000000	-0.01757646988477	-0.06978491670078	-0.51456275733650	0.37391745325385
7.37000000000000	-0.01921423770298	-0.07004211111129	-0.51328258891432	0.37303120078302
7.38000000000000	-0.02084891112114	-0.07031003540658	-0.51200031277393	0.37214005384070
7.39000000000000	-0.02248078115664	-0.07058768047893	-0.51071612713876	0.37124447273463
7.40000000000000	-0.02410788205331	-0.07088603446988	-0.50942481754191	0.37034462222038
7.41000000000000	-0.02573341581244	-0.07119415540265	-0.50813061106206	0.36944403452387
7.42000000000000	-0.02735608404654	-0.07152346133057	-0.50683048332270	0.36854284645313
7.43000000000000	-0.02897622417883	-0.07187370543448	-0.50552440470086	0.36764371248301
7.44000000000000	-0.03059479682629	-0.07223693171852	-0.50421463638666	0.36674585210540
7.45000000000000	-0.03220742552193	-0.07263145070659	-0.50289554477451	0.36585084576300
7.46000000000000	-0.03381787541010	-0.07303830896201	-0.50157409672385	0.36495611271260
7.47000000000000	-0.03542441343743	-0.07346740596987	-0.50024852130968	0.36406179500666
7.48000000000000	-0.03702653174368	-0.07392326997170	-0.49891975793847	0.36316863285740
7.49000000000000	-0.03862651977609	-0.07439269702072	-0.49758931167580	0.36227600898101
7.50000000000000	-0.04022245854751	-0.07489491627849	-0.49625411580006	0.36138421010327
7.51000000000000	-0.04181689087494	-0.07540923155631	-0.49491801973273	0.36049078235132
7.52000000000000	-0.04340939246961	-0.07593904968876	-0.49358076993556	0.35959526695404
7.53000000000000	-0.04499866680890	-0.07648755777051	-0.49224112858068	0.35869397847144
7.54000000000000	-0.04658578414404	-0.07704439791396	-0.49090038019959	0.35779016933571
7.55000000000000	-0.04816608890441	-0.07761989501209	-0.48955704020808	0.35688086234683
7.56000000000000	-0.04974135165011	-0.07820781070601	-0.48821406025882	0.35596757682109
7.57000000000000	-0.05131215898674	-0.07880670017288	-0.48687139846323	0.35505077563539
7.58000000000000	-0.05287483567923	-0.07942753405945	-0.48552991115246	0.35412964487159
7.59000000000000	-0.05443384601017	-0.08005773619756	-0.48418829431305	0.35320775353871
7.60000000000000	-0.05598510497187	-0.08070735308847	-0.48284591415818	0.35228513921420
7.61000000000000	-0.05752950799830	-0.08137193692149	-0.48150141785653	0.35136572699533
7.62000000000000	-0.05906977081317	-0.08204555909926	-0.48015564364092	0.35044824848707
7.63000000000000	-0.06059998281448	-0.08274116905833	-0.47880588198570	0.34953859433031
7.64000000000000	-0.06212703091301	-0.08344438649817	-0.47745416337542	0.34863103084431
7.65000000000000	-0.06364848246436	-0.08416111065289	-0.47609893196788	0.34772713833049
7.66000000000000	-0.06516478510380	-0.08489097963264	-0.47473762869264	0.34682545085493
7.67000000000000	-0.06667844937246	-0.08562729568993	-0.47337323719876	0.34592485506922
7.68000000000000	-0.06818527558373	-0.08637776402136	-0.47200104636902	0.34502675011145
7.69000000000000	-0.06968827881885	-0.08713469992549	-0.47062589792462	0.34412921328255
7.70000000000000	-0.07118650421647	-0.08789971880220	-0.46924705314477	0.34323238648355
7.71000000000000	-0.07267747578036	-0.08867656990123	-0.46786416466743	0.34233282947830
7.72000000000000	-0.07416556860980	-0.08945852080521	-0.46647960539292	0.34143156974207
7.73000000000000	-0.07564809902395	-0.09025147816564	-0.46509162943980	0.34052525404899
7.74000000000000	-0.07712798371781	-0.09105135062931	-0.46370180367809	0.33961679645835
7.75000000000000	-0.07860558813116	-0.09185718304851	-0.46231038361235	0.33870649281944
7.76000000000000	-0.08007744005156	-0.09267697742519	-0.46091461318416	0.33779516065484
7.77000000000000	-0.08154681724520	-0.09350326950568	-0.45951692520884	0.33688370856711
7.78000000000000	-0.08301109088013	-0.09434330759995	-0.45811525032103	0.33597223633031
7.79000000000000	-0.08447171173815	-0.09519719537824	-0.45671098989090	0.33506388408480
7.80000000000000	-0.08593018451381	-0.09605922771682	-0.45530520898527	0.33415736660730
7.81000000000000	-0.08738204686100	-0.09694434546737	-0.45389675664360	0.33326204642367
7.82000000000000	-0.08883066916860	-0.09783719814189	-0.45248756765840	0.33237042264303
7.83000000000000	-0.09027355636008	-0.09874366181711	-0.45107708762049	0.33148530153582
7.84000000000000	-0.09170964330804	-0.09966079164182	-0.44966429239927	0.33060229597613
7.85000000000000	-0.09314233656611	-0.10058264503957	-0.44825017224587	0.32971990062375
7.86000000000000	-0.09456680080535	-0.10151107536804	-0.44683146010954	0.32883535980968
7.87000000000000	-0.09598745871108	-0.10243980501759	-0.44541045357247	0.32794894099887
7.88000000000000	-0.09740347758083	-0.10336889946998	-0.44398665069410	0.32706023334647
7.89000000000000	-0.09881259874522	-0.10429550720108	-0.44255885550185	0.32616541513521
7.90000000000000	-0.10021861752564	-0.10522040727071	-0.44112877976778	0.32526794093214
7.91000000000000	-0.10161759793224	-0.10614006933563	-0.43969240773724	0.32436465486257
7.92000000000000	-0.10301131858916	-0.10705677363531	-0.43825129912101	0.32346043705318
7.93000000000000	-0.10440061794397	-0.10797099166198	-0.43680620897000	0.32255543603099
7.94000000000000	-0.10578116650997	-0.10888068779190	-0.43535567410748	0.32165441632848
7.95000000000000	-0.10715820055783	-0.10978935653614	-0.43390365957427	0.32075564704002
7.96000000000000	-0.10852820480895	-0.11069650679993	-0.43244916634342	0.31986182219135
7.97000000000000	-0.10989304952377	-0.11160529470093	-0.43099349489921	0.31897158502979
7.98000000000000	-0.11125493932611	-0.11251502072934	-0.42953714859081	0.31808340241130
7.99000000000000	-0.11260959856314	-0.11342925757444	-0.42807830496087	0.31719878231819
8.00000000000000	-0.11396134777118	-0.11434479557044	-0.42661818834571	0.31631467461665
8.01000000000000	-0.11530801918971	-0.11526260398039	-0.42515585046368	0.31543146100121
8.02000000000000	-0.11664768810848	-0.11618435769283	-0.42369099041936	0.31454830880168
8.03000000000000	-0.11798393486045	-0.11710833126245	-0.42222481408602	0.31366481461629
8.04000000000000	-0.11931222953783	-0.11803964040959	-0.42075495453773	0.31277774967295
8.05000000000000	-0.12063700359747	-0.11897324147623	-0.41928048798459	0.31188955309130
8.06000000000000	-0.12195759301958	-0.11990956673875	-0.41780054550456	0.31100001143431
8.07000000000000	-0.12327056246738	-0.12084597452141	-0.41631103408084	0.31011041678634
8.08000000000000	-0.12458013089702	-0.12178183271783	-0.41481776893951	0.30922109718358
8.09000000000000	-0.12588204573671	-0.12271519574886	-0.41331716631632	0.30833303750738
8.10000000000000	-0.12717910901636	-0.12364641594615	-0.41181282684734	0.30744651928916
8.11000000000000	-0.12847219503842	-0.12457587947099	-0.41030542395170	0.30656126474191
8.12000000000000	-0.12975777467194	-0.12549668403601	-0.40879415452291	0.30567713721612
8.13000000000000	-0.13104000417737	-0.12641288403317	-0.40728173167162	0.30479341295876
8.14000000000000	-0.13231537109385	-0.12731924493620	-0.40576726066802	0.30391045995458
8.15000000000000	-0.13358507195425	-0.12821587887704	-0.40425082658549	0.30302665113689
8.16000000000000	-0.13485154962105	-0.12910699189448	-0.40273328518272	0.30214234546849
8.17000000000000	-0.13610776872097	-0.12998243758876	-0.40121366753685	0.30125491557345
8.18000000000000	-0.13735986425765	-0.13085139744506	-0.39969275295051	0.30036495460580
8.19000000000000	-0.13860495420126	-0.13170933839874	-0.39816963496950	0.29947069355500
8.20000000000000	-0.13984306612397	-0.13255392861039	-0.39664276516630	0.29857219146385
8.21000000000000	-0.14107781500271	-0.13339214267467	-0.39511396339037	0.29767179811684
8.22000000000000	-0.14230488000321	-0.13421618581952	-0.39357990267287	0.29676812573803
8.23000000000000	-0.14352768268813	-0.13503471779120	-0.39204442401331	0.29586404636766
8.24000000000000	-0.14474554424519	-0.13584686088557	-0.39050730159161	0.29495949518865
8.25000000000000	-0.14595713001179	-0.13665196446203	-0.38896512025464	0.29405739271990
8.26000000000000	-0.14716602006914	-0.13745461801050	-0.38742071124808	0.29315687857216
8.27000000000000	-0.14836906010828	-0.13825313151956	-0.38587135581388	0.29226091172269
8.28000000000000	-0.14956699917250	-0.13904820199347	-0.38431826998051	0.29136812166404
8.29000000000000	-0.15076086025174	-0.13984051992579	-0.38276220187181	0.29047787129738
8.30000000000000	-0.15194673624934	-0.14062565595303	-0.38119974368326	0.28958968139670
8.31000000000000	-0.15312946687536	-0.14140779926681	-0.37963402513059	0.28870206260766
8.32000000000000	-0.15430602379121	-0.14218397735412	-0.37806149333252	0.28781543087971
8.33000000000000	-0.15547502475646	-0.14295333218051	-0.37648344719790	0.28692721415757
8.34000000000000	-0.15663976003148	-0.14371885544454	-0.37490232202758	0.28603805216462
8.35000000000000	-0.15779132367732	-0.14447409928672	-0.37331426928958	0.28514214951433
8.36000000000000	-0.15893980973073	-0.14522407953396	-0.37172400113286	0.28424319217441
8.37000000000000	-0.16008320414070	-0.14596535156223	-0.37013006773374	0.28333918108199
8.38000000000000	-0.16121885565803	-0.14669365182952	-0.36853205206114	0.28242731009002
8.39000000000000	-0.16235048476036	-0.14741535284631	-0.36693226963704	0.28151166766750
8.40000000000000	-0.16347092003571	-0.14811948854290	-0.36532959855307	0.28058731601134
8.41000000000000	-0.16458590821327	-0.14881366315700	-0.36372623328325	0.27966059493890
8.42000000000000	-0.16569473743388	-0.14949657491508	-0.36212208310725	0.27873119480076
8.43000000000000	-0.16679590747266	-0.15016062463403	-0.36051538854366	0.27780369395533
8.44000000000000	-0.16789341806576	-0.15081672516756	-0.35890769470918	0.27687738282225
8.45000000000000	-0.16898228738029	-0.15145585726111	-0.35729800823326	0.27595435972045
8.46000000000000	-0.17006409298528	-0.15208395000370	-0.35568795850572	0.27503282204113
8.47000000000000	-0.17114039197474	-0.15270343686277	-0.35407762560021	0.27411244234410
8.48000000000000	-0.17220712114925	-0.15330677463668	-0.35246600455740	0.27319225419454
8.49000000000000	-0.17327063090777	-0.15390431732640	-0.35085303567929	0.27227145268464
8.50000000000000	-0.17432813710219	-0.15449084339865	-0.34923702343915	0.27134911461543
8.51000000000000	-0.17538117316827	-0.15506855851410	-0.34761537062989	0.27042265357940
8.52000000000000	-0.17643174280672	-0.15564138327322	-0.34599057412750	0.26949387147433
8.53000000000000	-0.17747670332357	-0.15620164168035	-0.34435705215298	0.26855749714192
8.54000000000000	-0.17851920187868	-0.15675770555871	-0.34271997628198	0.26761887737048
8.55000000000000	-0.17955773329195	-0.15730701048126	-0.34107717375356	0.26667663935631
8.56000000000000	-0.18059030214446	-0.15784801491298	-0.33942709040875	0.26573161113117
8.57000000000000	-0.18161979581017	-0.15838485756905	-0.33777362460932	0.26478558009471
8.58000000000000	-0.18264085124530	-0.15891090470142	-0.33611282899818	0.26383908210683
8.59000000000000	-0.18365649668824	-0.15943095760686	-0.33445009894520	0.26289277553066
8.60000000000000	-0.18466617567155	-0.15994439972403	-0.33278523547524	0.26194668005464
8.61000000000000	-0.18566478222127	-0.16044467902082	-0.33111925128511	0.26100175148089
8.62000000000000	-0.18665843376378	-0.16093826862019	-0.32945290785609	0.26005746667415
8.63000000000000	-0.18764099235429	-0.16141555140670	-0.32778599703941	0.25911482544821
8.64000000000000	-0.18861641837930	-0.16187984811937	-0.32611872100514	0.25817266039752
8.65000000000000	-0.18958642286098	-0.16233427397114	-0.32445116736488	0.25723085729300
8.66000000000000	-0.19054588831061	-0.16276853551354	-0.32278231384881	0.25628584654214
8.67000000000000	-0.19150120286153	-0.16319522304947	-0.32111248176086	0.25533836006835
8.68000000000000	-0.19244848496783	-0.16360741483393	-0.31944055211036	0.25438555296392
8.69000000000000	-0.19338841299306	-0.16400640022452	-0.31776562037666	0.25342702989116
8.70000000000000	-0.19432427582041	-0.16439816832505	-0.31608903090232	0.25246539310816
8.71000000000000	-0.19524883033274	-0.16477287103487	-0.31440789371663	0.25149676344417
8.72000000000000	-0.19616927363944	-0.16514178958288	-0.31272564030173	0.25052564844055
8.73000000000000	-0.19708326359300	-0.16550162874102	-0.31104163474355	0.24955063220315
8.74000000000000	-0.19799000926065	-0.16585324029277	-0.30935446592445	0.24857130133447
8.75000000000000	-0.19889326650536	-0.16620090270960	-0.30766539823121	0.24759008982269
8.76000000000000	-0.19978814136947	-0.16653914101155	-0.30596985050685	0.24660536491170
8.77000000000000	-0.20067840692109	-0.16687092502034	-0.30427114259566	0.24561942420154
8.78000000000000	-0.20156371400525	-0.16719576582392	-0.30256903511380	0.24463217559556
8.79000000000000	-0.20243979210983	-0.16751002544097	-0.30086335348172	0.24364343373739
8.80000000000000	-0.20331182997116	-0.16782006436960	-0.29915628772174	0.24265474853147
8.81000000000000	-0.20417499926583	-0.16812148198438	-0.29744646598872	0.24166729821049
8.82000000000000	-0.20503232197950	-0.16841611545407	-0.29573488952521	0.24068044499779
8.83000000000000	-0.20588531191509	-0.16870572133669	-0.29402201266788	0.23969403428946
8.84000000000000	-0.20673054427931	-0.16898166287216	-0.29230808296719	0.23870350276911
8.85000000000000	-0.20757251721784	-0.16925163968340	-0.29059379794197	0.23771127896013
8.86000000000000	-0.20840815337444	-0.16950994003343	-0.28887885334736	0.23671577913912
8.87000000000000	-0.20923667279731	-0.16975753299149	-0.28716345383552	0.23571806816161
8.88000000000000	-0.21006126603691	-0.16999924599759	-0.28544781483770	0.23471918653701
8.89000000000000	-0.21087427743276	-0.17022437745008	-0.28373179257333	0.23371823652754
8.90000000000000	-0.21168258465138	-0.17044238879131	-0.28201507677169	0.23271564700696
8.91000000000000	-0.21248369762136	-0.17064951111876	-0.28029730032134	0.23171055012963
8.92000000000000	-0.21327424804363	-0.17084248858766	-0.27857691247889	0.23070292817390
8.93000000000000	-0.21405975532869	-0.17102898191845	-0.27685514872204	0.22969463024092
8.94000000000000	-0.21483322963646	-0.17120126852775	-0.27512949606440	0.22868720548195
8.95000000000000	-0.21560056547376	-0.17136676053431	-0.27340220082245	0.22768217540821
8.96000000000000	-0.21636146002569	-0.17152512275577	-0.27167318196636	0.22667965815113
8.97000000000000	-0.21711432820659	-0.17167154117679	-0.26993936785804	0.22568106277226
8.98000000000000	-0.21786385630323	-0.17181331667543	-0.26820326795189	0.22468298632043
8.99000000000000	-0.21860633038120	-0.17194578091901	-0.26646190227886	0.22368432514402
9.00000000000000	-0.21934290423544	-0.17207163963754	-0.26471837422529	0.22268257140587
9.01000000000000	-0.22007521545046	-0.17219272616920	-0.26297328395161	0.22167858343466
9.02000000000000	-0.22079766701287	-0.17230486842566	-0.26123001262032	0.22066789627438
9.03000000000000	-0.22151599167960	-0.17241325578753	-0.25948750716371	0.21965421769285
9.04000000000000	-0.22222637542073	-0.17251441454318	-0.25774647680978	0.21863472451798
9.05000000000000	-0.22292834816786	-0.17260401093399	-0.25600558174087	0.21761080385090
9.06000000000000	-0.22362566623527	-0.17268742081015	-0.25426478325680	0.21658456989180
9.07000000000000	-0.22430827432043	-0.17275607391879	-0.25252478078966	0.21555411909239
9.08000000000000	-0.22498471070773	-0.17282006115521	-0.25078553427443	0.21452332657955
9.09000000000000	-0.22565194994397	-0.17287709524318	-0.24904741428939	0.21349202484054
9.10000000000000	-0.22631010003285	-0.17292384821416	-0.24730957958474	0.21246231389306
9.11000000000000	-0.22696420973071	-0.17296577981007	-0.24557146343429	0.21143342511333
9.12000000000000	-0.22760988321951	-0.17299648790173	-0.24383087922827	0.21040678273798
9.13000000000000	-0.22825068412182	-0.17302263665110	-0.24208869480972	0.20938070442072
9.14000000000000	-0.22888649756395	-0.17304411856936	-0.24034487245281	0.20835520345950
9.15000000000000	-0.22951531417075	-0.17305635899382	-0.23859772704356	0.20733002717111
9.16000000000000	-0.23014100740293	-0.17306428534940	-0.23684907504483	0.20630467361259
9.17000000000000	-0.23075982338684	-0.17306246912552	-0.23509707580892	0.20527851377470
9.18000000000000	-0.23137157324279	-0.17305291028882	-0.23334410656403	0.20424939599167
9.19000000000000	-0.23197834696911	-0.17303789892630	-0.23159045421653	0.20321819515571
9.20000000000000	-0.23257277007089	-0.17301004102201	-0.22983712320254	0.20218503292012
9.21000000000000	-0.23316227014373	-0.17297683783273	-0.22808383778024	0.20115252235263
9.22000000000000	-0.23374245680632	-0.17293345930242	-0.22633061542870	0.20012164741021
9.23000000000000	-0.23431340926877	-0.17287725896895	-0.22457620461405	0.19909301401931
9.24000000000000	-0.23487937416000	-0.17281423140133	-0.22282125753874	0.19806559788808
9.25000000000000	-0.23543152032506	-0.17273416858152	-0.22106685053393	0.19704168000933
9.26000000000000	-0.23597792437790	-0.17264663005768	-0.21931252195687	0.19601941876204
9.27000000000000	-0.23651598923166	-0.17254823466067	-0.21755830727947	0.19499956342029
9.28000000000000	-0.23704459479109	-0.17243680474390	-0.21580377121592	0.19397989790508
9.29000000000000	-0.23756892784489	-0.17231969598126	-0.21404925809555	0.19295930718344
9.30000000000000	-0.23808388238185	-0.17219098646654	-0.21229549261797	0.19193249225356
9.31000000000000	-0.23859368387467	-0.17205644659103	-0.21054286133905	0.19090285170907
9.32000000000000	-0.23909834026078	-0.17191608533543	-0.20879136251173	0.18987038990235
9.33000000000000	-0.23959361240691	-0.17176605739249	-0.20704139251003	0.18883666256873
9.34000000000000	-0.24008456419903	-0.17161157097849	-0.20529175470716	0.18780237451695
9.35000000000000	-0.24056590708134	-0.17144715919911	-0.20354242955390	0.18676686449648
9.36000000000000	-0.24103998189850	-0.17127446982232	-0.20179296466292	0.18573067272453
9.37000000000000	-0.24150906810473	-0.17109609891788	-0.20004340385960	0.18469401301609
9.38000000000000	-0.24196630935844	-0.17090493588761	-0.19829298456490	0.18365867613879
9.39000000000000	-0.24241896593431	-0.17070873625167	-0.19654219971561	0.18262471618439
9.40000000000000	-0.24286306064584	-0.17050310996198	-0.19479072407763	0.18159353865435
9.41000000000000	-0.24329878341185	-0.17028630251347	-0.19303880906504	0.18056554845130
9.42000000000000	-0.24373010694591	-0.17006352854366	-0.19128670627534	0.17953913381884
9.43000000000000	-0.24415074567555	-0.16982474552042	-0.18953486527290	0.17851489236973
9.44000000000000	-0.24456619548383	-0.16957936580608	-0.18778291400925	0.17749033118549
9.45000000000000	-0.24497430037760	-0.16932464848018	-0.18603080667091	0.17646531741639
9.46000000000000	-0.24537252163977	-0.16905860073222	-0.18427822501750	0.17543807604993
9.47000000000000	-0.24576621960738	-0.16878703070589	-0.18252561045593	0.17440978686327
9.48000000000000	-0.24614964162980	-0.16850165174704	-0.18077361192333	0.17337901092148
9.49000000000000	-0.24652657159171	-0.16820674765860	-0.17902255018462	0.17234764770027
9.50000000000000	-0.24689717854875	-0.16790256647844	-0.17727240084535	0.17131571249261
9.51000000000000	-0.24725583144350	-0.16758199919994	-0.17552340468004	0.17028464049946
9.52000000000000	-0.24760969229088	-0.16725465063056	-0.17377476701698	0.16925445147772
9.53000000000000	-0.24795372722336	-0.16691314115817	-0.17202673941423	0.16822671990353
9.54000000000000	-0.24829084378679	-0.16656014319460	-0.17027973902140	0.16720170809430
9.55000000000000	-0.24862333268758	-0.16619946063640	-0.16853342572418	0.16617851552234
9.56000000000000	-0.24894369567378	-0.16581998198388	-0.16678893655789	0.16515984082877
9.57000000000000	-0.24925928503493	-0.16543373801465	-0.16504425867343	0.16414250809499
9.58000000000000	-0.24956602207690	-0.16503507389902	-0.16329905120801	0.16312757744358
9.59000000000000	-0.24986454135750	-0.16462555017997	-0.16155260097761	0.16211356604272
9.60000000000000	-0.25015874480773	-0.16421042180928	-0.15980565652469	0.16109986251246
9.61000000000000	-0.25044191058347	-0.16378236990971	-0.15805971384529	0.16008444543558
9.62000000000000	-0.25072005190715	-0.16334805071056	-0.15631496297055	0.15906748296717
9.63000000000000	-0.25099126050034	-0.16290508390197	-0.15457185654586	0.15804838817013
9.64000000000000	-0.25125339662024	-0.16244863322250	-0.15283077326901	0.15702566856457
9.65000000000000	-0.25151121071212	-0.16198603425825	-0.15109058314958	0.15600127796927
9.66000000000000	-0.25175854927477	-0.16150944331571	-0.14935232429763	0.15497302185076
9.67000000000000	-0.25199959042694	-0.16102436566411	-0.14761487184115	0.15394387225910
9.68000000000000	-0.25223464870514	-0.16053122518877	-0.14587818550315	0.15291387382055
9.69000000000000	-0.25245940579541	-0.16002282570054	-0.14414189473681	0.15188447472233
9.70000000000000	-0.25267974558257	-0.15950792749097	-0.14240554197204	0.15085630707995
9.71000000000000	-0.25289073402291	-0.15897931746693	-0.14066881965915	0.14983174892990
9.72000000000000	-0.25309417004077	-0.15843880596857	-0.13893222406656	0.14881222493720
9.73000000000000	-0.25329268358096	-0.15789053739068	-0.13719571106704	0.14779598208075
9.74000000000000	-0.25347867740175	-0.15732279303687	-0.13545941306895	0.14678493118223
9.75000000000000	-0.25365948372054	-0.15674835928560	-0.13372305421023	0.14577512454613
9.76000000000000	-0.25383072042377	-0.15616179367795	-0.13198656044351	0.14476747633505
9.77000000000000	-0.25399240342511	-0.15556127118050	-0.13025131886842	0.14375830702057
9.78000000000000	-0.25414919051105	-0.15495341878625	-0.12851675386500	0.14274837751980
9.79000000000000	-0.25429448225862	-0.15432609721949	-0.12678422116552	0.14173690903619
9.80000000000000	-0.25443465526333	-0.15369000373329	-0.12505301581525	0.14072448269561
9.81000000000000	-0.25456794285612	-0.15304211081114	-0.12332359593189	0.13971076790591
9.82000000000000	-0.25469060335389	-0.15237811422931	-0.12159775285787	0.13869471306677
9.83000000000000	-0.25480868747489	-0.15170746649343	-0.11987336870623	0.13767777407478
9.84000000000000	-0.25491715279061	-0.15102379131248	-0.11815177778161	0.13665939154522
9.85000000000000	-0.25501971496356	-0.15033294877951	-0.11643099719363	0.13564041857972
9.86000000000000	-0.25511680658440	-0.14963546412820	-0.11471096755968	0.13462089844628
9.87000000000000	-0.25520350060474	-0.14892582586281	-0.11299019534792	0.13360439594425
9.88000000000000	-0.25528613603092	-0.14821113915058	-0.11126916489731	0.13258965028134
9.89000000000000	-0.25536060810270	-0.14748598446881	-0.10954764760980	0.13157903479002
9.90000000000000	-0.25542846745933	-0.14674984156107	-0.10782565972455	0.13057088700342
9.91000000000000	-0.25549212772857	-0.14600672110778	-0.10610337300878	0.12956430621428
9.92000000000000	-0.25554431215191	-0.14524832246968	-0.10437818641381	0.12856038247638
9.93000000000000	-0.25559223377139	-0.14448467997542	-0.10265311820193	0.12755745934185
9.94000000000000	-0.25563243326527	-0.14371159401592	-0.10092841923670	0.12655635057673
9.95000000000000	-0.25566242104667	-0.14292264210506	-0.09920725251348	0.12555544747288
9.96000000000000	-0.25568705719469	-0.14212548938997	-0.09748797140103	0.12455437153644
9.97000000000000	-0.25569722540471	-0.14130741039106	-0.09577416413562	0.12354976649560
9.98000000000000	-0.25570170212902	-0.14048187427117	-0.09406176813493	0.12254217767247
9.99000000000000	-0.25569871463245	-0.13964655835021	-0.09235122296762	0.12153067570411
10.00000000000000	-0.25568665313537	-0.13879947405670	-0.09064319773346	0.12051404571685
