# Waketime [ns]	 	DipolX [V/pC/mm]	  	DipolY [V/pC/mm]	 	QuadX [V/pC/mm]	 	QuadY [V/pC/mm]
0.00000000000000	0.00000000000000	0.00000000000000	0.00000000000000	0.00000000000000
0.01000000000000	25.23601841595124	35.98443724081319	-16.30439950221591	12.51890425289811
0.02000000000000	21.24263649537577	30.76190331012729	-13.26002242455176	10.10225087105530
0.03000000000000	20.38612867329823	30.94924876348846	-12.97320655203070	10.05272608153221
0.04000000000000	19.74515437479007	31.57581533895148	-13.00159282455614	10.27028844763675
0.05000000000000	19.17082979964105	32.17936511785494	-13.16372808966588	10.52122090904425
0.06000000000000	18.58306213556864	32.57716899851307	-13.33388403959663	10.72097290391704
0.07000000000000	17.92049508101227	32.60554631858037	-13.39087482812996	10.76284235337292
0.08000000000000	17.36406818345584	32.39494219458214	-13.42020838207726	10.71470534533601
0.09000000000000	16.78897085146018	31.89818755099483	-13.33471071671189	10.53120641609101
0.10000000000000	16.30379765253525	31.19812565960566	-13.19677875397471	10.27263578992090
0.11000000000000	15.88725188649475	30.31392570920487	-12.99107377378809	9.94893906289681
0.12000000000000	15.44407094336986	29.21718887187950	-12.68096472421814	9.55662942114442
0.13000000000000	15.04892587270688	28.00740951377320	-12.33730862159265	9.15625635824261
0.14000000000000	14.59709195971701	26.65269473476388	-11.92370228292557	8.74195257672488
0.15000000000000	14.12466471018673	25.21114956087185	-11.48249470647834	8.34759113275909
0.16000000000000	13.59879624520071	23.68129583572887	-11.01135615708605	7.96848505194134
0.17000000000000	13.01134690246216	22.07697826251665	-10.51753273796580	7.62395124206377
0.18000000000000	12.38767794181607	20.44210502641209	-10.02144424243547	7.30754954972576
0.19000000000000	11.72667742245472	18.78680419961127	-9.52294254497213	7.02359681765205
0.20000000000000	11.04431971056924	17.13895574896704	-9.03113548409414	6.76501797209549
0.21000000000000	10.35305138788499	15.54156211924897	-8.54926496136397	6.52535084719628
0.22000000000000	9.68202477939135	14.00717446462889	-8.08713717317106	6.30285409235199
0.23000000000000	9.01966397780211	12.57440018565043	-7.63954270332331	6.08229359336822
0.24000000000000	8.37967035485086	11.26350585724390	-7.21206522427550	5.86081803812235
0.25000000000000	7.77726472015337	10.10056498788087	-6.81251246098694	5.63389827110033
0.26000000000000	7.18713148249066	9.08335981757980	-6.42763784157809	5.39260044009505
0.27000000000000	6.64478058129679	8.22991533682685	-6.07638890794319	5.13860147609744
0.28000000000000	6.11965859609172	7.52562974432928	-5.74560955878729	4.87026953427107
0.29000000000000	5.61825981981641	6.95757438624724	-5.43626085916069	4.58950373766927
0.30000000000000	5.15784995796385	6.51827877934168	-5.15648559859790	4.30045514382730
0.31000000000000	4.71198175275298	6.17084768593584	-4.89253844380227	4.00889739984495
0.32000000000000	4.30728221056563	5.90534498335657	-4.65491101985607	3.71934930486854
0.33000000000000	3.93155180102537	5.69458223459597	-4.43691359704655	3.43954270696636
0.34000000000000	3.57709514932880	5.50855937895105	-4.23240175314376	3.17244412731588
0.35000000000000	3.26593292344545	5.34963333888193	-4.05180334490680	2.92236061760712
0.36000000000000	2.97034400259598	5.18561260385644	-3.88029227544782	2.69226404076357
0.37000000000000	2.70481340424176	5.02246149754311	-3.72466819158531	2.48325286823321
0.38000000000000	2.46060007957431	4.85039068138865	-3.57934243328678	2.29394236034292
0.39000000000000	2.23025643556668	4.66638064949488	-3.44031332651809	2.12542584994038
0.40000000000000	2.02935960052338	4.48363597350669	-3.31416710161177	1.97238668993322
0.41000000000000	1.84206996476122	4.29279284211963	-3.19233196062176	1.83548037465174
0.42000000000000	1.67538324467828	4.10021320766392	-3.07761740583248	1.71080994422608
0.43000000000000	1.52913320277185	3.90524286536363	-2.96901501529607	1.59487616676142
0.44000000000000	1.39787957433697	3.70445131727610	-2.86500145612123	1.48884928791357
0.45000000000000	1.28872923351327	3.50274915537572	-2.76956558410964	1.39028018640290
0.46000000000000	1.19188597031427	3.29186073262779	-2.67976820203024	1.30190084103430
0.47000000000000	1.10676730282275	3.07190653807560	-2.59772090051222	1.22648638333630
0.48000000000000	1.03288597277631	2.84302138827155	-2.52481313126498	1.16656129751274
0.49000000000000	0.96230728370184	2.60134843817245	-2.46072970638050	1.12848519692856
0.50000000000000	0.89545551626994	2.34813963164270	-2.40694949738989	1.11453533358728
0.51000000000000	0.82790237257432	2.08275932434439	-2.36330211229159	1.12857315154803
0.52000000000000	0.75810390260186	1.80655979711984	-2.32988676167578	1.17286836882787
0.53000000000000	0.68800468436747	1.52390148033281	-2.30708472114519	1.24566272370731
0.54000000000000	0.61284615910026	1.23163590360304	-2.29148709720815	1.34410223902277
0.55000000000000	0.53669429447899	0.93628268155239	-2.28340295696611	1.46383151744771
0.56000000000000	0.45916875239064	0.63708104614728	-2.27993693658953	1.59784683978905
0.57000000000000	0.38035591450650	0.33409492352369	-2.27847842410362	1.73932290077439
0.58000000000000	0.30441905275393	0.03191415953322	-2.27917875333680	1.88165303954171
0.59000000000000	0.23065909543516	-0.27240330879861	-2.27845961633785	2.01807074694492
0.60000000000000	0.16149254663623	-0.57811372291737	-2.27477105711802	2.14235588985586
0.61000000000000	0.09773469790814	-0.88475157222608	-2.26647272606895	2.24974793578283
0.62000000000000	0.04059394272669	-1.19174643639869	-2.25192496491905	2.33703134544929
0.63000000000000	-0.00756628864859	-1.49320099189306	-2.23164459316364	2.40289652955861
0.64000000000000	-0.04568371360096	-1.78615871954034	-2.20430081938068	2.44679536668533
0.65000000000000	-0.07276104007296	-2.06394277925929	-2.16990006853962	2.46957880227365
0.66000000000000	-0.08817186174981	-2.31805690512395	-2.12914203425093	2.47346414280534
0.67000000000000	-0.09236833277288	-2.54270742446212	-2.08105919417714	2.46007534891182
0.68000000000000	-0.08521009484442	-2.72787264614089	-2.02691550894074	2.43255660222746
0.69000000000000	-0.06781804995373	-2.86511438445915	-1.96704999180257	2.39329558343188
0.70000000000000	-0.04223754579034	-2.94773758593023	-1.90131127307394	2.34309755612619
0.71000000000000	-0.00944160566208	-2.96457361326737	-1.83164238178905	2.28444761124618
0.72000000000000	0.03001754065729	-2.90954411106520	-1.75805738434705	2.21597890039064
0.73000000000000	0.07424992407303	-2.77445067034025	-1.68180942775584	2.13775007061619
0.74000000000000	0.12169411567910	-2.55382039650836	-1.60380629153157	2.04893361080526
0.75000000000000	0.17137669635794	-2.24643024201374	-1.52420696910155	1.94802100261325
0.76000000000000	0.22186942332406	-1.85072057508971	-1.44577707385709	1.83877975506091
0.77000000000000	0.27299341355038	-1.37407464272342	-1.36864941345440	1.72165790616223
0.78000000000000	0.32367458489213	-0.82728051138122	-1.29450861304133	1.60165749756168
0.79000000000000	0.37391638047882	-0.22614395492412	-1.22490840858989	1.48505107438368
0.80000000000000	0.42485967651467	0.40616482860781	-1.15989020691150	1.37596165377017
0.81000000000000	0.47583868581886	1.04634355387472	-1.10104436019875	1.28244387814607
0.82000000000000	0.52807517259035	1.66786789519786	-1.04791975525764	1.20764851119965
0.83000000000000	0.58179016852727	2.24714262219830	-1.00037665495832	1.15516157325080
0.84000000000000	0.63641456036550	2.76570709529541	-0.95849518501877	1.12792955034078
0.85000000000000	0.69207638581126	3.21085752124146	-0.92102073019726	1.12330685401108
0.86000000000000	0.74788041664134	3.58043402357498	-0.88834340184593	1.14142924347196
0.87000000000000	0.80342835320666	3.87828466562497	-0.85995577734566	1.17778682297176
0.88000000000000	0.85737719966862	4.11327032455361	-0.83505951690607	1.22681053264650
0.89000000000000	0.90832729477754	4.29984428378593	-0.81417515616785	1.28538795436337
0.90000000000000	0.95618309645107	4.44980089519761	-0.79625153990268	1.34524697339953
0.91000000000000	0.99985612545545	4.57417369490821	-0.78147540068112	1.40199957166133
0.92000000000000	1.03889204818573	4.67904767344507	-0.76948243790383	1.44977309722930
0.93000000000000	1.07392762021598	4.76637230105713	-0.75969467150805	1.48245124621849
0.94000000000000	1.10426301194441	4.83453691581806	-0.75278765825339	1.49720544024337
0.95000000000000	1.13092570236325	4.87755209655955	-0.74776616856525	1.48741967422610
0.96000000000000	1.15373458740723	4.88893960880299	-0.74465489376319	1.44976762398852
0.97000000000000	1.17345595906059	4.86234138732916	-0.74366877826643	1.38138478578235
0.98000000000000	1.19071983493283	4.79083025516428	-0.74380663753559	1.27831524448279
0.99000000000000	1.20583794621961	4.67125248442038	-0.74523669579654	1.14122157954669
1.00000000000000	1.21895195126055	4.50209048958445	-0.74648651349174	0.96967158681997
1.01000000000000	1.23090733787466	4.28791053846811	-0.74726243981624	0.76731923089176
1.02000000000000	1.24109936177933	4.03504166232880	-0.74707096107897	0.54088801680230
1.03000000000000	1.24990664555065	3.75563752503642	-0.74491537874191	0.29751025404608
1.04000000000000	1.25601621848677	3.46236314318463	-0.74038735612913	0.04794052531658
1.05000000000000	1.25960631519665	3.17004258572535	-0.73292159764320	-0.19720459557164
1.06000000000000	1.26095883636410	2.89265749283567	-0.72260993004585	-0.42675745376880
1.07000000000000	1.26006442834797	2.64176811951025	-0.70993851152650	-0.62950941665752
1.08000000000000	1.25783265003734	2.42625110523210	-0.69471041012894	-0.79878198786386
1.09000000000000	1.25531102966002	2.25068950768153	-0.67777939453016	-0.92896381396094
1.10000000000000	1.25296679456798	2.11556920430865	-0.65903611265884	-1.01934814265070
1.11000000000000	1.25187702012728	2.01883695680569	-0.63838151767790	-1.07337310981042
1.12000000000000	1.25195234964079	1.95438682354098	-0.61586836863054	-1.09650405771355
1.13000000000000	1.25439027898700	1.91525801649128	-0.59124032679350	-1.09829826953733
1.14000000000000	1.25932638928338	1.89249611867845	-0.56443178129176	-1.08887856895082
1.15000000000000	1.26704032642431	1.87698637456639	-0.53578396381144	-1.07873510741985
1.16000000000000	1.27771342691938	1.86016744595157	-0.50556165007501	-1.07827956072554
1.17000000000000	1.29160624999704	1.83414390499836	-0.47541196627054	-1.09492225231199
1.18000000000000	1.30852845450243	1.79190028782225	-0.44665982001428	-1.13466532522483
1.19000000000000	1.32827024931092	1.72851142453035	-0.42128122990711	-1.20001606691952
1.20000000000000	1.35016045848394	1.63969964047963	-0.40168154692918	-1.28998948189745
1.21000000000000	1.37393043176922	1.52555404157615	-0.39013420404840	-1.40028313698219
1.22000000000000	1.39833313159748	1.38564879656375	-0.38878461467152	-1.52337972970269
1.23000000000000	1.42252209900492	1.22368846352110	-0.39914497225761	-1.64931659475348
1.24000000000000	1.44487431987259	1.04325009497146	-0.42225049316293	-1.76599497644172
1.25000000000000	1.46468310200926	0.85050849735092	-0.45863954116114	-1.86071605518777
1.26000000000000	1.48075234064787	0.65133243164973	-0.50807491218323	-1.92060912596081
1.27000000000000	1.49234412239058	0.45152873956904	-0.56971144660614	-1.93436320276998
1.28000000000000	1.49875899747149	0.25640325239433	-0.64233950090380	-1.89284457542232
1.29000000000000	1.49949721433904	0.07011245969507	-0.72424536054783	-1.78976906721364
1.30000000000000	1.49444532073236	-0.10489587571860	-0.81302269892033	-1.62344639414505
1.31000000000000	1.48421599431872	-0.26459596822956	-0.90668189313290	-1.39476216213559
1.32000000000000	1.46865996658337	-0.40910786453105	-1.00268176269970	-1.10887297317339
1.33000000000000	1.44924787635535	-0.53522290268310	-1.09859836631649	-0.77405977107600
1.34000000000000	1.42652939232405	-0.64174360655368	-1.19219030005214	-0.40029221078620
1.35000000000000	1.40202590608947	-0.72517760838944	-1.28139316275256	0.00061403059242
1.36000000000000	1.37691932181770	-0.78239822063390	-1.36460940451983	0.41691867857104
1.37000000000000	1.35194572185719	-0.81063427484050	-1.44045770155653	0.83696745506991
1.38000000000000	1.32732491431565	-0.80926020406319	-1.50745693878700	1.24916749703662
1.39000000000000	1.30250858525299	-0.78034532784818	-1.56450966775125	1.64368085594367
1.40000000000000	1.27725560043683	-0.72838660018961	-1.61073741851930	2.01130904357689
1.41000000000000	1.25022787694534	-0.66281635815702	-1.64511740983578	2.34420096408210
1.42000000000000	1.22055617893553	-0.59431429719870	-1.66690777155591	2.63624093780874
1.43000000000000	1.18715591206345	-0.53623926687673	-1.67499464192585	2.88178432836830
1.44000000000000	1.14933009831135	-0.49907943743679	-1.66900781742527	3.07789494447984
1.45000000000000	1.10692643279307	-0.49173984168306	-1.64832750485456	3.22295334343104
1.46000000000000	1.06009550685174	-0.51900958637303	-1.61256029007522	3.31731417281270
1.47000000000000	1.00986119436382	-0.58005388298235	-1.56230977141203	3.36402195867246
1.48000000000000	0.95736642346146	-0.67131004990993	-1.49806389235851	3.36764514358747
1.49000000000000	0.90443378715541	-0.78415215416803	-1.42135362049103	3.33505800921890
1.50000000000000	0.85275629692940	-0.90907271203264	-1.33393436722862	3.27334578574871
1.51000000000000	0.80422138926353	-1.03545638305052	-1.23795124597960	3.18978591305736
1.52000000000000	0.76051894844479	-1.15305610619281	-1.13618114410568	3.09095042189767
1.53000000000000	0.72301772735690	-1.25284808090133	-1.03107244490726	2.98110412193722
1.54000000000000	0.69253532215870	-1.32746044401296	-0.92543107017251	2.86292047531490
1.55000000000000	0.66965122196328	-1.37111707986869	-0.82173582348301	2.73665252251905
1.56000000000000	0.65397795996881	-1.37989065839365	-0.72243870353305	2.60057979686011
1.57000000000000	0.64530636810437	-1.35127592161529	-0.62987248141831	2.45237653845906
1.58000000000000	0.64315340669400	-1.28518552537313	-0.54574992089571	2.28865483123325
1.59000000000000	0.64685077674258	-1.18294261533639	-0.47174092451101	2.10699682776683
1.60000000000000	0.65547872287312	-1.04788107048519	-0.40918671537335	1.90671338270989
1.61000000000000	0.66863517680584	-0.88571563189675	-0.35906675615064	1.68841619774036
1.62000000000000	0.68564096045725	-0.70364811512976	-0.32214929793226	1.45495766234418
1.63000000000000	0.70581003921841	-0.50996288460415	-0.29855576750452	1.21037225123614
1.64000000000000	0.72830679664779	-0.31431018977605	-0.28790389867332	0.95906126389952
1.65000000000000	0.75155692547689	-0.12530753531466	-0.28952933918436	0.70584025429938
1.66000000000000	0.77420594005607	0.04916601552602	-0.30199094563111	0.45437679659964
1.67000000000000	0.79468867065895	0.20371820038352	-0.32376062653246	0.20810792465768
1.68000000000000	0.81147598311299	0.33545501191710	-0.35305304586246	-0.03063916739051
1.69000000000000	0.82331645758954	0.44436257052374	-0.38818670104062	-0.26006137503306
1.70000000000000	0.82966401550600	0.53316099521115	-0.42737607579843	-0.47880743348130
1.71000000000000	0.83038668372627	0.60577241834593	-0.46918413851151	-0.68577466546387
1.72000000000000	0.82618446381760	0.66812290550152	-0.51234092792648	-0.87956290327012
1.73000000000000	0.81771111501429	0.72487270875980	-0.55576149671098	-1.05834489918454
1.74000000000000	0.80604933095143	0.78213567753028	-0.59887771338787	-1.21943028280332
1.75000000000000	0.79169055930417	0.84432567478454	-0.64158274168584	-1.35934775828373
1.76000000000000	0.77583533152090	0.91629459408516	-0.68402005963473	-1.47402345424292
1.77000000000000	0.75905890095887	1.00196694052582	-0.72645270679942	-1.55952394307898
1.78000000000000	0.74140893547311	1.10455981650029	-0.76922013695713	-1.61252297418952
1.79000000000000	0.72319639710308	1.22691746786233	-0.81270516830882	-1.63022538040927
1.80000000000000	0.70456192810316	1.37071602714586	-0.85682810590866	-1.61171478784218
1.81000000000000	0.68525816390555	1.53575144911891	-0.90158156731155	-1.55726616791404
1.82000000000000	0.66544857842908	1.72170337760969	-0.94664702261637	-1.46869298604198
1.83000000000000	0.64505429091548	1.92498049177859	-0.99144046425993	-1.34924453263244
1.84000000000000	0.62430539319503	2.14244281408737	-1.03515720727479	-1.20345615966266
1.85000000000000	0.60352618857482	2.36787034700337	-1.07691644212483	-1.03657463767980
1.86000000000000	0.58317156707108	2.59522054021509	-1.11570835628713	-0.85423027218322
1.87000000000000	0.56339030489197	2.81690758667744	-1.15044736496411	-0.66203744007067
1.88000000000000	0.54429176690331	3.02525347415446	-1.18007219196096	-0.46520062948328
1.89000000000000	0.52565839100270	3.21286080208728	-1.20365941004475	-0.26828873920543
1.90000000000000	0.50651527375555	3.37254680152440	-1.22035280650050	-0.07513672064040
1.91000000000000	0.48629164650716	3.49903921063805	-1.22950346840875	0.11121889125270
1.92000000000000	0.46429885345982	3.58802839431140	-1.23078536793565	0.28869141931499
1.93000000000000	0.44066323342979	3.63859419418749	-1.22419144471215	0.45610597931533
1.94000000000000	0.41588026805115	3.65171064313797	-1.21006401011681	0.61308578180148
1.95000000000000	0.39151212911459	3.63100880816394	-1.18923868939606	0.76019210936912
1.96000000000000	0.36958094783047	3.58161722702075	-1.16279072869016	0.89845971637176
1.97000000000000	0.35263372247400	3.50991091919853	-1.13222081781940	1.02920812346051
1.98000000000000	0.34306941500836	3.42256918887003	-1.09886678346968	1.15358427734749
1.99000000000000	0.34284700867000	3.32570956964128	-1.06414859887519	1.27222032061897
2.00000000000000	0.35353212924934	3.22470949281091	-1.02926823201690	1.38517901343897
2.01000000000000	0.37551968739421	3.12277745002392	-0.99514104845836	1.49183911979434
2.02000000000000	0.40796203003535	3.02220314368388	-0.96258634290551	1.59113465837477
2.03000000000000	0.44933498604777	2.92221755184435	-0.93218305756853	1.68185835183895
2.04000000000000	0.49765321688862	2.82095007786912	-0.90423823677013	1.76256781326466
2.05000000000000	0.55009448783541	2.71465513505354	-0.87895831396741	1.83209112774390
2.06000000000000	0.60388093503923	2.59982126627175	-0.85626234759163	1.88953276458557
2.07000000000000	0.65671521895001	2.47327452931505	-0.83614614007206	1.93443304861335
2.08000000000000	0.70667772320963	2.33273349894083	-0.81818004813393	1.96648755019226
2.09000000000000	0.75257913655121	2.17782838774604	-0.80193257035445	1.98594471682428
2.10000000000000	0.79364801120531	2.00987513156435	-0.78736047252607	1.99350714482895
2.11000000000000	0.82920242365658	1.83147354542834	-0.77401101977323	1.98957676718228
2.12000000000000	0.85979278219214	1.64711138498014	-0.76188424287077	1.97491743149579
2.13000000000000	0.88518415185817	1.46050341341098	-0.75104558543657	1.94977033842300
2.14000000000000	0.90501729880778	1.27632441556269	-0.74178165382626	1.91419538688399
2.15000000000000	0.91894861658410	1.09761332239800	-0.73469727194540	1.86811432933313
2.16000000000000	0.92702411490897	0.92743438324362	-0.73003660433225	1.81053880607505
2.17000000000000	0.92936179966713	0.76769638226697	-0.72827162528509	1.74065951112198
2.18000000000000	0.92652904645369	0.61959849542032	-0.72958629090222	1.65769442648294
2.19000000000000	0.91980418368390	0.48373548193092	-0.73377530980649	1.56090099076481
2.20000000000000	0.91081566638490	0.35980315844143	-0.74063437235656	1.45059464397680
2.21000000000000	0.90156830200259	0.24764953779442	-0.74947174741568	1.32777208992928
2.22000000000000	0.89477625858078	0.14567643038491	-0.75957660346946	1.19465383616576
2.23000000000000	0.89230954607138	0.05384158411876	-0.77028866109809	1.05455773580362
2.24000000000000	0.89540544797253	-0.02931727814636	-0.78076422211445	0.91128404545796
2.25000000000000	0.90506890929815	-0.10311548882157	-0.79037489574901	0.76897336156715
2.26000000000000	0.92076132370082	-0.16751808681593	-0.79835785507911	0.63112984943282
2.27000000000000	0.94148216886828	-0.22194081038822	-0.80404683015553	0.50059713918746
2.28000000000000	0.96569277736588	-0.26590833019965	-0.80680623091144	0.37936352854095
2.29000000000000	0.99177879634381	-0.29906090443586	-0.80600526494414	0.26845964663705
2.30000000000000	1.01817303009483	-0.32245044849610	-0.80140034385766	0.16862303208378
2.31000000000000	1.04428582128915	-0.33694530363095	-0.79259938031081	0.08014424109720
2.32000000000000	1.06947920985569	-0.34536205958972	-0.77951007450423	0.00337027659297
2.33000000000000	1.09336731954381	-0.34926241437729	-0.76239062113862	-0.06113500087910
2.34000000000000	1.11580871998744	-0.35141861285660	-0.74154933056106	-0.11266051026998
2.35000000000000	1.13681075970472	-0.35188991563716	-0.71745806539473	-0.15066435312532
2.36000000000000	1.15605810230760	-0.35060080011004	-0.69084083763712	-0.17486128631296
2.37000000000000	1.17341313307657	-0.34440897775433	-0.66239683760707	-0.18561447766559
2.38000000000000	1.18858429293035	-0.32961818573688	-0.63285739733431	-0.18430071120610
2.39000000000000	1.20150983234826	-0.30131554146430	-0.60281442149469	-0.17324840849008
2.40000000000000	1.21200640662159	-0.25458986635377	-0.57289516860447	-0.15550691810714
2.41000000000000	1.22077936878566	-0.18527551489706	-0.54359122491260	-0.13453786249944
2.42000000000000	1.22846517400128	-0.09161671574416	-0.51522121156702	-0.11379493546772
2.43000000000000	1.23608056616058	0.02587171912922	-0.48824692627866	-0.09597580935164
2.44000000000000	1.24477528480649	0.16339428440726	-0.46310594133241	-0.08278045314278
2.45000000000000	1.25544678901071	0.31475389859900	-0.44039106659484	-0.07459624043605
2.46000000000000	1.26975670619093	0.47257980753344	-0.42070091933475	-0.07063974766481
2.47000000000000	1.28874351144967	0.62886672859387	-0.40486144951947	-0.06915055185238
2.48000000000000	1.31326236760716	0.77694192523805	-0.39390482057807	-0.06781316441028
2.49000000000000	1.34352739817749	0.91163842470273	-0.38893318896666	-0.06447748897172
2.50000000000000	1.37986028151706	1.03087076430106	-0.39070123924948	-0.05794384947012
2.51000000000000	1.42202111239990	1.13575838633092	-0.40006853852759	-0.04785029244825
2.52000000000000	1.46898446729104	1.22810125491518	-0.41757002012601	-0.03499476191658
2.53000000000000	1.51979065676070	1.31325796730329	-0.44379441976799	-0.02102057922810
2.54000000000000	1.57281653373655	1.39462424178205	-0.47866043388930	-0.00815390664445
2.55000000000000	1.62705274011610	1.47744810494627	-0.52191613170114	0.00119328756829
2.56000000000000	1.68039587361471	1.56323400688133	-0.57307838837729	0.00519634951638
2.57000000000000	1.73097623796284	1.65270451815994	-0.63146700089055	0.00286762187109
2.58000000000000	1.77766437673636	1.74433934435206	-0.69609485294645	-0.00565738263876
2.59000000000000	1.81913384553184	1.83446110467223	-0.76595217633174	-0.01889580776689
2.60000000000000	1.85448675822803	1.91835080778650	-0.83999801571105	-0.03408391373427
2.61000000000000	1.88323940085541	1.99085198190896	-0.91717813280864	-0.04764807767288
2.62000000000000	1.90501957861828	2.04585182204381	-0.99606115347136	-0.05584585532940
2.63000000000000	1.92051235285637	2.08103976156070	-1.07524659661085	-0.05488504054934
2.64000000000000	1.92981252850587	2.09325693379862	-1.15305596129083	-0.04171977261255
2.65000000000000	1.93394400977048	2.08450849101832	-1.22766994515741	-0.01395540508348
2.66000000000000	1.93374959201490	2.05701803569098	-1.29725037629447	0.02973809509882
2.67000000000000	1.93044380492597	2.01682882742424	-1.35996921928329	0.08969061665399
2.68000000000000	1.92511074966649	1.97074248632804	-1.41420170300566	0.16548928899930
2.69000000000000	1.91796019973176	1.92616041441193	-1.45842004027284	0.25553633415594
2.70000000000000	1.90975035687758	1.89032233898187	-1.49161072333009	0.35796065483317
2.71000000000000	1.90045970762325	1.86850077043176	-1.51302882782615	0.47045961928486
2.72000000000000	1.88985151269169	1.86412506413745	-1.52227505776463	0.59054242000907
2.73000000000000	1.87721616726965	1.87764763637521	-1.51920671021122	0.71580476915896
2.74000000000000	1.86202592697699	1.90675666960725	-1.50408153210750	0.84412483296452
2.75000000000000	1.84376302907920	1.94780726280737	-1.47749679870716	0.97369303873455
2.76000000000000	1.82179918021540	1.99545330950890	-1.44001848596891	1.10288873604689
2.77000000000000	1.79563515503178	2.04428118186112	-1.39247488465997	1.23031314020700
2.78000000000000	1.76519476913003	2.08991131766238	-1.33606027303677	1.35501474007348
2.79000000000000	1.72993092794835	2.12903858256032	-1.27195759909573	1.47595199763747
2.80000000000000	1.68995331177457	2.16000687458526	-1.20161533394517	1.59229870743501
2.81000000000000	1.64541533149705	2.18266657822649	-1.12641707028054	1.70295060263140
2.82000000000000	1.59669179830156	2.19784746217062	-1.04791732872818	1.80672386435319
2.83000000000000	1.54469391771803	2.20733767750023	-0.96769087135493	1.90209999168210
2.84000000000000	1.49031287116805	2.21249344632929	-0.88710211108603	1.98728787122468
2.85000000000000	1.43491683834247	2.21464170295159	-0.80748384815952	2.06029021454338
2.86000000000000	1.37992521673016	2.21364421704084	-0.73018658217535	2.11906284052805
2.87000000000000	1.32711818640034	2.20851048043482	-0.65645210954493	2.16187500492021
2.88000000000000	1.27753211185276	2.19697367122248	-0.58745616369765	2.18707521157180
2.89000000000000	1.23219258173814	2.17578572170259	-0.52425576820501	2.19327299801024
2.90000000000000	1.19194103962081	2.14157347290763	-0.46792248984673	2.17981781666482
2.91000000000000	1.15706517380368	2.09125018310933	-0.41941710782651	2.14626877292557
2.92000000000000	1.12752791233609	2.02270249031196	-0.37951877310883	2.09241946333281
2.93000000000000	1.10313953333882	1.93514401700545	-0.34895653826249	2.01858937633541
2.94000000000000	1.08326122028433	1.82945577350919	-0.32809450073367	1.92499043261932
2.95000000000000	1.06736642489313	1.70849939352225	-0.31712842193310	1.81194473596643
2.96000000000000	1.05489841639737	1.57629250966311	-0.31609167913308	1.68005362216908
2.97000000000000	1.04474630578658	1.43807763956682	-0.32474561798329	1.53011089533296
2.98000000000000	1.03604811748369	1.29940048539520	-0.34257882178904	1.36304229117191
2.99000000000000	1.02778736694570	1.16562993760032	-0.36892044682619	1.18057531788882
3.00000000000000	1.01877572711101	1.04090503351373	-0.40287664862789	0.98495444513010
3.01000000000000	1.00776042075930	0.92721108423176	-0.44354078282510	0.77908214989331
3.02000000000000	0.99358042561337	0.82555185471506	-0.48972557956732	0.56652203828539
3.03000000000000	0.97476742348875	0.73371924806110	-0.53999278914541	0.35102131805638
3.04000000000000	0.95036566202984	0.64912171394365	-0.59303093769283	0.13678072732248
3.05000000000000	0.91965039195520	0.56774240410769	-0.64745600546238	-0.07206979418970
3.06000000000000	0.88177931389827	0.48515333137932	-0.70186723807094	-0.27175381495537
3.07000000000000	0.83615938323476	0.39790001857757	-0.75512321077891	-0.45882206445749
3.08000000000000	0.78296850289329	0.30376475775560	-0.80625592809593	-0.63055045211783
3.09000000000000	0.72306308947568	0.20256815650249	-0.85477089041778	-0.78486667873118
3.10000000000000	0.65772615203710	0.09685800265532	-0.90031899692228	-0.92067680360497
3.11000000000000	0.58863714932454	-0.01002604033762	-0.94291250328916	-1.03768907597438
3.12000000000000	0.51849569068502	-0.11167544508378	-0.98279191929082	-1.13630422741091
3.13000000000000	0.44990760711280	-0.20291377237255	-1.02028762275332	-1.21735288014818
3.14000000000000	0.38586780522360	-0.27677325568712	-1.05571024408828	-1.28193466292416
3.15000000000000	0.32861641380636	-0.32932741329914	-1.08912528899133	-1.33089550241022
3.16000000000000	0.28085044960341	-0.35645352181602	-1.12063310085594	-1.36457610778137
3.17000000000000	0.24439072068648	-0.35799354577682	-1.15012828500845	-1.38254623882611
3.18000000000000	0.22081755053903	-0.33469697767521	-1.17718312540961	-1.38364993840440
3.19000000000000	0.21069843222420	-0.29030591074739	-1.20140167812293	-1.36619362934500
3.20000000000000	0.21403301517049	-0.22995539512481	-1.22244083949523	-1.32782878181786
3.21000000000000	0.23036591283366	-0.15946555518864	-1.24023212072176	-1.26611773680214
3.22000000000000	0.25798771920319	-0.08546677415245	-1.25484137080394	-1.17917673051401
3.23000000000000	0.29494440426332	-0.01348255622491	-1.26661151686684	-1.06575842585247
3.24000000000000	0.33911505500524	0.05214117892898	-1.27614619067843	-0.92590528557505
3.25000000000000	0.38795576767058	0.10750375770365	-1.28406425268174	-0.76091799658090
3.26000000000000	0.43964430848898	0.15075235942494	-1.29148528757827	-0.57272628905765
3.27000000000000	0.49213828671769	0.18052503277715	-1.29910998528021	-0.36462770537515
3.28000000000000	0.54398685240510	0.19680432271067	-1.30777403892237	-0.14006375048374
3.29000000000000	0.59423878738780	0.20034752525812	-1.31811218039471	0.09716102721881
3.30000000000000	0.64213643190672	0.19234669376390	-1.33054607365554	0.34313735312381
3.31000000000000	0.68723350652921	0.17444811590270	-1.34526042049063	0.59404629558549
3.32000000000000	0.72939263144262	0.14854722591083	-1.36212289121527	0.84583454942728
3.33000000000000	0.76851413870065	0.11630899482747	-1.38061083830287	1.09427935544360
3.34000000000000	0.80476762214824	0.07978266982105	-1.39992209899670	1.33505246904377
3.35000000000000	0.83838056651004	0.04057622820162	-1.41912519028300	1.56384335872093
3.36000000000000	0.87015361112508	0.00098407614694	-1.43708187096973	1.77677998711463
3.37000000000000	0.90083343280860	-0.03594779319909	-1.45237451182277	1.97046063070883
3.38000000000000	0.93126534329302	-0.06701698243240	-1.46382634777480	2.14275711959919
3.39000000000000	0.96227186732653	-0.08851336455616	-1.47039106925015	2.29323298802173
3.40000000000000	0.99446052939110	-0.09654469824712	-1.47116820534431	2.42282288441260
3.41000000000000	1.02777954993518	-0.08826813486072	-1.46530613632004	2.53375196826899
3.42000000000000	1.06228052500668	-0.06050352352924	-1.45234389677710	2.62957501760175
3.43000000000000	1.09713091957524	-0.01271691229524	-1.43225831729048	2.71424782331737
3.44000000000000	1.13196419623144	0.05585112973467	-1.40488299033462	2.79124545627720
3.45000000000000	1.16535470327576	0.14250528669271	-1.37052679525725	2.86351771569886
3.46000000000000	1.19632306324014	0.24461690199533	-1.32974886584125	2.93241589117753
3.47000000000000	1.22329958898805	0.35636224073669	-1.28338958449582	2.99737354576369
3.48000000000000	1.24505235669588	0.47229551271179	-1.23239034291986	3.05580028573595
3.49000000000000	1.25993118001180	0.58538332119719	-1.17770351565379	3.10284831342666
3.50000000000000	1.26683874897009	0.68949866522828	-1.12048786613164	3.13211060368776
3.51000000000000	1.26494426290290	0.77932276940902	-1.06187284121677	3.13634381620438
3.52000000000000	1.25364810975137	0.85034742881584	-1.00297193040998	3.10813773587415
3.53000000000000	1.23302713131252	0.90085970113299	-0.94501036114318	3.04091056005062
3.54000000000000	1.20356553679447	0.92986138321151	-0.88897752696908	2.92979584663053
3.55000000000000	1.16621617769974	0.93790636598972	-0.83611673671641	2.77230166741578
3.56000000000000	1.12245289221734	0.92834726662853	-0.78752793720192	2.56841600723317
3.57000000000000	1.07397752509751	0.90425484906286	-0.74426337482102	2.32113561458160
3.58000000000000	1.02258445494165	0.87022743371025	-0.70723645651017	2.03563723199315
3.59000000000000	0.97057707461856	0.83117247506169	-0.67723116061898	1.71923726136733
3.60000000000000	0.92021675228513	0.79165781668397	-0.65488064220088	1.38100401684801
3.61000000000000	0.87382957210130	0.75666205804628	-0.64062770956065	1.03080970858231
3.62000000000000	0.83353850957545	0.72966825238682	-0.63472776957629	0.67889770329071
3.63000000000000	0.80151345696913	0.71454559793294	-0.63723975720730	0.33548848889128
3.64000000000000	0.77894584277495	0.71309148751382	-0.64799059872459	0.01013682634533
3.65000000000000	0.76676721950897	0.72742318404056	-0.66686549878393	-0.28834326997472
3.66000000000000	0.76487423595396	0.75756414331385	-0.69352366911015	-0.55267416941887
3.67000000000000	0.77277373896296	0.80348049944025	-0.72750867892601	-0.77678994724240
3.68000000000000	0.78922516255815	0.86392555355379	-0.76832328769685	-0.95619805177594
3.69000000000000	0.81245988866248	0.93688656648104	-0.81545332869829	-1.08819942589852
3.70000000000000	0.84047888231704	1.01926921068633	-0.86823693530485	-1.17149395030254
3.71000000000000	0.87130476399289	1.10682461825473	-0.92581181675403	-1.20658842269721
3.72000000000000	0.90306883162030	1.19461343977660	-0.98726170664751	-1.19577602834212
3.73000000000000	0.93320912142701	1.27648585475248	-1.05146417624202	-1.14275709067125
3.74000000000000	0.95994121987660	1.34627598135313	-1.11721078059745	-1.05276716768963
3.75000000000000	0.98151101662296	1.39777229282596	-1.18309076691443	-0.93245483195213
3.76000000000000	0.99638304029652	1.42584706410426	-1.24777427617695	-0.78939413459510
3.77000000000000	1.00322073539964	1.42664730249200	-1.30981950528608	-0.63184801842487
3.78000000000000	1.00132274251413	1.39869328731749	-1.36823332891982	-0.46793007495316
3.79000000000000	0.99022176564005	1.34223315074928	-1.42193457820839	-0.30553588794838
3.80000000000000	0.96996581410310	1.26023634473955	-1.47023349187483	-0.15147228305151
3.81000000000000	0.94100157347789	1.15740949509752	-1.51270998340191	-0.01106292546221
3.82000000000000	0.90413841527790	1.03956473041939	-1.54913483334628	0.11212698250829
3.83000000000000	0.86024119031742	0.91370468665330	-1.57950540522942	0.21643884222923
3.84000000000000	0.81063306610715	0.78492526397287	-1.60394850017113	0.30210063343900
3.85000000000000	0.75724222765779	0.65875382718706	-1.62264328799363	0.37100853525078
3.86000000000000	0.70205000222372	0.53841577851704	-1.63587754060579	0.42634487014033
3.87000000000000	0.64670402649823	0.42439269336095	-1.64397109945225	0.47212827494792
3.88000000000000	0.59319013695504	0.31657281407097	-1.64730161514881	0.51272014250574
3.89000000000000	0.54321040748794	0.21345134303439	-1.64619417485715	0.55215467298711
3.90000000000000	0.49828045921189	0.11312470688370	-1.64094803145712	0.59382869835982
3.91000000000000	0.45967495812859	0.01480537163237	-1.63198112163254	0.64025240344375
3.92000000000000	0.42770545472430	-0.08301652063267	-1.61958499834773	0.69283512128831
3.93000000000000	0.40308788226631	-0.17934594166413	-1.60398258716207	0.75200469549071
3.94000000000000	0.38537761685993	-0.27407403623559	-1.58534972981162	0.81718646614663
3.95000000000000	0.37370083838041	-0.36456758571084	-1.56400806913900	0.88734505480435
3.96000000000000	0.36651157228410	-0.44940720939993	-1.54014480300730	0.96105824437365
3.97000000000000	0.36252709789808	-0.52518515423810	-1.51396516429463	1.03654983552260
3.98000000000000	0.35991692781623	-0.59012704910178	-1.48573093121884	1.11210737703134
3.99000000000000	0.35711670846784	-0.64178886384908	-1.45580191540623	1.18598518257795
4.00000000000000	0.35285485882397	-0.67878972384829	-1.42449372243944	1.25646165468033
4.01000000000000	0.34651351570872	-0.70027374328260	-1.39209292630761	1.32178347537560
4.02000000000000	0.33777409396477	-0.70562127777426	-1.35885667203229	1.38006668752362
4.03000000000000	0.32680138457292	-0.69478567979683	-1.32500822708761	1.42947356899974
4.04000000000000	0.31404923613700	-0.66766101941968	-1.29066725685220	1.46804558267219
4.05000000000000	0.30035914660647	-0.62413819027541	-1.25578128815958	1.49384362483454
4.06000000000000	0.28667572073145	-0.56450570773650	-1.22024681842535	1.50528590737814
4.07000000000000	0.27367502263894	-0.48872998436988	-1.18398576300434	1.50127867084111
4.08000000000000	0.26207717363324	-0.39708026435622	-1.14687796598610	1.48157242896986
4.09000000000000	0.25240302745619	-0.28976276113002	-1.10887132724254	1.44703345749943
4.10000000000000	0.24483257326700	-0.16699351891422	-1.07001427955196	1.39953149114064
4.11000000000000	0.23933027428508	-0.02946573650080	-1.03035709517998	1.34218972849395
4.12000000000000	0.23544107398115	0.12168218120966	-0.99019675712098	1.27940740019478
4.13000000000000	0.23288772708767	0.28438418380364	-0.94983874893541	1.21628612117036
4.14000000000000	0.23135084979879	0.45545553842086	-0.90973778212959	1.15863703190316
4.15000000000000	0.23064234563592	0.63037254013443	-0.87046957856178	1.11238786899233
4.16000000000000	0.23079734307823	0.80352156374013	-0.83271541503268	1.08321948678511
4.17000000000000	0.23201918593980	0.96856410223585	-0.79729187326850	1.07590657185862
4.18000000000000	0.23476533734511	1.11914090115512	-0.76513414068497	1.09388848920390
4.19000000000000	0.23913777515662	1.24923430684445	-0.73722593793751	1.13896196923937
4.20000000000000	0.24556785178794	1.35441522221702	-0.71444587169286	1.21045825042545
4.21000000000000	0.25437490810067	1.43209759245872	-0.69758349365815	1.30534584276211
4.22000000000000	0.26556953748734	1.48195788184130	-0.68737256022456	1.41854488679911
4.23000000000000	0.27926300239784	1.50604447414776	-0.68414661431339	1.54286635703894
4.24000000000000	0.29563672336239	1.50852301499519	-0.68812566043478	1.66994000771967
4.25000000000000	0.31510038176938	1.49558233996580	-0.69939380930022	1.79104718206563
4.26000000000000	0.33785932039732	1.47413322262768	-0.71784957831852	1.89786975937114
4.27000000000000	0.36474206204837	1.45176579417967	-0.74313242717529	1.98306486528658
4.28000000000000	0.39608796977454	1.43510867086684	-0.77482080432058	2.04071259378113
4.29000000000000	0.43262896263684	1.43010279568891	-0.81230402133018	2.06691487439035
4.30000000000000	0.47436745260654	1.44038649341191	-0.85501202899450	2.05967805966566
4.31000000000000	0.52116649670756	1.46782959949049	-0.90200210505709	2.01848528228033
4.32000000000000	0.57242557223236	1.51208989629079	-0.95247660474513	1.94485464342293
4.33000000000000	0.62714150969739	1.57077664272793	-1.00554360657273	1.84147883359381
4.34000000000000	0.68406820473849	1.64043378298635	-1.06025052982247	1.71200990355972
4.35000000000000	0.74200649222241	1.71658681467647	-1.11570622320420	1.56084735136466
4.36000000000000	0.79963965520395	1.79434602116234	-1.17091490512083	1.39274709657628
4.37000000000000	0.85607492783171	1.86999494072365	-1.22492710259845	1.21259893309926
4.38000000000000	0.91024660026902	1.93972787564740	-1.27664892017484	1.02511796919890
4.39000000000000	0.96214390591952	2.00169401564116	-1.32504744092061	0.83475410170530
4.40000000000000	1.01135953789014	2.05453150515779	-1.36900289332149	0.64531792026700
4.41000000000000	1.05760515666040	2.09749423211762	-1.40733903679959	0.45980502645444
4.42000000000000	1.10076958993551	2.13081635412654	-1.43892180412983	0.28021443813920
4.43000000000000	1.14019062206381	2.15362921622566	-1.46276454252281	0.10756886968179
4.44000000000000	1.17552244420401	2.16628059297575	-1.47794123385223	-0.05821632375836
4.45000000000000	1.20571927487814	2.16639194078284	-1.48383605083333	-0.21803072080076
4.46000000000000	1.23034521396475	2.15319634289870	-1.48008630803268	-0.37345303527218
4.47000000000000	1.24860118737183	2.12371345651477	-1.46680967017039	-0.52617013670388
4.48000000000000	1.26044864940095	2.07597211220992	-1.44449552524607	-0.67769866382580
4.49000000000000	1.26620244629265	2.00820796689458	-1.41402047199195	-0.82890303838162
4.50000000000000	1.26650903830865	1.91959005277245	-1.37678055330281	-0.97954955664173
4.51000000000000	1.26260109429359	1.81061755041469	-1.33448495967752	-1.12804164331834
4.52000000000000	1.25586935251394	1.68332375557379	-1.28904154222514	-1.27140189716925
4.53000000000000	1.24774543797561	1.54069094611542	-1.24255104346961	-1.40512518331284
4.54000000000000	1.24007035873657	1.38800575189928	-1.19700973685769	-1.52354342615282
4.55000000000000	1.23393765827488	1.23022056958742	-1.15432117741919	-1.62022673857290
4.56000000000000	1.23063383563636	1.07380383112110	-1.11608822910658	-1.68833870063050
4.57000000000000	1.23065789852058	0.92347386649416	-1.08359450299815	-1.72125827288347
4.58000000000000	1.23469985633377	0.78379273517954	-1.05773457939135	-1.71348121143740
4.59000000000000	1.24248009631911	0.65729495517262	-1.03898600687190	-1.66058223280520
4.60000000000000	1.25357559180612	0.54496094823195	-1.02745861494213	-1.56031934663154
4.61000000000000	1.26738299821254	0.44627991814000	-1.02293199308045	-1.41267400987562
4.62000000000000	1.28300734250239	0.35919452348237	-1.02486824392104	-1.21956753844913
4.63000000000000	1.29982582512906	0.28111449587875	-1.03243718866083	-0.98569675567171
4.64000000000000	1.31713869634648	0.20936123170150	-1.04452304559692	-0.71770082432328
4.65000000000000	1.33435643851701	0.14180311220030	-1.05971722257064	-0.42371735760962
4.66000000000000	1.35083281228911	0.07659191595428	-1.07659735551546	-0.11324594336740
4.67000000000000	1.36591506294434	0.01324994047318	-1.09332584401240	0.20376709303623
4.68000000000000	1.37883299673795	-0.04868953823539	-1.10810969429601	0.51777379375818
4.69000000000000	1.38867363202606	-0.10854963993340	-1.11917297589869	0.82020987240179
4.70000000000000	1.39442535887448	-0.16557455817757	-1.12493330350639	1.10446642645147
4.71000000000000	1.39498043851973	-0.21925949025795	-1.12408571849950	1.36593572798753
4.72000000000000	1.38961255472785	-0.26854285234467	-1.11573129292467	1.60265401741511
4.73000000000000	1.37760844299022	-0.31332483693251	-1.09948684707518	1.81489392712117
4.74000000000000	1.35898058631093	-0.35216354514296	-1.07552622592350	2.00456677721853
4.75000000000000	1.33392822556256	-0.38551092716926	-1.04436293115787	2.17488930660265
4.76000000000000	1.30357279846546	-0.41222160046628	-1.00706409656942	2.32943995734948
4.77000000000000	1.26879580104237	-0.43304789435054	-0.96500384340571	2.47154793488793
4.78000000000000	1.23118194347747	-0.44758328729071	-0.91987248331334	2.60393944621902
4.79000000000000	1.19194782475192	-0.45680300169266	-0.87345250283706	2.72812649879197
4.80000000000000	1.15232549878864	-0.46174507662572	-0.82758923145050	2.84447221869570
4.81000000000000	1.11340425738752	-0.46356404148667	-0.78421595262723	2.95240316383478
4.82000000000000	1.07611762011317	-0.46324508998592	-0.74520680960000	3.05048189204603
4.83000000000000	1.04118875340737	-0.46179981715354	-0.71223222995644	3.13654308723407
4.84000000000000	1.00966249151260	-0.45849237826488	-0.68686588445115	3.20825342157077
4.85000000000000	0.98193564233889	-0.45413275935381	-0.67036368397283	3.26287254425581
4.86000000000000	0.95920172718001	-0.44649928942496	-0.66406647047339	3.29775519477918
4.87000000000000	0.94184036847180	-0.43572816732278	-0.66867713985751	3.31000619089970
4.88000000000000	0.93052208252961	-0.42001835677633	-0.68469478395377	3.29658878009941
4.89000000000000	0.92524518955003	-0.39940162250682	-0.71233297613102	3.25439020269528
4.90000000000000	0.92594398588721	-0.37359270351986	-0.75152370011506	3.18064203769157
4.91000000000000	0.93220503922594	-0.34312988884701	-0.80178070356912	3.07267602980900
4.92000000000000	0.94333136013362	-0.30933147303450	-0.86237558786351	2.92838687799957
4.93000000000000	0.95867712557235	-0.27315760956219	-0.93224874559339	2.74675973069437
4.94000000000000	0.97728502106801	-0.23628770741291	-1.01017355722131	2.52769797853854
4.95000000000000	0.99843675939438	-0.19904549908176	-1.09441530860196	2.27242547377738
4.96000000000000	1.02139352040099	-0.16189889301013	-1.18333514769910	1.98402807764915
4.97000000000000	1.04545956675230	-0.12391905643476	-1.27480819075391	1.66676346026573
4.98000000000000	1.06994460331862	-0.08376164509681	-1.36663523698731	1.32655297024375
4.99000000000000	1.09455048818813	-0.03945261513340	-1.45670872346545	0.97085329842466
5.00000000000000	1.11908919230503	0.01088947606134	-1.54296225958696	0.60832050302427
5.01000000000000	1.14365715601348	0.06919573414722	-1.62352391322452	0.24822504072979
5.02000000000000	1.16799370246204	0.13665207478506	-1.69668083039188	-0.10002398098848
5.03000000000000	1.19276122492098	0.21322170391207	-1.76106939577129	-0.42717349725906
5.04000000000000	1.21771793930255	0.29827947723601	-1.81551785224495	-0.72538361789521
5.05000000000000	1.24257131521508	0.38947546592142	-1.85926543701812	-0.98806985379136
5.06000000000000	1.26675171227109	0.48437391388274	-1.89164528972853	-1.21039841687782
5.07000000000000	1.28933943688114	0.57918948299972	-1.91244307543647	-1.38964982626478
5.08000000000000	1.30953549705171	0.67103358098562	-1.92173488723624	-1.52476401741900
5.09000000000000	1.32597047610930	0.75657435412257	-1.91989604564783	-1.61624594017565
5.10000000000000	1.33731392682420	0.83381154262979	-1.90749572769592	-1.66613652783377
5.11000000000000	1.34247744517978	0.90155752613791	-1.88552502819899	-1.67716334336493
5.12000000000000	1.34046112858966	0.95965971028160	-1.85515221784504	-1.65270202507714
5.13000000000000	1.33041206429985	1.00877710077505	-1.81764612642225	-1.59635315006874
5.14000000000000	1.31177071987542	1.05014065923539	-1.77425613652902	-1.51174756331757
5.15000000000000	1.28385518122064	1.08469712439453	-1.72655807144438	-1.40218831370731
5.16000000000000	1.24748369371323	1.11481476835202	-1.67598472960203	-1.27080314722886
5.17000000000000	1.20306253375458	1.14078142942705	-1.62376848920114	-1.12087961361958
5.18000000000000	1.15186415939522	1.16442022361038	-1.57131138078917	-0.95558788407954
5.19000000000000	1.09540626329399	1.18602423604081	-1.51939851641253	-0.77856151054646
5.20000000000000	1.03563959727738	1.20651999996766	-1.46896904661335	-0.59355367043582
5.21000000000000	0.97440767813240	1.22666102716763	-1.42055685684510	-0.40448193564854
5.22000000000000	0.91330617628994	1.24709678048439	-1.37447770819851	-0.21504862179769
5.23000000000000	0.85415384058432	1.26941694055847	-1.33101644692929	-0.02824541433806
5.24000000000000	0.79751524407864	1.29478117646252	-1.29029117746844	0.15389246832018
5.25000000000000	0.74456281294994	1.32525009830271	-1.25244586652284	0.33064434200037
5.26000000000000	0.69555841841323	1.36163162364738	-1.21750175579544	0.50249587130625
5.27000000000000	0.65071788074474	1.40537134341151	-1.18553350965242	0.67085961595267
5.28000000000000	0.60972612269074	1.45614565721731	-1.15657417222735	0.83778117870440
5.29000000000000	0.57218680391117	1.51314163309902	-1.13054435777282	1.00526719065797
5.30000000000000	0.53757092016543	1.57396026544179	-1.10731118142115	1.17447602122445
5.31000000000000	0.50535227961106	1.63546140107297	-1.08669514481991	1.34560613714046
5.32000000000000	0.47514916270535	1.69376141140174	-1.06858714764656	1.51767722759603
5.33000000000000	0.44622139322611	1.74440441616834	-1.05273864027063	1.68807645853804
5.34000000000000	0.41833187016877	1.78280477324840	-1.03902042456944	1.85330389940134
5.35000000000000	0.39134484311113	1.80525739442176	-1.02738270207362	2.00903210286968
5.36000000000000	0.36499900669611	1.80856810043923	-1.01777029848768	2.15078682262851
5.37000000000000	0.33925199553974	1.79092293743735	-1.01009511618680	2.27421619069115
5.38000000000000	0.31427249434617	1.75147527093657	-1.00422567672097	2.37546668858814
5.39000000000000	0.29019530497039	1.69119714559826	-0.99989913805697	2.45178451614789
5.40000000000000	0.26717450790512	1.61207401266082	-0.99682807410738	2.50130667751264
5.41000000000000	0.24577852673880	1.51737633251137	-0.99463683021667	2.52322460127683
5.42000000000000	0.22696617787921	1.41109759931077	-0.99303149482199	2.51811843021522
5.43000000000000	0.21131011137059	1.29751527119958	-0.99151424009806	2.48703776692595
5.44000000000000	0.19966286288184	1.18122515335334	-0.98994885587075	2.43204271962315
5.45000000000000	0.19272863131357	1.06597783095989	-0.98821204494476	2.35592637673123
5.46000000000000	0.19135700893257	0.95529650516145	-0.98630141450531	2.26182067219955
5.47000000000000	0.19591722856677	0.85109079297746	-0.98432548648882	2.15329916177889
5.48000000000000	0.20607374789721	0.75437778018909	-0.98243247740828	2.03439782176448
5.49000000000000	0.22160114212225	0.66533437329661	-0.98076904681396	1.90932801789219
5.50000000000000	0.24214630340080	0.58302350459933	-0.97949295411892	1.78250255144417
5.51000000000000	0.26671046559823	0.50596346650205	-0.97868165781540	1.65839713855090
5.52000000000000	0.29434171818185	0.43267252814556	-0.97817765783281	1.54113437917664
5.53000000000000	0.32409614894488	0.36137616343534	-0.97769211630419	1.43436419650164
5.54000000000000	0.35504368861377	0.29101897756359	-0.97703004574520	1.34115125402877
5.55000000000000	0.38627949982687	0.22083318371879	-0.97586415517967	1.26367104707461
5.56000000000000	0.41681515294514	0.15047717760616	-0.97379972852291	1.20301901753732
5.57000000000000	0.44568970550603	0.08008257507564	-0.97063412125231	1.15910186370496
5.58000000000000	0.47179096889600	0.00971037385507	-0.96636077628656	1.13081706317364
5.59000000000000	0.49396801416525	-0.06040317281396	-0.96117764140716	1.11610728025566
5.60000000000000	0.51102836918389	-0.13008755840658	-0.95542700097195	1.11165193355447
5.61000000000000	0.52191326619069	-0.19938661563785	-0.94970946224660	1.11344597499051
5.62000000000000	0.52602524605821	-0.26877764801469	-0.94473398088924	1.11679277620568
5.63000000000000	0.52298203705038	-0.33838732049161	-0.94119754131375	1.11642933814786
5.64000000000000	0.51290410605084	-0.40860581245486	-0.93967521944594	1.10687822553147
5.65000000000000	0.49660683216149	-0.47844294093348	-0.94065040058456	1.08307439554849
5.66000000000000	0.47468857613902	-0.54806388394419	-0.94440713016879	1.04073580502785
5.67000000000000	0.44875984900229	-0.61526600897257	-0.95108266620287	0.97698602649803
5.68000000000000	0.42027337426823	-0.67931614918468	-0.96066094382671	0.89050008465648
5.69000000000000	0.39121164156255	-0.73748948001582	-0.97304239166592	0.78233022575751
5.70000000000000	0.36313761044235	-0.78827236116987	-0.98802086722597	0.65532178877386
5.71000000000000	0.33769230041374	-0.82973689674043	-1.00527802844074	0.51395496802709
5.72000000000000	0.31605344527789	-0.86073178543861	-1.02438424110286	0.36414519942531
5.73000000000000	0.29879892151363	-0.88086134435406	-1.04481173481480	0.21239592618835
5.74000000000000	0.28632654996153	-0.88968289358760	-1.06593697431610	0.06523031674182
5.75000000000000	0.27796814434343	-0.88876319444409	-1.08703348912577	-0.07142462288940
5.76000000000000	0.27340821214281	-0.87863066429213	-1.10729892374064	-0.19288256312455
5.77000000000000	0.27139149091472	-0.86222204535296	-1.12587926827952	-0.29590810074098
5.78000000000000	0.27097643475939	-0.84075462387981	-1.14190242909209	-0.37923034086126
5.79000000000000	0.27108301153077	-0.81622521785244	-1.15455416403351	-0.44326732438438
5.80000000000000	0.27069263045764	-0.79033679522429	-1.16315935131542	-0.48973623406165
5.81000000000000	0.26895039099602	-0.76410961853667	-1.16723518552409	-0.52181373433976
5.82000000000000	0.26529441196878	-0.73741825369651	-1.16646452342524	-0.54339090027377
5.83000000000000	0.25926058485539	-0.71014285918815	-1.16079165426528	-0.55853697948023
5.84000000000000	0.25072519029039	-0.68100154044671	-1.15044400521807	-0.57168241877049
5.85000000000000	0.23964934275084	-0.64915677239408	-1.13570340941412	-0.58673651666305
5.86000000000000	0.22633618802469	-0.61293508422477	-1.11700894174947	-0.60716803576957
5.87000000000000	0.21118760891444	-0.57154738428256	-1.09485371662864	-0.63546442008938
5.88000000000000	0.19505227973637	-0.52377103377702	-1.06987208291428	-0.67282100551585
5.89000000000000	0.17881618329103	-0.46946183015354	-1.04264743358131	-0.71913759266475
5.90000000000000	0.16344333073999	-0.40829377860704	-1.01371028966321	-0.77279078929952
5.91000000000000	0.14990441320484	-0.34058645958664	-0.98362306985728	-0.83064664104866
5.92000000000000	0.13921144684789	-0.26697679854586	-0.95298147719555	-0.88823147462967
5.93000000000000	0.13222957587002	-0.18780299067343	-0.92236933199211	-0.93983770226016
5.94000000000000	0.12960793398471	-0.10372627740425	-0.89235007092152	-0.97921949182247
5.95000000000000	0.13184800790501	-0.01497954335123	-0.86350655128196	-0.99973182032975
5.96000000000000	0.13920527893257	0.07776872109328	-0.83641412229779	-0.99491779559029
5.97000000000000	0.15185221699170	0.17470633726027	-0.81156241921272	-0.95924584183382
5.98000000000000	0.16934405527429	0.27481900431352	-0.78943398732750	-0.88809445155279
5.99000000000000	0.19096144800401	0.37795646378564	-0.77030657289835	-0.77858117754229
6.00000000000000	0.21555081054784	0.48268266923572	-0.75449216176339	-0.62958936371129
6.01000000000000	0.24185809766691	0.58794925157502	-0.74221674460619	-0.44173913801030
6.02000000000000	0.26838561302106	0.69229009329751	-0.73367331276362	-0.21782662593652
6.03000000000000	0.29359130912469	0.79408366080934	-0.72899155464268	0.03735179741744
6.04000000000000	0.31632948857814	0.89235312906832	-0.72813752933758	0.31717351494534
6.05000000000000	0.33532785607582	0.98539918684775	-0.73096854551973	0.61320339471298
6.06000000000000	0.35005516397571	1.07352663326009	-0.73713113767182	0.91583120630966
6.07000000000000	0.35997111331153	1.15618768292647	-0.74608986605080	1.21497254037612
6.08000000000000	0.36496749624555	1.23371875644114	-0.75713268335452	1.50071208911053
6.09000000000000	0.36519502334267	1.30744628495039	-0.76940504866574	1.76429067584461
6.10000000000000	0.36091355025449	1.37836562909273	-0.78203087045935	1.99873038857097
6.11000000000000	0.35278418876224	1.44754464300317	-0.79418707034082	2.19967052575780
6.12000000000000	0.34124742461121	1.51593628427170	-0.80504109905277	2.36525902220461
6.13000000000000	0.32677981299749	1.58359260526329	-0.81391808329176	2.49597528528039
6.14000000000000	0.31023979226480	1.65141400653382	-0.82029089649250	2.59472798227186
6.15000000000000	0.29222349974509	1.71856380933588	-0.82386032009238	2.66576621832047
6.16000000000000	0.27364943842605	1.78574147227013	-0.82450535458527	2.71399277971069
6.17000000000000	0.25532225923806	1.85193899845992	-0.82235324533898	2.74452066288424
6.18000000000000	0.23811475547366	1.91789962412352	-0.81779789436584	2.76177248318901
6.19000000000000	0.22324031465624	1.98258665087419	-0.81148510547592	2.76905445014555
6.20000000000000	0.21151674150489	2.04605456684251	-0.80406952685187	2.76831765201235
6.21000000000000	0.20363607727820	2.10712894690624	-0.79635824491328	2.76006932141243
6.22000000000000	0.20031224089930	2.16474444924752	-0.78918592639378	2.74360382713615
6.23000000000000	0.20207640317474	2.21752425796879	-0.78328717603465	2.71730689173400
6.24000000000000	0.20879476833795	2.26381591119355	-0.77934289699010	2.67897908083106
6.25000000000000	0.22021255411103	2.30231198501636	-0.77788571802799	2.62618748885460
6.26000000000000	0.23573984174654	2.33159388367761	-0.77933679405474	2.55657247470549
6.27000000000000	0.25439122932296	2.35020216638607	-0.78390961631094	2.46789271958497
6.28000000000000	0.27526068589484	2.35794514182787	-0.79177191757371	2.35826450815074
6.29000000000000	0.29700266576540	2.35400258884389	-0.80287486442963	2.22604157379554
6.30000000000000	0.31846233946797	2.33815306611390	-0.81710367442172	2.07020159165647
6.31000000000000	0.33861106951126	2.31006512091021	-0.83430411757426	1.89029751868824
6.32000000000000	0.35646771784454	2.26924925203896	-0.85421714069520	1.68674203102810
6.33000000000000	0.37136542787488	2.21499344794542	-0.87658320590042	1.46109255907107
6.34000000000000	0.38290519925518	2.14635154201295	-0.90115115620036	1.21602241167763
6.35000000000000	0.39100505931858	2.06207595122588	-0.92767629216475	0.95544651781793
6.36000000000000	0.39557237575066	1.96147694066216	-0.95557015115287	0.68392686461681
6.37000000000000	0.39674542668294	1.84401997460103	-0.98424639427945	0.40668874937666
6.38000000000000	0.39499678760499	1.71030860138420	-1.01291321959344	0.12905558547357
6.39000000000000	0.39067774662945	1.56131304705279	-1.04064125272518	-0.14382033394095
6.40000000000000	0.38430745515219	1.39956026186501	-1.06617889549297	-0.40764648767350
6.41000000000000	0.37660746272320	1.22812993599683	-1.08837060288083	-0.65866173775100
6.42000000000000	0.36840943774548	1.05058496109686	-1.10614879438697	-0.89380970112878
6.43000000000000	0.36067552252642	0.87058606586928	-1.11869553910373	-1.11075116828162
6.44000000000000	0.35421888006790	0.69181147012527	-1.12538563898273	-1.30762053195522
6.45000000000000	0.34954579601150	0.51702378140818	-1.12588379022725	-1.48291089074656
6.46000000000000	0.34759668829647	0.34895544957548	-1.12036267915910	-1.63525402014544
6.47000000000000	0.34833519896669	0.18796595359181	-1.10914112890452	-1.76348890475548
6.48000000000000	0.35150039998218	0.03520348967459	-1.09275221480404	-1.86649103604039
6.49000000000000	0.35628418784220	-0.11042322352189	-1.07193312425622	-1.94327554526450
6.50000000000000	0.36208261095444	-0.24914509931016	-1.04758121832148	-1.99257762426021
6.51000000000000	0.36773503848372	-0.38254457911333	-1.02067678914757	-2.01330207349593
6.52000000000000	0.37269033834864	-0.51115827221715	-0.99239214937059	-2.00425773259677
6.53000000000000	0.37652624526348	-0.63556824558772	-0.96395122587600	-1.96413079271744
6.54000000000000	0.37904638777907	-0.75597482584659	-0.93663549487422	-1.89195931221153
6.55000000000000	0.38026880510043	-0.87142556806861	-0.91156687712512	-1.78719534328909
6.56000000000000	0.38103347251943	-0.98115254261897	-0.89014204410365	-1.64925512707162
6.57000000000000	0.38177945492668	-1.08281761795434	-0.87334420758549	-1.47868862100316
6.58000000000000	0.38320448927339	-1.17367891623722	-0.86198691624507	-1.27667978479815
6.59000000000000	0.38565010566519	-1.25171729272012	-0.85642764268381	-1.04529097286479
6.60000000000000	0.38959923236125	-1.31436537573152	-0.85686458325375	-0.78760200799874
6.61000000000000	0.39532196592561	-1.36001441472015	-0.86304932816209	-0.50751333110306
6.62000000000000	0.40294622306527	-1.38797154229201	-0.87432743522904	-0.20965092376185
6.63000000000000	0.41228960108320	-1.39834826833204	-0.88956612718858	0.10033668901277
6.64000000000000	0.42343652402407	-1.39252168148325	-0.90752613776423	0.41671757988125
6.65000000000000	0.43647897889898	-1.37215453272713	-0.92657307289156	0.73341966158504
6.66000000000000	0.45114854545270	-1.34032811116583	-0.94528756634601	1.04462105829096
6.67000000000000	0.46698055132356	-1.29953715190809	-0.96166945603977	1.34444397068799
6.68000000000000	0.48357006400521	-1.25321443246671	-0.97447248815485	1.62793841537374
6.69000000000000	0.50029975164565	-1.20382980890905	-0.98245089885732	1.89066336985749
6.70000000000000	0.51612592969996	-1.15433989186468	-0.98473160194060	2.12880438487707
6.71000000000000	0.52984791653021	-1.10651498922652	-0.98076871835918	2.33887046296805
6.72000000000000	0.54004439777856	-1.06181378574967	-0.97052696286938	2.51835132695184
6.73000000000000	0.54541664385139	-1.02098956076512	-0.95430558291911	2.66505455294290
6.74000000000000	0.54455385607775	-0.98408220183946	-0.93271445082916	2.77720564011930
6.75000000000000	0.53625370401403	-0.95102552136917	-0.90659570102650	2.85389076893892
6.76000000000000	0.52021752218075	-0.92116390453916	-0.87701474009682	2.89475301088761
6.77000000000000	0.49667075138070	-0.89355343063928	-0.84511781511871	2.90008148799425
6.78000000000000	0.46627328308470	-0.86776700749577	-0.81206984731436	2.87131927083310
6.79000000000000	0.43032516809901	-0.84275664688903	-0.77903437580822	2.81059906635461
6.80000000000000	0.39060942187807	-0.81796580445622	-0.74711988551822	2.72086678704646
6.81000000000000	0.34907227558360	-0.79247363323159	-0.71735389705051	2.60616475965274
6.82000000000000	0.30765477816878	-0.76508831618885	-0.69069603965715	2.47099130844111
6.83000000000000	0.26814516131881	-0.73451100070405	-0.66806186671384	2.32033588541384
6.84000000000000	0.23201293936509	-0.69907535689723	-0.65023020918249	2.15957297724021
6.85000000000000	0.20029032273033	-0.65716065980593	-0.63793302729808	1.99400354438772
6.86000000000000	0.17369309476157	-0.60724637687650	-0.63189291297135	1.82875443592471
6.87000000000000	0.15264764615794	-0.54771564492136	-0.63275231973885	1.66869564722070
6.88000000000000	0.13724230230560	-0.47829191622158	-0.64101090920790	1.51797745039856
6.89000000000000	0.12770740530873	-0.39845811972114	-0.65707706742818	1.37980519899918
6.90000000000000	0.12396805835395	-0.30923195665516	-0.68102050599674	1.25649702154786
6.91000000000000	0.12603441656612	-0.21212897555601	-0.71285788888346	1.14927289293669
6.92000000000000	0.13394972477601	-0.10908909873391	-0.75214554077535	1.05818704636813
6.93000000000000	0.14749796090280	-0.00267123215475	-0.79820197089352	0.98236150446904
6.94000000000000	0.16615193154743	0.10367463701053	-0.85011095770961	0.92008733687269
6.95000000000000	0.18966908510213	0.20759069131845	-0.90669056179285	0.86885065275841
6.96000000000000	0.21693712477119	0.30519735236919	-0.96645769480628	0.82553442138441
6.97000000000000	0.24734860981621	0.39482564684653	-1.02775784883262	0.78664311629645
6.98000000000000	0.27969525450429	0.47331745698462	-1.08880221132588	0.74842141213805
6.99000000000000	0.31343313804045	0.54038332401304	-1.14769644305050	0.70715959055178
7.00000000000000	0.34753352401899	0.59461023154611	-1.20266416028239	0.65948167805591
7.01000000000000	0.38166233464140	0.63709857121512	-1.25201572194779	0.60266688191936
7.02000000000000	0.41520414518549	0.66840878180375	-1.29425224846316	0.53476378747783
7.03000000000000	0.44784222126472	0.69022462509521	-1.32814659496670	0.45476854831111
7.04000000000000	0.47930756182659	0.70445247775295	-1.35277742207576	0.36275700169107
7.05000000000000	0.50917585769225	0.71262963301486	-1.36755125951625	0.26000544937373
7.06000000000000	0.53742902710361	0.71677675094621	-1.37218339579118	0.14886412272740
7.07000000000000	0.56395477094499	0.71809503328388	-1.36671529554127	0.03280731073635
7.08000000000000	0.58861661707423	0.71680063574939	-1.35162519367085	-0.08381215150873
7.09000000000000	0.61176236498653	0.71446465302783	-1.32767962463871	-0.19598578968772
7.10000000000000	0.63349265072767	0.71072831814466	-1.29587881251140	-0.29847671947212
7.11000000000000	0.65431440966341	0.70622568740109	-1.25744492168306	-0.38638544059121
7.12000000000000	0.67456821780314	0.70085339453830	-1.21373063087745	-0.45563766921706
7.13000000000000	0.69463170961753	0.69438402373899	-1.16608995981958	-0.50331328640820
7.14000000000000	0.71474479831260	0.68723900633799	-1.11582768657807	-0.52802170027420
7.15000000000000	0.73489739017245	0.67951867313835	-1.06404249727413	-0.53022382895860
7.16000000000000	0.75490198881236	0.67173526485981	-1.01169077533484	-0.51182222747731
7.17000000000000	0.77421511519951	0.66415307694059	-0.95954026291748	-0.47600940658060
7.18000000000000	0.79207440662155	0.65708472753996	-0.90803638977705	-0.42711312713944
7.19000000000000	0.80756845457721	0.65045607847227	-0.85735584011777	-0.36991012218585
7.20000000000000	0.81964544648691	0.64381459588233	-0.80754545570059	-0.30910182379096
7.21000000000000	0.82719939921198	0.63594768738334	-0.75861594522041	-0.24881442958390
7.22000000000000	0.82958349270398	0.62562005215801	-0.71035524893844	-0.19252493862653
7.23000000000000	0.82629421432384	0.61124678586765	-0.66258629183568	-0.14265820729432
7.24000000000000	0.81720607536520	0.59109531444742	-0.61534663923704	-0.10030732049680
7.25000000000000	0.80283558507304	0.56420166372947	-0.56880690265872	-0.06563493641056
7.26000000000000	0.78372579186572	0.52927764698063	-0.52330499626536	-0.03802075495974
7.27000000000000	0.76117209025815	0.48664820707912	-0.47934234211791	-0.01603834073757
7.28000000000000	0.73620716185267	0.43616071934155	-0.43769813975276	0.00217482192574
7.29000000000000	0.71035684924008	0.37915487356636	-0.39928847639198	0.01870751988567
7.30000000000000	0.68476911793860	0.31624602825944	-0.36513295111689	0.03577212083816
7.31000000000000	0.66069534454750	0.24907205636791	-0.33637176385830	0.05557160706182
7.32000000000000	0.63914806932645	0.17844453900144	-0.31376703264302	0.07989856215503
7.33000000000000	0.62090820499048	0.10512036090439	-0.29822685449357	0.11060404740127
7.34000000000000	0.60646705814543	0.02932844865342	-0.29039857522963	0.14926500536169
7.35000000000000	0.59592964206359	-0.04902450401615	-0.29071842361418	0.19730007697478
7.36000000000000	0.58923509900624	-0.12988956438016	-0.29930755461761	0.25570797511233
7.37000000000000	0.58574200864874	-0.21397964007454	-0.31594487468346	0.32509049243479
7.38000000000000	0.58466151158540	-0.30093582015028	-0.34012264434943	0.40547641351768
7.39000000000000	0.58487450431721	-0.39009315035214	-0.37099222761484	0.49609390406655
7.40000000000000	0.58479845531574	-0.48120888275365	-0.40734724989331	0.59552702000889
7.41000000000000	0.58308978964593	-0.57267144684347	-0.44749579537693	0.70128863261210
7.42000000000000	0.57817448695165	-0.66356059051878	-0.48970168427947	0.81054698212543
7.43000000000000	0.56879170041237	-0.75252149749685	-0.53207412444088	0.92006649652112
7.44000000000000	0.55402861746971	-0.83818527341175	-0.57262402364605	1.02626187624166
7.45000000000000	0.53327699316801	-0.92019521085407	-0.60948477046596	1.12572672845002
7.46000000000000	0.50665879440735	-0.99718264714456	-0.64101015592460	1.21547080581035
7.47000000000000	0.47418635875156	-1.06962352637875	-0.66593028448281	1.29315772846982
7.48000000000000	0.43690163733541	-1.13636331118050	-0.68342932976085	1.35729216060588
7.49000000000000	0.39586490858991	-1.19844156961081	-0.69317740812209	1.40728162579161
7.50000000000000	0.35253981058571	-1.25471916923800	-0.69526452694113	1.44348276232725
7.51000000000000	0.30831453088387	-1.30495456001776	-0.69030465331654	1.46704583211646
7.52000000000000	0.26470765315442	-1.34865469503809	-0.67935869890275	1.47968528746039
7.53000000000000	0.22336644185192	-1.38500774077072	-0.66370544088671	1.48358845581943
7.54000000000000	0.18577495715813	-1.41301379732197	-0.64487187132698	1.48092706925418
7.55000000000000	0.15317795981991	-1.43153646969447	-0.62456395476299	1.47366582864937
7.56000000000000	0.12684417548387	-1.43900516318019	-0.60449030774102	1.46353464394022
7.57000000000000	0.10781785502778	-1.43468223577004	-0.58626461056126	1.45148105760986
7.58000000000000	0.09697118412799	-1.41699442483899	-0.57133640157346	1.43810600336815
7.59000000000000	0.09458263357980	-1.38575656481162	-0.56110327831364	1.42295034848587
7.60000000000000	0.10031910546702	-1.33968305329292	-0.55666013323370	1.40574502783071
7.61000000000000	0.11377751583995	-1.27930483601064	-0.55860660236196	1.38522516687536
7.62000000000000	0.13391077620325	-1.20514811724383	-0.56730885011664	1.36009135171541
7.63000000000000	0.15917703468734	-1.11836479702678	-0.58271902034260	1.32910059374429
7.64000000000000	0.18768471225684	-1.02079303170954	-0.60441976719310	1.29110584338648
7.65000000000000	0.21743658393159	-0.91469374189035	-0.63156265266988	1.24517700647087
7.66000000000000	0.24632864116818	-0.80241298458836	-0.66307568483329	1.19089479414183
7.67000000000000	0.27219209470246	-0.68675397673473	-0.69770696769968	1.12830141518766
7.68000000000000	0.29336240238352	-0.56974345767701	-0.73401562426414	1.05772536824640
7.69000000000000	0.30834761649261	-0.45353272588907	-0.77049635944282	0.97964195853934
7.70000000000000	0.31583116367237	-0.33928876229807	-0.80573783089230	0.89463525648510
7.71000000000000	0.31543196554492	-0.22768441599531	-0.83834980163433	0.80310463191777
7.72000000000000	0.30701138584987	-0.11900414942864	-0.86711315312750	0.70495981652121
7.73000000000000	0.29099613478962	-0.01265588135229	-0.89091433979303	0.59981101432354
7.74000000000000	0.26807213430337	0.09239543586300	-0.90887133267453	0.48685775534479
7.75000000000000	0.23904993149335	0.19704757439513	-0.92027904039355	0.36494830745324
7.76000000000000	0.20523788821796	0.30317909587597	-0.92459900985716	0.23288795549075
7.77000000000000	0.16770776879831	0.41155591088757	-0.92148395085769	0.08958263623150
7.78000000000000	0.12766396902677	0.52413732876475	-0.91084717577194	-0.06544060790040
7.79000000000000	0.08608785151174	0.64119929671811	-0.89273184069348	-0.23206650314394
7.80000000000000	0.04446398511741	0.76362511960147	-0.86729488993396	-0.40938317301939
7.81000000000000	0.00366056826907	0.89079452232241	-0.83504351980523	-0.59518900826961
7.82000000000000	-0.03514198449210	1.02274966829146	-0.79655280458394	-0.78654402375973
7.83000000000000	-0.07115515187810	1.15830749830634	-0.75252268390460	-0.97960904506009
7.84000000000000	-0.10354989731854	1.29645736755715	-0.70377137228553	-1.16943388369562
7.85000000000000	-0.13195536953127	1.43617022867066	-0.65159326613801	-1.35040118981232
7.86000000000000	-0.15623846689851	1.57603439340261	-0.59704703445876	-1.51654855033877
7.87000000000000	-0.17629442352114	1.71473223655049	-0.54149092426251	-1.66140725938539
7.88000000000000	-0.19281880055194	1.85083381563598	-0.48617213364308	-1.77909014177064
7.89000000000000	-0.20669110931088	1.98232620308549	-0.43252184488950	-1.86370740725872
7.90000000000000	-0.21876294568730	2.10782539976195	-0.38184525901774	-1.91035527176472
7.91000000000000	-0.23026347187720	2.22488613377312	-0.33534333222587	-1.91536975284399
7.92000000000000	-0.24219017243375	2.33134070193590	-0.29410545288239	-1.87611328486669
7.93000000000000	-0.25564061396926	2.42501303361277	-0.25906631802808	-1.79178578335765
7.94000000000000	-0.27133151190189	2.50373673537543	-0.23093964713554	-1.66323862903889
7.95000000000000	-0.28956447289682	2.56578687170160	-0.21021265917287	-1.49274004694472
7.96000000000000	-0.31033087713924	2.60953946763285	-0.19717829919629	-1.28440675509390
7.97000000000000	-0.33324077221922	2.63514819157197	-0.19176042552701	-1.04383600503877
7.98000000000000	-0.35793037289117	2.64262933044698	-0.19382900569612	-0.77778351117122
7.99000000000000	-0.38333172546197	2.63393187642406	-0.20264947310182	-0.49380781689974
8.00000000000000	-0.40854126329265	2.61079216358967	-0.21803345469499	-0.19982329966581
8.01000000000000	-0.43253251412958	2.57617840537877	-0.23894851432571	0.09604190449498
8.02000000000000	-0.45409744519530	2.53311230320827	-0.26461181967057	0.38629590446188
8.03000000000000	-0.47217527706443	2.48437803543925	-0.29421727685629	0.66447117602068
8.04000000000000	-0.48581601449871	2.43219062629151	-0.32697606026739	0.92527695136562
8.05000000000000	-0.49429212430955	2.37838311893370	-0.36195945831392	1.16489883453354
8.06000000000000	-0.49723579924921	2.32334930693412	-0.39832332958621	1.38105684750001
8.07000000000000	-0.49449516468525	2.26746007291579	-0.43535279204235	1.57287706781408
8.08000000000000	-0.48640129237265	2.20943995006801	-0.47233257217066	1.74086312598939
8.09000000000000	-0.47342709277818	2.14885070877989	-0.50858423489634	1.88638656111443
8.10000000000000	-0.45665200753542	2.08384016908445	-0.54362014443074	2.01140176742222
8.11000000000000	-0.43711670861085	2.01369665957352	-0.57709637018069	2.11830920347836
8.12000000000000	-0.41621369494371	1.93713843269320	-0.60883828334503	2.20929083444646
8.13000000000000	-0.39550692178430	1.85386858594694	-0.63890091283655	2.28610287372807
8.14000000000000	-0.37653264976011	1.76377587050432	-0.66745390089402	2.34994548012430
8.15000000000000	-0.36075666046710	1.66710928672850	-0.69475489283262	2.40115101549241
8.16000000000000	-0.34931483236810	1.56482579714297	-0.72106249189969	2.43910672943026
8.17000000000000	-0.34304331081107	1.45783679968564	-0.74675029603749	2.46288334375507
8.18000000000000	-0.34241303980663	1.34721020733990	-0.77198342381914	2.47096479421440
8.19000000000000	-0.34719136976186	1.23452525881504	-0.79688414445920	2.46185307096023
8.20000000000000	-0.35660278567269	1.12117079241189	-0.82149578431934	2.43442271150448
8.21000000000000	-0.36977114815733	1.00817682256421	-0.84572224186529	2.38801367593477
8.22000000000000	-0.38525232602207	0.89699943490795	-0.86936639265373	2.32261762871751
8.23000000000000	-0.40159157476274	0.78829060273635	-0.89213214969668	2.23889814518726
8.24000000000000	-0.41706593192858	0.68288458984734	-0.91359803591913	2.13796504328020
8.25000000000000	-0.43050735528417	0.58165289985866	-0.93320995769497	2.02122357481082
8.26000000000000	-0.44099986891501	0.48415646941865	-0.95041346362075	1.89024513896316
8.27000000000000	-0.44758247179420	0.39141341478850	-0.96446187339098	1.74644554905930
8.28000000000000	-0.45025257388177	0.30202858288305	-0.97455501505841	1.59089824201716
8.29000000000000	-0.44865321414931	0.21690317389268	-0.97993637816715	1.42438517203854
8.30000000000000	-0.44342268589308	0.13426485627412	-0.97982200781582	1.24746225230923
8.31000000000000	-0.43463768353762	0.05448944452011	-0.97350772179046	1.06031890448655
8.32000000000000	-0.42281822090832	-0.02312088881469	-0.96037052891346	0.86307783149044
8.33000000000000	-0.40852182786917	-0.09888860413672	-0.94018141835803	0.65635472872131
8.34000000000000	-0.39244215954247	-0.17274589228021	-0.91290179966801	0.44099419488894
8.35000000000000	-0.37504353668522	-0.24473190373606	-0.87888632468092	0.21859000638635
8.36000000000000	-0.35688737207532	-0.31469454800051	-0.83875600528655	-0.00848472304157
8.37000000000000	-0.33855823463876	-0.38116917032255	-0.79361159510579	-0.23700057556572
8.38000000000000	-0.32098511335834	-0.44444162855915	-0.74475601018938	-0.46298468229421
8.39000000000000	-0.30438597758054	-0.50265538580450	-0.69371514791355	-0.68175503913757
8.40000000000000	-0.28954808346833	-0.55586591309954	-0.64208147826049	-0.88836541127885
8.41000000000000	-0.27667406346967	-0.60214524426467	-0.59145540241139	-1.07753744367386
8.42000000000000	-0.26625299092799	-0.64108243057724	-0.54324609390415	-1.24431941234178
8.43000000000000	-0.25831807720211	-0.67113719727796	-0.49865235219563	-1.38422440285865
8.44000000000000	-0.25307798831545	-0.69103223620864	-0.45859422070658	-1.49334201253811
8.45000000000000	-0.25007807081545	-0.70014653664132	-0.42366472029769	-1.56880886295194
8.46000000000000	-0.24912121622260	-0.69738888738303	-0.39417664907375	-1.60882298788968
8.47000000000000	-0.24982732726292	-0.68265953121883	-0.37019523236005	-1.61255313040014
8.48000000000000	-0.25158701146459	-0.65638301975581	-0.35156076357564	-1.58068897151454
8.49000000000000	-0.25383548168838	-0.61946901084708	-0.33794063120826	-1.51494976996972
8.50000000000000	-0.25604192435750	-0.57383111115438	-0.32889316220626	-1.41801684274452
8.51000000000000	-0.25767310617861	-0.52185914719141	-0.32389860119534	-1.29390070358233
8.52000000000000	-0.25818398998570	-0.46615114953531	-0.32247443042068	-1.14728447055380
8.53000000000000	-0.25715213600050	-0.40945787493012	-0.32412223758749	-0.98327996223988
8.54000000000000	-0.25399982442747	-0.35453661296383	-0.32851874381866	-0.80749976242314
8.55000000000000	-0.24813316081194	-0.30375956701296	-0.33550575363500	-0.62538133422966
8.56000000000000	-0.23945768382031	-0.25926763843155	-0.34505282139276	-0.44213965435098
8.57000000000000	-0.22739590966044	-0.22188825836614	-0.35734601124223	-0.26237236045313
8.58000000000000	-0.21196118381343	-0.19312779814664	-0.37267884818130	-0.08992126704104
8.59000000000000	-0.19281976178753	-0.17244441987104	-0.39142032251050	0.07219484826239
8.60000000000000	-0.17014928410788	-0.16016720860976	-0.41378191375567	0.22204927003072
8.61000000000000	-0.14386700679829	-0.15486773462304	-0.43992371743676	0.35880178112540
8.62000000000000	-0.11438876131234	-0.15612782304033	-0.46988563061727	0.48251469768299
8.63000000000000	-0.08204593014802	-0.16242389637284	-0.50342809036814	0.59443056699522
8.64000000000000	-0.04683576242087	-0.17292468845015	-0.53996854330492	0.69642856169555
8.65000000000000	-0.00931794473302	-0.18646384617236	-0.57895095419579	0.79097749963084
8.66000000000000	0.03017420486744	-0.20201447277769	-0.61955910866532	0.88078824632839
8.67000000000000	0.07137633707624	-0.21857937699780	-0.66081845453080	0.96820185615828
8.68000000000000	0.11380148377976	-0.23582178946986	-0.70154217178449	1.05491482320521
8.69000000000000	0.15758279178880	-0.25223366396753	-0.74059616293564	1.14180168280396
8.70000000000000	0.20236466960698	-0.26762776051324	-0.77681374045847	1.22864427688054
8.71000000000000	0.24822754416922	-0.28036998270582	-0.80897407336269	1.31407856899513
8.72000000000000	0.29462564951463	-0.28979070505208	-0.83594764255124	1.39584949043395
8.73000000000000	0.34174707939751	-0.29485967705149	-0.85667869299086	1.47097103140174
8.74000000000000	0.38908844734491	-0.29465630065375	-0.87047841109433	1.53631901721191
8.75000000000000	0.43620835734140	-0.28855702887704	-0.87683035069100	1.58895283760748
8.76000000000000	0.48253886055782	-0.27604619885283	-0.87545255709685	1.62636978913345
8.77000000000000	0.52741467886410	-0.25766313440220	-0.86659236165213	1.64699177453089
8.78000000000000	0.57033635579697	-0.23364228081789	-0.85077866421177	1.65042771142234
8.79000000000000	0.61043455268397	-0.20565755559601	-0.82880560788863	1.63730392417395
8.80000000000000	0.64708603300381	-0.17460106057743	-0.80168284821862	1.60897234949966
8.81000000000000	0.67955137084291	-0.14261818522446	-0.77070112542857	1.56785829508037
8.82000000000000	0.70728840080507	-0.11156235243222	-0.73704981883654	1.51672785585259
8.83000000000000	0.72977866829349	-0.08309760209820	-0.70180221713168	1.45829878231237
8.84000000000000	0.74644475580898	-0.05845739032051	-0.66608204027350	1.39536283302006
8.85000000000000	0.75694360447031	-0.03871626221367	-0.63068377956820	1.33006753259985
8.86000000000000	0.76109089511209	-0.02446985032154	-0.59612021524830	1.26386885763483
8.87000000000000	0.75884286479791	-0.01624527303476	-0.56263377159395	1.19731720765935
8.88000000000000	0.75041485706185	-0.01365064046627	-0.53029199889245	1.13013882221886
8.89000000000000	0.73657453588000	-0.01680534399420	-0.49893504664233	1.06148288676494
8.90000000000000	0.71814191549498	-0.02507610515877	-0.46840696769626	0.98997730583743
8.91000000000000	0.69618815335168	-0.03840341828137	-0.43865287946446	0.91409946262577
8.92000000000000	0.67188695425476	-0.05625947162184	-0.40946786187553	0.83257485749138
8.93000000000000	0.64641041781894	-0.07859769694915	-0.38102569277137	0.74459000569092
8.94000000000000	0.62095974252226	-0.10523231842437	-0.35357329047771	0.64986799270030
8.95000000000000	0.59650106780187	-0.13598373501632	-0.32747529103291	0.54904209819504
8.96000000000000	0.57363661735822	-0.17065164340490	-0.30323699755191	0.44347436166636
8.97000000000000	0.55294752858857	-0.20883683267799	-0.28135844722887	0.33536456691798
8.98000000000000	0.53471456175122	-0.24997547473738	-0.26232614685056	0.22735907894288
8.99000000000000	0.51890732512612	-0.29313265240047	-0.24657984265041	0.12263214040190
9.00000000000000	0.50508274552984	-0.33714361226921	-0.23458857031554	0.02476498490355
9.01000000000000	0.49283388427667	-0.38060093319477	-0.22653924563047	-0.06292742959249
9.02000000000000	0.48113105700394	-0.42226166999663	-0.22228141039885	-0.13739502143019
9.03000000000000	0.46905425295380	-0.46080005948456	-0.22158385956491	-0.19605599915108
9.04000000000000	0.45534072156210	-0.49537563059584	-0.22397174809200	-0.23710003397357
9.05000000000000	0.43869101380729	-0.52561057452289	-0.22857924970274	-0.25974725909131
9.06000000000000	0.41780274824888	-0.55168877163868	-0.23430217670523	-0.26453871599853
9.07000000000000	0.39135265815956	-0.57464207163464	-0.23965889987921	-0.25333130394182
9.08000000000000	0.35854377481362	-0.59531716301108	-0.24361336381773	-0.22893188786011
9.09000000000000	0.31861855452704	-0.61592655142955	-0.24467824392648	-0.19579413194090
9.10000000000000	0.27180208265901	-0.63776617636286	-0.24165247567162	-0.15914992359713
9.11000000000000	0.21822372129218	-0.66286941848971	-0.23366683448860	-0.12497693753343
9.12000000000000	0.15913663333600	-0.69180079534846	-0.22030248609392	-0.09938030670759
9.13000000000000	0.09609735413713	-0.72505229421270	-0.20139598744805	-0.08833920759748
9.14000000000000	0.03092648289240	-0.76226185329643	-0.17725080423704	-0.09726785937950
9.15000000000000	-0.03426570549749	-0.80217479554386	-0.14857346290764	-0.13010751437778
9.16000000000000	-0.09716222977878	-0.84284981580492	-0.11649442571642	-0.18931644421347
9.17000000000000	-0.15583646032604	-0.88219711226778	-0.08237224990298	-0.27561918098187
9.18000000000000	-0.20846722660328	-0.91720382230543	-0.04782340359322	-0.38744541090532
9.19000000000000	-0.25393137124215	-0.94636111847124	-0.01450729363346	-0.52151006812688
9.20000000000000	-0.29105683699681	-0.96688040905335	0.01573724399544	-0.67248974793593
9.21000000000000	-0.31963169008320	-0.97840365046534	0.04130464767661	-0.83375661707999
9.22000000000000	-0.33937551204386	-0.98000319892936	0.06064957576683	-0.99762458486927
9.23000000000000	-0.35067905602527	-0.97267756506507	0.07251967118543	-1.15586568659898
9.24000000000000	-0.35395030701223	-0.95733922175543	0.07600925698275	-1.30036180404787
9.25000000000000	-0.34995903170253	-0.93581945211633	0.07056932558889	-1.42340786365525
9.26000000000000	-0.33958784329821	-0.90992329321744	0.05609944674952	-1.51822494302597
9.27000000000000	-0.32394514277560	-0.88113573900605	0.03291753912173	-1.57945315547330
9.28000000000000	-0.30420499894524	-0.85109836969837	0.00177094810769	-1.60293137826730
9.29000000000000	-0.28164532401772	-0.82026034802634	-0.03624296667327	-1.58618389701601
9.30000000000000	-0.25794931116357	-0.78936774289313	-0.07987006226097	-1.52827033630092
9.31000000000000	-0.23453590182710	-0.75815568350474	-0.12759719054552	-1.42957925970269
9.32000000000000	-0.21281462476344	-0.72623307634768	-0.17786353704639	-1.29187553111466
9.33000000000000	-0.19418633585723	-0.69338772472491	-0.22914429970738	-1.11826453291220
9.34000000000000	-0.17963814528820	-0.65907782027225	-0.28001454548529	-0.91263883528486
9.35000000000000	-0.16976262636557	-0.62276150554453	-0.32920416709166	-0.67978954281353
9.36000000000000	-0.16473872983811	-0.58429560745947	-0.37561569068250	-0.42524536093121
9.37000000000000	-0.16405971365294	-0.54318304682564	-0.41836869715874	-0.15479392585671
9.38000000000000	-0.16700117022548	-0.49990580566700	-0.45677778234432	0.12553304826833
9.39000000000000	-0.17225011713794	-0.45401975702138	-0.49036649498679	0.40961082386114
9.40000000000000	-0.17841004920178	-0.40601729278989	-0.51880729925740	0.69140065637434
9.41000000000000	-0.18385893681936	-0.35575116556858	-0.54183423552408	0.96497600395598
9.42000000000000	-0.18735290032160	-0.30376188034251	-0.55928982490226	1.22481285716454
9.43000000000000	-0.18757393034191	-0.24979712585363	-0.57104564605019	1.46565230379522
9.44000000000000	-0.18368189950809	-0.19402248982648	-0.57708364861452	1.68300255010472
9.45000000000000	-0.17520539458090	-0.13638225263003	-0.57745520401154	1.87334997888559
9.46000000000000	-0.16207176773000	-0.07677844418764	-0.57231920921868	2.03407913534181
9.47000000000000	-0.14456329407249	-0.01548019618666	-0.56194046912221	2.16393659136202
9.48000000000000	-0.12310137201949	0.04723451496653	-0.54667538925684	2.26288109321577
9.49000000000000	-0.09834450295154	0.11057695436463	-0.52706749962047	2.33198823738631
9.50000000000000	-0.07081829389652	0.17399996765729	-0.50363610018405	2.37333085879539
9.51000000000000	-0.04146355841405	0.23578859447752	-0.47701749105803	2.38965049921022
9.52000000000000	-0.01074615725526	0.29521776949133	-0.44791099477782	2.38400256154830
9.53000000000000	0.02040530517783	0.35053626007323	-0.41709165338179	2.35969741601791
9.54000000000000	0.05128141242559	0.40128224335183	-0.38543436691230	2.31963079321150
9.55000000000000	0.08095434503939	0.44655055960947	-0.35385638254964	2.26627027640674
9.56000000000000	0.10866397014064	0.48624962507973	-0.32330882180025	2.20150199670636
9.57000000000000	0.13373152212303	0.52097687401859	-0.29474246274232	2.12626252657456
9.58000000000000	0.15554547029917	0.55120831063455	-0.26904635327471	2.04082126585602
9.59000000000000	0.17438322781906	0.57941576399425	-0.24703133400774	1.94469597024442
9.60000000000000	0.18994560624447	0.60601799327516	-0.22931164602619	1.83680182306227
9.61000000000000	0.20319417622059	0.63388520088831	-0.21633992158129	1.71570970049538
9.62000000000000	0.21478576528227	0.66383889196883	-0.20824592572248	1.57965579964087
9.63000000000000	0.22580207605813	0.69719847161005	-0.20500157143227	1.42708865970378
9.64000000000000	0.23743752735094	0.73471426659048	-0.20640366327423	1.25685257656011
9.65000000000000	0.25086072964322	0.77662551204294	-0.21212606004184	1.06821097930520
9.66000000000000	0.26674273443712	0.82266226715965	-0.22164414719214	0.86140928453393
9.67000000000000	0.28573675665390	0.87224484205498	-0.23453875975061	0.63762365468912
9.68000000000000	0.30788320672529	0.92364326536252	-0.25030453509958	0.39873944191416
9.69000000000000	0.33310696862306	0.97595555647129	-0.26833102564368	0.14779506729803
9.70000000000000	0.36069380952409	1.02662491642537	-0.28800291607763	-0.11162115674809
9.71000000000000	0.39017681361030	1.07434938633004	-0.30870410301027	-0.37524708459523
9.72000000000000	0.42037763411783	1.11641616658485	-0.32979265881278	-0.63798582487019
9.73000000000000	0.45033664721898	1.15159074209524	-0.35066241690350	-0.89456843451823
9.74000000000000	0.47899691639927	1.17799404409368	-0.37090357064560	-1.13928430567324
9.75000000000000	0.50521026507827	1.19466330972301	-0.39015336827600	-1.36633221102777
9.76000000000000	0.52775486887584	1.20105768463919	-0.40809124366933	-1.57060682072758
9.77000000000000	0.54545407685079	1.19714872335432	-0.42454213100333	-1.74741551453894
9.78000000000000	0.55750832290518	1.18348239880247	-0.43936466505429	-1.89318124489433
9.79000000000000	0.56329499411264	1.16087657070133	-0.45240613927562	-2.00567578476183
9.80000000000000	0.56239324678558	1.13052424181177	-0.46350894765192	-2.08364702448679
9.81000000000000	0.55466115789498	1.09363737325889	-0.47250158949820	-2.12729659309217
9.82000000000000	0.54062740064406	1.05167293998951	-0.47930439002088	-2.13778195808448
9.83000000000000	0.52089820304091	1.00569963701756	-0.48377847819865	-2.11686896618699
9.84000000000000	0.49640516883557	0.95690806276966	-0.48574138689338	-2.06723208571031
9.85000000000000	0.46799771722023	0.90600533942453	-0.48519281356999	-1.99176661009307
9.86000000000000	0.43725908639198	0.85363029662743	-0.48204139147882	-1.89296359746846
9.87000000000000	0.40526321282339	0.80042689164800	-0.47637157690341	-1.77360214263894
9.88000000000000	0.37300009587778	0.74649493775882	-0.46832106425204	-1.63593971668666
9.89000000000000	0.34135120654827	0.69248339331964	-0.45808531549946	-1.48175584582125
9.90000000000000	0.31109992554663	0.63843492108392	-0.44597743248456	-1.31266869876834
9.91000000000000	0.28279646948832	0.58513562597627	-0.43230101991256	-1.13002443152698
9.92000000000000	0.25654816381598	0.53318362248711	-0.41739843959025	-0.93499921255466
9.93000000000000	0.23212662126663	0.48314232029231	-0.40166639459017	-0.72885979648391
9.94000000000000	0.20937522394547	0.43573476979191	-0.38539354435531	-0.51306190352478
9.95000000000000	0.18804399125033	0.39147470241288	-0.36893811950287	-0.28929519580334
9.96000000000000	0.16716847362023	0.35071184398343	-0.35242315618195	-0.05948218593266
9.97000000000000	0.14626476336375	0.31401892299734	-0.33639923535666	0.17419254790899
9.98000000000000	0.12470815299974	0.28077339044056	-0.32095935676234	0.40928106718219
9.99000000000000	0.10213886554019	0.25141239903346	-0.30645441221278	0.64336810311292
10.00000000000000	0.07769308664592	0.22482800859517	-0.29328997196653	0.87421329964324
