# Waketime [ns]	 	DipolX [V/pC/mm]	  	DipolY [V/pC/mm]	 	QuadX [V/pC/mm]	 	QuadY [V/pC/mm]
0.00000000000000	0.00000000000000	0.00000000000000	0.00000000000000	0.00000000000000
0.01000000000000	18.78069451192896	22.76599750251783	-15.38437195754059	9.02496935138775
0.02000000000000	15.12952228840117	16.09762773811688	-12.27656066890336	6.21127729310499
0.03000000000000	14.87376389882027	15.08679236377656	-11.93711969723759	5.82386053976378
0.04000000000000	15.01710796091677	14.80692955517828	-11.92465232714619	5.78593191775288
0.05000000000000	15.30936517666052	14.81370402032681	-12.05844344114914	5.87995293292122
0.06000000000000	15.58934091384096	14.92109790583531	-12.21339173253014	6.02762587820490
0.07000000000000	15.71369624187514	14.94640053913232	-12.26870591054324	6.11900434781927
0.08000000000000	15.79535430565560	14.98912544104141	-12.30999265631891	6.20973649041384
0.09000000000000	15.69520489193161	14.96316711880630	-12.24984634519701	6.23568394785284
0.10000000000000	15.51597149029696	14.91137245523467	-12.14982071761635	6.23566811376030
0.11000000000000	15.23303065243848	14.81547905289579	-11.99311379472443	6.19806811096121
0.12000000000000	14.79182239200631	14.61486946822957	-11.74087008419652	6.10041409344055
0.13000000000000	14.29922098227776	14.38422310775367	-11.46299650891476	5.98901204280876
0.14000000000000	13.69202892587837	14.07274695783342	-11.12022223918049	5.84772366011456
0.15000000000000	13.03876526794472	13.72486755144413	-10.75295507806238	5.70394643896039
0.16000000000000	12.33605825335862	13.32708884100910	-10.35673902063830	5.55010369521104
0.17000000000000	11.59205063465258	12.88042346280904	-9.93736659315291	5.40559815884531
0.18000000000000	10.83940840628433	12.41418875306675	-9.51389183439765	5.26605061843320
0.19000000000000	10.08036964414861	11.92140465863364	-9.08512786735873	5.13927908028081
0.20000000000000	9.33008809518651	11.40967957591950	-8.65956999609777	5.02310843831597
0.21000000000000	8.59197642352990	10.89898093498592	-8.24041484500089	4.91718593302973
0.22000000000000	7.89070777621566	10.37839849465245	-7.83732233712145	4.82599997052421
0.23000000000000	7.21175397720281	9.86427734084263	-7.44507494936003	4.74062310395230
0.24000000000000	6.56810098111764	9.35782406777855	-7.06932005770237	4.66394439655087
0.25000000000000	5.97246444454689	8.87094770943973	-6.71775524150574	4.59615659107735
0.26000000000000	5.40086191611370	8.39388219531027	-6.37701114934165	4.53141614262003
0.27000000000000	4.88965722426529	7.94394962934688	-6.06584909615748	4.47235102632984
0.28000000000000	4.41000946223515	7.51291421787692	-5.77092960356896	4.41635185329725
0.29000000000000	3.96594736496062	7.10066524018599	-5.49283708510908	4.36188694163350
0.30000000000000	3.57278499110662	6.71777533614313	-5.23956757421502	4.30812428033225
0.31000000000000	3.20160420815579	6.34892227490115	-4.99742311814554	4.25495665278897
0.32000000000000	2.87565163922640	6.00731461355447	-4.77712273667020	4.20053446563203
0.33000000000000	2.58019721059299	5.68812800428098	-4.57237143455944	4.14650980533094
0.34000000000000	2.30583649983944	5.38144251355387	-4.37767885461840	4.09065924383920
0.35000000000000	2.07383575210446	5.10587572774733	-4.20423356995299	4.03326701062630
0.36000000000000	1.85652699011317	4.84074128451731	-4.03799188386033	3.97461799101634
0.37000000000000	1.66873287184320	4.59818308190126	-3.88655056372638	3.91434448007359
0.38000000000000	1.50171673099601	4.37046549491897	-3.74498940855869	3.85103095476078
0.39000000000000	1.34771808931724	4.15350463880677	-3.60986495154881	3.78690450311397
0.40000000000000	1.22188176379314	3.95788338305634	-3.48818554225172	3.71858389893537
0.41000000000000	1.10632439580719	3.77117153320018	-3.37150081000617	3.64933779549900
0.42000000000000	1.00656609693053	3.59747437862773	-3.26253064006585	3.57804889865248
0.43000000000000	0.92144904556041	3.43510481583843	-3.15992281007095	3.50348289656954
0.44000000000000	0.84470357250908	3.28055528387761	-3.06156993234046	3.42844544880701
0.45000000000000	0.78397783544054	3.13955141270271	-2.97042490142268	3.35066999581321
0.46000000000000	0.73066104934632	3.00494062309266	-2.88240309468425	3.27165781673208
0.47000000000000	0.68589177177669	2.87805941906340	-2.79836088279308	3.19162325104680
0.48000000000000	0.65137235565478	2.75987078951334	-2.71849866920338	3.10957900162959
0.49000000000000	0.62211665034602	2.64722847260672	-2.64112068815080	3.02754931554637
0.50000000000000	0.60084548345568	2.54131120135924	-2.56684247617498	2.94382720279043
0.51000000000000	0.58502255628143	2.44072874936552	-2.49486607925445	2.85963379753888
0.52000000000000	0.57401706483157	2.34519565460668	-2.42533827455224	2.77555535531751
0.53000000000000	0.57011264372645	2.25703229114309	-2.35905180208897	2.69102306302029
0.54000000000000	0.56815741930835	2.17067369148341	-2.29355212851244	2.60600450939006
0.55000000000000	0.57124110026306	2.09036487600330	-2.23064503738914	2.52116046838668
0.56000000000000	0.57715872098171	2.01346915877138	-2.16945848140094	2.43610265584780
0.57000000000000	0.58480401227443	1.93866941795870	-2.10917581266218	2.35090628752755
0.58000000000000	0.59652704934992	1.86983200674159	-2.05197945364862	2.26616076407030
0.59000000000000	0.60977285352228	1.80369917706985	-1.99625502744297	2.18193610784676
0.60000000000000	0.62478952373597	1.74073939352764	-1.94232323630463	2.09802252565130
0.61000000000000	0.64099868726629	1.68064831199595	-1.88984062054656	2.01414346341856
0.62000000000000	0.65782685668732	1.62204538152301	-1.83830081912633	1.93044408164822
0.63000000000000	0.67594861709443	1.56748554695514	-1.78896467462894	1.84745099431072
0.64000000000000	0.69482512776812	1.51521314292579	-1.74096645523620	1.76503889341840
0.65000000000000	0.71441481824488	1.46541776144674	-1.69435606959626	1.68324644857176
0.66000000000000	0.73470447737847	1.41928913560530	-1.64973896240099	1.60266638145337
0.67000000000000	0.75511313700829	1.37462402537889	-1.60590172721661	1.52267337536562
0.68000000000000	0.77563199615416	1.33288625971602	-1.56358656269211	1.44394092592249
0.69000000000000	0.79657846502042	1.29416114157537	-1.52266955110539	1.36673989834172
0.70000000000000	0.81709981855911	1.25644735758734	-1.48235311323629	1.29024430657602
0.71000000000000	0.83745917925915	1.22258047363054	-1.44390591884034	1.21630697907372
0.72000000000000	0.85793103278972	1.19055324455425	-1.40647962609530	1.14369529410682
0.73000000000000	0.87823483693322	1.16161769560385	-1.37072085493074	1.07349740681050
0.74000000000000	0.89827117738388	1.13565370292113	-1.33661782603655	1.00588381701359
0.75000000000000	0.91792542837725	1.11095788946774	-1.30324975935669	0.93955250666091
0.76000000000000	0.93646096234321	1.08961896812103	-1.27197065684231	0.87698882153854
0.77000000000000	0.95481356998282	1.07000535875868	-1.24169352435649	0.81617069849525
0.78000000000000	0.97225354216528	1.05208235195381	-1.21273980758900	0.75781554999622
0.79000000000000	0.98881617248821	1.03675847479413	-1.18548214331841	0.70284623394136
0.80000000000000	1.00487936190363	1.02242953052255	-1.15899035905360	0.64944303068469
0.81000000000000	1.01982818405684	1.01071096065139	-1.13441382662501	0.60009861669639
0.82000000000000	1.03444376023308	1.00074382056447	-1.11112316596744	0.55327307668845
0.83000000000000	1.04860924060391	0.99263843608095	-1.08907104421817	0.50911460073956
0.84000000000000	1.06151812136693	0.98648541533443	-1.06847660079847	0.46895037555759
0.85000000000000	1.07381615052194	0.98105726774105	-1.04843275981928	0.43046717316164
0.86000000000000	1.08514115486351	0.97765352847164	-1.02977572647202	0.39580810154470
0.87000000000000	1.09592365831807	0.97594797618481	-1.01227581924877	0.36400522030555
0.88000000000000	1.10581653708140	0.97477139894315	-0.99521812842899	0.33400485811234
0.89000000000000	1.11450781934614	0.97570358145500	-0.97964075226105	0.30814813288162
0.90000000000000	1.12293553093551	0.97773310311818	-0.96484641914835	0.28397551064773
0.91000000000000	1.13064259095652	0.98146407812343	-0.95131045633132	0.26279497129875
0.92000000000000	1.13747933112210	0.98633714557565	-0.93879640295408	0.24408830732442
0.93000000000000	1.14406669299653	0.99224494429124	-0.92700179622373	0.22688998438670
0.94000000000000	1.14948834053420	0.99963947968285	-0.91668062817195	0.21300385549682
0.95000000000000	1.15440784159181	1.00742450261287	-0.90687024605796	0.20030099302748
0.96000000000000	1.15842091332371	1.01558649933236	-0.89770919998897	0.18931110279264
0.97000000000000	1.16181954469686	1.02471493608547	-0.88962714038845	0.18057462647329
0.98000000000000	1.16472275126394	1.03394768642060	-0.88197612942242	0.17281918353154
0.99000000000000	1.16690792808761	1.04394192434282	-0.87543141708055	0.16748704248301
1.00000000000000	1.16857202435596	1.05391507154909	-0.86929396719849	0.16328591093255
1.01000000000000	1.16997250818681	1.06437707232518	-0.86386209555016	0.16052035426448
1.02000000000000	1.17082427121099	1.07514229766233	-0.85931232486171	0.15983267628132
1.03000000000000	1.17160572394661	1.08625027225975	-0.85528942495858	0.16013209390089
1.04000000000000	1.17195346656484	1.09760182190762	-0.85200930542707	0.16225388379369
1.05000000000000	1.17183688237082	1.10872936206608	-0.84910077805314	0.16550745474872
1.06000000000000	1.17149825073937	1.11994951648700	-0.84656280794235	0.16969699769674
1.07000000000000	1.17059086521116	1.13106354269668	-0.84472639018526	0.17578165426398
1.08000000000000	1.16942133392502	1.14200619654661	-0.84308277198234	0.18250740678699
1.09000000000000	1.16810218377335	1.15318586217682	-0.84212638002852	0.19070606153196
1.10000000000000	1.16625302550829	1.16394505878272	-0.84152533394813	0.20001660017398
1.11000000000000	1.16427409743353	1.17471019918639	-0.84118810703240	0.20999116772985
1.12000000000000	1.16166803407893	1.18489326138031	-0.84132766324384	0.22137478922151
1.13000000000000	1.15904126822087	1.19516372398329	-0.84185204510476	0.23341621951596
1.14000000000000	1.15614002794892	1.20514467716512	-0.84273045276172	0.24625217209498
1.15000000000000	1.15303303054651	1.21484687244714	-0.84406113823248	0.25992246805563
1.16000000000000	1.14967528615988	1.22411580773868	-0.84549299399513	0.27384279225728
1.17000000000000	1.14620469153897	1.23312194850542	-0.84741589264681	0.28848563198665
1.18000000000000	1.14261519117733	1.24178381931240	-0.84951832772924	0.30334027243318
1.19000000000000	1.13878498067820	1.24987141153120	-0.85166666850971	0.31829327235872
1.20000000000000	1.13479168763780	1.25726367713326	-0.85396182401020	0.33333190232881
1.21000000000000	1.13077969950068	1.26438456296829	-0.85632809938230	0.34837645452310
1.22000000000000	1.12684244779960	1.27109286513640	-0.85885100824419	0.36342098106143
1.23000000000000	1.12292100570137	1.27739017416953	-0.86141740841446	0.37836087233351
1.24000000000000	1.11889701884440	1.28321993117628	-0.86386539372038	0.39311895500962
1.25000000000000	1.11505062481449	1.28856126899026	-0.86629209941006	0.40757311524013
1.26000000000000	1.11126795421647	1.29369254011022	-0.86869323733201	0.42186814061539
1.27000000000000	1.10766660683784	1.29855278636203	-0.87104882034471	0.43588110523786
1.28000000000000	1.10427399831145	1.30317734205536	-0.87333995583905	0.44954427784492
1.29000000000000	1.10100549835252	1.30769990991248	-0.87558181622939	0.46301073166549
1.30000000000000	1.09784637325733	1.31162045171367	-0.87753401278826	0.47573817251961
1.31000000000000	1.09491399232436	1.31560456751637	-0.87946613861223	0.48822427308188
1.32000000000000	1.09202489382298	1.31917263234091	-0.88118704889017	0.50017357492979
1.33000000000000	1.08930863694072	1.32243976106663	-0.88270121542605	0.51145757841331
1.34000000000000	1.08655570313846	1.32538145116451	-0.88400761702345	0.52233500629803
1.35000000000000	1.08389852334074	1.32781451173227	-0.88502007891855	0.53236207510452
1.36000000000000	1.08133733804305	1.32999394877975	-0.88589340238308	0.54191046359400
1.37000000000000	1.07897111725625	1.33208870162386	-0.88671825738428	0.55105681460616
1.38000000000000	1.07666684510995	1.33360878573334	-0.88727122195082	0.55936269082986
1.39000000000000	1.07428167638611	1.33471167535121	-0.88758613057842	0.56722350010353
1.40000000000000	1.07210029759613	1.33548714784278	-0.88775972267554	0.57441627417572
1.41000000000000	1.06998430901335	1.33588532876135	-0.88776166829424	0.58108218272310
1.42000000000000	1.06800143677933	1.33616313860516	-0.88770960566257	0.58743917525100
1.43000000000000	1.06606502278856	1.33571406291737	-0.88732332113660	0.59293451946563
1.44000000000000	1.06425433210047	1.33516667117761	-0.88690667341802	0.59819797547934
1.45000000000000	1.06265025456077	1.33443826682723	-0.88641163008596	0.60303473421752
1.46000000000000	1.06095198619156	1.33305360144991	-0.88558324555666	0.60727072336809
1.47000000000000	1.05941559218299	1.33169257625231	-0.88473233440130	0.61133711445066
1.48000000000000	1.05789394369513	1.32973135622282	-0.88357706969869	0.61476262965470
1.49000000000000	1.05642780037726	1.32762202800777	-0.88231875194868	0.61797511036413
1.50000000000000	1.05495428327729	1.32514374803219	-0.88085417757972	0.62082317863828
1.51000000000000	1.05344961188171	1.32220511133817	-0.87909801493706	0.62320548932255
1.52000000000000	1.05202227075891	1.31919669116842	-0.87730743824707	0.62544582186080
1.53000000000000	1.05064275050711	1.31579866708002	-0.87527714276399	0.62721985644759
1.54000000000000	1.04934329302576	1.31224702368515	-0.87316613616947	0.62875421456860
1.55000000000000	1.04803396567138	1.30844332298242	-0.87090261405128	0.63001008681044
1.56000000000000	1.04677940617642	1.30426568257126	-0.86839930682462	0.63076199601220
1.57000000000000	1.04561197597490	1.30001600949188	-0.86585696380259	0.63134096137877
1.58000000000000	1.04452868932903	1.29548579250989	-0.86315771136067	0.63149974605677
1.59000000000000	1.04355957085250	1.29082028459400	-0.86037093800306	0.63135972674197
1.60000000000000	1.04265782191674	1.28603280867575	-0.85752471105297	0.63100915591767
1.61000000000000	1.04192182643921	1.28105723702302	-0.85454452449439	0.63018597073157
1.62000000000000	1.04128736195305	1.27607775207281	-0.85155773910130	0.62921135097050
1.63000000000000	1.04071718891635	1.27094642952490	-0.84846554749035	0.62789777681430
1.64000000000000	1.04021826872960	1.26573005818106	-0.84530354648125	0.62626063010156
1.65000000000000	1.03979585692863	1.26054062094114	-0.84212334457734	0.62447379257817
1.66000000000000	1.03940316192045	1.25526453885453	-0.83884387749680	0.62226169008424
1.67000000000000	1.03903438996424	1.25002147530678	-0.83553444770382	0.61988892892195
1.68000000000000	1.03860977888620	1.24468209466782	-0.83212044524565	0.61723812401885
1.69000000000000	1.03818114307329	1.23942522365547	-0.82865981962133	0.61432261591114
1.70000000000000	1.03763612036115	1.23402386954319	-0.82508713618620	0.61121395602440
1.71000000000000	1.03708576186547	1.22876797372542	-0.82149977570834	0.60789865829598
1.72000000000000	1.03656105037885	1.22367349346952	-0.81793412978521	0.60453783919953
1.73000000000000	1.03594390943094	1.21853981479184	-0.81429925412358	0.60105402474610
1.74000000000000	1.03520603729558	1.21345346539174	-0.81059613238264	0.59748798176455
1.75000000000000	1.03441682115995	1.20838513588650	-0.80685070935082	0.59390350719264
1.76000000000000	1.03360112717902	1.20345953797900	-0.80312328108471	0.59037500655151
1.77000000000000	1.03273148387531	1.19857415915013	-0.79938679634823	0.58691557525177
1.78000000000000	1.03178733335556	1.19364261638352	-0.79561112487689	0.58347026075462
1.79000000000000	1.03089163030693	1.18894323007285	-0.79194542222151	0.58026079608452
1.80000000000000	1.02996843139302	1.18424353053194	-0.78828557179848	0.57711061486967
1.81000000000000	1.02910919599690	1.17970934435850	-0.78473346443237	0.57414310047990
1.82000000000000	1.02830812016192	1.17532477141679	-0.78126893742562	0.57133951964513
1.83000000000000	1.02755655541867	1.17105193221581	-0.77789235323951	0.56864895202663
1.84000000000000	1.02683658452183	1.16688346803018	-0.77460193857135	0.56610308909495
1.85000000000000	1.02621297095002	1.16289204923286	-0.77141701391230	0.56365713053146
1.86000000000000	1.02565316110625	1.15904367300292	-0.76834895361380	0.56132236589932
1.87000000000000	1.02513951671119	1.15531806627454	-0.76537272287779	0.55904798314924
1.88000000000000	1.02464937221105	1.15166230704317	-0.76245534365789	0.55680742762265
1.89000000000000	1.02419880083686	1.14814555526497	-0.75965350932983	0.55460244687173
1.90000000000000	1.02378661364256	1.14475097424100	-0.75695070979577	0.55242720515891
1.91000000000000	1.02344216497182	1.14151744535248	-0.75437440539840	0.55030426770789
1.92000000000000	1.02308284547806	1.13834980847188	-0.75190452683463	0.54815590026820
1.93000000000000	1.02282898339669	1.13538797951651	-0.74958645184308	0.54607485971161
1.94000000000000	1.02254763374009	1.13245987289060	-0.74738004359674	0.54395789696474
1.95000000000000	1.02228773679585	1.12963474723668	-0.74531332206141	0.54184575964965
1.96000000000000	1.02199317513604	1.12680249767612	-0.74328130862273	0.53969720875315
1.97000000000000	1.02164624231753	1.12395939486011	-0.74139362670560	0.53747525793839
1.98000000000000	1.02133008408044	1.12118717122599	-0.73961867025837	0.53527334044582
1.99000000000000	1.02102278823473	1.11847671182956	-0.73799890534696	0.53307287172446
2.00000000000000	1.02072467968862	1.11582184399529	-0.73652960488865	0.53088317001447
2.01000000000000	1.02042665972172	1.11317966407068	-0.73513732714412	0.52869666875336
2.02000000000000	1.02012789189270	1.11059018372168	-0.73392865461494	0.52655585826303
2.03000000000000	1.01988994002222	1.10810491520197	-0.73286276354091	0.52449463760325
2.04000000000000	1.01964934355566	1.10563818511194	-0.73189127904424	0.52247229695700
2.05000000000000	1.01944041492819	1.10325418601716	-0.73109419383531	0.52057298946056
2.06000000000000	1.01919566226919	1.10083351900619	-0.73033423102347	0.51870432080076
2.07000000000000	1.01902944127454	1.09857536904498	-0.72976430826479	0.51701571804498
2.08000000000000	1.01884291478108	1.09629449484988	-0.72928507724590	0.51541776347578
2.09000000000000	1.01864311968516	1.09402798397260	-0.72886862607874	0.51390317588058
2.10000000000000	1.01848547201914	1.09187025190239	-0.72864499650636	0.51261478222594
2.11000000000000	1.01828155255033	1.08965489466887	-0.72844901817048	0.51137620885057
2.12000000000000	1.01807976825711	1.08747952535427	-0.72839325477788	0.51031049813200
2.13000000000000	1.01788619954070	1.08535142894410	-0.72847238390935	0.50941299494929
2.14000000000000	1.01766080590241	1.08319587914904	-0.72860476369629	0.50859579688827
2.15000000000000	1.01747546156381	1.08113663914877	-0.72898212042109	0.50806473398273
2.16000000000000	1.01727972907320	1.07906679476802	-0.72942644959811	0.50761109751818
2.17000000000000	1.01712188411086	1.07707766214685	-0.73006070719213	0.50735250564756
2.18000000000000	1.01693743535598	1.07509200835229	-0.73084064070740	0.50725909149785
2.19000000000000	1.01668965066401	1.07302659298328	-0.73165565268131	0.50721499955751
2.20000000000000	1.01643364149133	1.07102749097384	-0.73269227187380	0.50740086121416
2.21000000000000	1.01613244572711	1.06899278827557	-0.73379358480474	0.50765685879681
2.22000000000000	1.01583643603290	1.06701480640469	-0.73504645513573	0.50805650391868
2.23000000000000	1.01550046182887	1.06505629507015	-0.73645597251315	0.50861295647324
2.24000000000000	1.01514538181602	1.06309334724543	-0.73794093753786	0.50923706935338
2.25000000000000	1.01480306740778	1.06121907990096	-0.73963221689327	0.51004825014284
2.26000000000000	1.01443240581725	1.05932301866927	-0.74142341700379	0.51094339080557
2.27000000000000	1.01408829449914	1.05749570842878	-0.74333829275962	0.51194642477034
2.28000000000000	1.01370124483404	1.05559316826889	-0.74540367753182	0.51306347888151
2.29000000000000	1.01337417207473	1.05378138283260	-0.74759370718741	0.51427910850630
2.30000000000000	1.01306604193294	1.05197811586545	-0.74995767693380	0.51562280718536
2.31000000000000	1.01272976187649	1.05008353971614	-0.75241890615501	0.51702614558264
2.32000000000000	1.01244188772132	1.04822433092916	-0.75498310609513	0.51849876797232
2.33000000000000	1.01215000057643	1.04625932287522	-0.75773757381767	0.52009000855919
2.34000000000000	1.01190250893045	1.04433895109085	-0.76060588257479	0.52176338107393
2.35000000000000	1.01161427126670	1.04227425600063	-0.76355423756956	0.52347329105770
2.36000000000000	1.01133321045431	1.04014883751204	-0.76664965588356	0.52526794447669
2.37000000000000	1.01105649948003	1.03800007400773	-0.76982373205794	0.52711165770621
2.38000000000000	1.01075883864193	1.03573606356596	-0.77314321943164	0.52904485477140
2.39000000000000	1.01048882665089	1.03348145756933	-0.77656399072260	0.53105575810471
2.40000000000000	1.01020130914381	1.03115141634241	-0.78006207695794	0.53312266278149
2.41000000000000	1.00995243459945	1.02883041821198	-0.78371260803007	0.53531727429315
2.42000000000000	1.00971170380253	1.02649210493758	-0.78742119499441	0.53756000611516
2.43000000000000	1.00949139930671	1.02414281272993	-0.79124438863317	0.53991714134927
2.44000000000000	1.00930236873733	1.02182802292482	-0.79515481927067	0.54237735442739
2.45000000000000	1.00909973427100	1.01948607232098	-0.79908985847912	0.54489212438552
2.46000000000000	1.00886174028059	1.01708450136947	-0.80306614423426	0.54752222857893
2.47000000000000	1.00861123487260	1.01467243937952	-0.80704727684141	0.55019704564911
2.48000000000000	1.00836939595732	1.01229151735672	-0.81108600040669	0.55299609267909
2.49000000000000	1.00811991759300	1.00992291242199	-0.81516360435416	0.55590476166623
2.50000000000000	1.00785686812562	1.00755472820773	-0.81924724726170	0.55886938335921
2.51000000000000	1.00751989774369	1.00513598576158	-0.82333495169343	0.56198682519304
2.52000000000000	1.00716920699908	1.00271711507523	-0.82742408775964	0.56516383858767
2.53000000000000	1.00679946994394	1.00031083750676	-0.83154462454462	0.56846612291919
2.54000000000000	1.00639311287869	0.99788047913903	-0.83567705732748	0.57187754069833
2.55000000000000	1.00595442904552	0.99541123384474	-0.83979958147413	0.57532849584417
2.56000000000000	1.00548362008721	0.99290338879738	-0.84395108773498	0.57890087622406
2.57000000000000	1.00501448719565	0.99038679314037	-0.84812008356047	0.58252211578610
2.58000000000000	1.00454667978421	0.98786679290691	-0.85232095251624	0.58621286893716
2.59000000000000	1.00403686510991	0.98523867676284	-0.85651134139687	0.58992652664106
2.60000000000000	1.00350602651514	0.98254618836194	-0.86068297551065	0.59363180310396
2.61000000000000	1.00303818338364	0.97988779529429	-0.86492462008260	0.59739524811483
2.62000000000000	1.00251832901274	0.97710147728799	-0.86912674209994	0.60111216879430
2.63000000000000	1.00202505009575	0.97431882336235	-0.87335012617907	0.60483577987245
2.64000000000000	1.00153735178368	0.97148159107134	-0.87756337911064	0.60851339182907
2.65000000000000	1.00104895928760	0.96861739019990	-0.88177086393588	0.61216578522980
2.66000000000000	1.00056793841794	0.96572199770727	-0.88596883532920	0.61577097407193
2.67000000000000	1.00007365557333	0.96277452154752	-0.89013120331646	0.61930798291223
2.68000000000000	0.99961229780995	0.95986868685524	-0.89431424226457	0.62284106335286
2.69000000000000	0.99912265872814	0.95687610167070	-0.89843867994642	0.62624819188617
2.70000000000000	0.99863968426433	0.95387462582096	-0.90255310157291	0.62961172356712
2.71000000000000	0.99816855139940	0.95086128583620	-0.90666034658080	0.63290657293914
2.72000000000000	0.99771112673439	0.94784362161706	-0.91074838262240	0.63611189107631
2.73000000000000	0.99727309318848	0.94483886793626	-0.91484697723654	0.63928439801880
2.74000000000000	0.99679668150958	0.94173722311342	-0.91887495653174	0.64230356536136
2.75000000000000	0.99634558422882	0.93865708961904	-0.92290753133774	0.64528178586157
2.76000000000000	0.99583903230775	0.93546171116975	-0.92687019899654	0.64814819411568
2.77000000000000	0.99532250315618	0.93221303024510	-0.93078373982888	0.65090415508569
2.78000000000000	0.99480406715931	0.92894947246937	-0.93468188890443	0.65362058354355
2.79000000000000	0.99425754232086	0.92561383336380	-0.93852400977464	0.65623718641460
2.80000000000000	0.99372345124975	0.92228923098027	-0.94235191206065	0.65882564024972
2.81000000000000	0.99315716960173	0.91890125397705	-0.94613340770618	0.66135981116131
2.82000000000000	0.99256688393541	0.91546858242008	-0.94983785271541	0.66384119272148
2.83000000000000	0.99199799055585	0.91206131179579	-0.95353637887865	0.66632737245310
2.84000000000000	0.99139296252564	0.90858753834448	-0.95715895495783	0.66877818608804
2.85000000000000	0.99079853082120	0.90512189484948	-0.96074383254377	0.67123158418855
2.86000000000000	0.99018427397161	0.90161788354663	-0.96428187179940	0.67366557097223
2.87000000000000	0.98956437159619	0.89809885703553	-0.96773931241365	0.67609708839794
2.88000000000000	0.98896825784603	0.89462120615103	-0.97118463926184	0.67854399619076
2.89000000000000	0.98835672904327	0.89111971952866	-0.97456580087217	0.68097820618037
2.90000000000000	0.98773047458548	0.88760400482291	-0.97787770000152	0.68340474696735
2.91000000000000	0.98708548177121	0.88406629991479	-0.98114335649211	0.68581811244293
2.92000000000000	0.98646281448862	0.88058302774487	-0.98435773635822	0.68823945702596
2.93000000000000	0.98583829522087	0.87711443596794	-0.98754219788472	0.69066017047150
2.94000000000000	0.98519131553058	0.87363464346934	-0.99067170382816	0.69306623562889
2.95000000000000	0.98455218769063	0.87020080501271	-0.99375182652519	0.69547397609621
2.96000000000000	0.98389984231030	0.86676266979489	-0.99679408973249	0.69786855263974
2.97000000000000	0.98324914003323	0.86335434685657	-0.99979033096565	0.70025418976970
2.98000000000000	0.98257967164884	0.85994620845020	-1.00273649899637	0.70262346473779
2.99000000000000	0.98191584016590	0.85656898801847	-1.00566182781016	0.70499423300887
3.00000000000000	0.98123397941134	0.85321293301399	-1.00851961841019	0.70733608319301
3.01000000000000	0.98052345748265	0.84982943491042	-1.01133466241734	0.70964987660253
3.02000000000000	0.97982814007065	0.84651031257181	-1.01412888600939	0.71196063458995
3.03000000000000	0.97911639439738	0.84319375718095	-1.01688160369804	0.71423576437753
3.04000000000000	0.97841066965911	0.83990089302483	-1.01963124275201	0.71650460633803
3.05000000000000	0.97768711309272	0.83663033067144	-1.02233158285198	0.71871185749111
3.06000000000000	0.97696975350730	0.83337673791197	-1.02502707249247	0.72090459942322
3.07000000000000	0.97625641978568	0.83014929579640	-1.02770712162366	0.72307118730597
3.08000000000000	0.97551366665053	0.82687819254735	-1.03032567911094	0.72516787667298
3.09000000000000	0.97475356551605	0.82358386427741	-1.03291732114624	0.72723371959401
3.10000000000000	0.97396549992397	0.82024159036512	-1.03543748155455	0.72922248399085
3.11000000000000	0.97317771250189	0.81688507500622	-1.03793161155161	0.73118493423347
3.12000000000000	0.97241682269668	0.81356196780460	-1.04041794935503	0.73313840434491
3.13000000000000	0.97164795162946	0.81021034239934	-1.04284237861676	0.73505300339867
3.14000000000000	0.97090060172631	0.80688626120116	-1.04526128588723	0.73697079403048
3.15000000000000	0.97015847440567	0.80356353115315	-1.04763113221157	0.73887341194822
3.16000000000000	0.96943896059193	0.80028494626163	-1.04998718710190	0.74078725134487
3.17000000000000	0.96872966347635	0.79702404508807	-1.05231976191266	0.74269892554094
3.18000000000000	0.96804627652271	0.79383876230310	-1.05462125821068	0.74462394118907
3.19000000000000	0.96737140931536	0.79069242196079	-1.05691666009623	0.74655918388018
3.20000000000000	0.96670254066401	0.78760554664582	-1.05918229125756	0.74850008629094
3.21000000000000	0.96605837894136	0.78462218843145	-1.06145241435601	0.75047158027083
3.22000000000000	0.96541115716393	0.78166920250737	-1.06371155062304	0.75244847591530
3.23000000000000	0.96477232322820	0.77884853565798	-1.06595095452931	0.75444942686173
3.24000000000000	0.96412773003066	0.77606800967862	-1.06818313165260	0.75645294126264
3.25000000000000	0.96345449626081	0.77333021895185	-1.07038295271841	0.75844831186697
3.26000000000000	0.96277550960162	0.77069835352053	-1.07257995408965	0.76045725541678
3.27000000000000	0.96205811891189	0.76805510425248	-1.07474036198608	0.76244245014723
3.28000000000000	0.96133526684545	0.76552192086541	-1.07689068230435	0.76443204622478
3.29000000000000	0.96059680018053	0.76302715938352	-1.07903218702401	0.76641852557263
3.30000000000000	0.95984374924006	0.76058105688188	-1.08115308793655	0.76839652315286
3.31000000000000	0.95906774695832	0.75819672702185	-1.08324564325672	0.77035978261146
3.32000000000000	0.95827212529333	0.75582393345466	-1.08531314360916	0.77230677845211
3.33000000000000	0.95746637134546	0.75351995325999	-1.08736233307691	0.77424198403403
3.34000000000000	0.95665114867548	0.75125516430348	-1.08939377041599	0.77616593609581
3.35000000000000	0.95581366083747	0.74899392066040	-1.09139667086809	0.77806852051515
3.36000000000000	0.95497316571725	0.74680772928411	-1.09338128436882	0.77995851557083
3.37000000000000	0.95413623111955	0.74466010089257	-1.09535889054019	0.78184485821805
3.38000000000000	0.95329674565462	0.74256377208848	-1.09732352971699	0.78371904275592
3.39000000000000	0.95246044920906	0.74051831858010	-1.09926795214606	0.78557865973762
3.40000000000000	0.95163596662897	0.73851670608342	-1.10121131247907	0.78743796297300
3.41000000000000	0.95083650698084	0.73661735707343	-1.10314797310217	0.78928728615323
3.42000000000000	0.95005160894426	0.73476787545517	-1.10508121419490	0.79113085584133
3.43000000000000	0.94929742179898	0.73300863958887	-1.10702149711655	0.79297388603050
3.44000000000000	0.94853897387667	0.73129973369276	-1.10893101841476	0.79477950247668
3.45000000000000	0.94779190057624	0.72963534822788	-1.11083678692392	0.79657473449575
3.46000000000000	0.94706394162686	0.72807444888105	-1.11272377911289	0.79833576808243
3.47000000000000	0.94631514774600	0.72652139662586	-1.11457783891581	0.80005644681654
3.48000000000000	0.94558235524459	0.72504046965563	-1.11642123850236	0.80175684538840
3.49000000000000	0.94483352890335	0.72361202092955	-1.11822678081781	0.80340079596649
3.50000000000000	0.94410752532029	0.72226192865698	-1.12004206448712	0.80504427122801
3.51000000000000	0.94337106973894	0.72098119189260	-1.12183274270565	0.80664425282084
3.52000000000000	0.94262190040510	0.71974603513103	-1.12360631123603	0.80821439601004
3.53000000000000	0.94189439223384	0.71859763061364	-1.12539413405422	0.80978568182494
3.54000000000000	0.94113134394512	0.71751059945982	-1.12715181160138	0.81131364298610
3.55000000000000	0.94037499249504	0.71648059343473	-1.12891544000456	0.81283846252078
3.56000000000000	0.93961064639647	0.71553061437604	-1.13067425035171	0.81434490123145
3.57000000000000	0.93884815037781	0.71468035147791	-1.13244633293302	0.81584538375974
3.58000000000000	0.93807156086529	0.71386143418371	-1.13421035715659	0.81733095343451
3.59000000000000	0.93726445982755	0.71314443611388	-1.13595765226147	0.81878171508719
3.60000000000000	0.93646134446158	0.71250294510929	-1.13771394051356	0.82023212560267
3.61000000000000	0.93564035315546	0.71193575315730	-1.13946359763341	0.82166361021204
3.62000000000000	0.93480272699906	0.71147175921360	-1.14120317139743	0.82307199543109
3.63000000000000	0.93394707488320	0.71103590635967	-1.14293147097830	0.82446188335861
3.64000000000000	0.93306551573316	0.71070838548808	-1.14464139108955	0.82582485052559
3.65000000000000	0.93216395365246	0.71041471292615	-1.14633647390752	0.82716673796436
3.66000000000000	0.93123611944194	0.71015137251549	-1.14800656138940	0.82848102833211
3.67000000000000	0.93029632622845	0.70995216896843	-1.14966162592359	0.82976806956086
3.68000000000000	0.92935975130382	0.70978280014826	-1.15131309410369	0.83104440222727
3.69000000000000	0.92841855448861	0.70965203428412	-1.15296016455263	0.83229753753710
3.70000000000000	0.92747799437871	0.70953188427919	-1.15459868681192	0.83352685493474
3.71000000000000	0.92654002606463	0.70941963714006	-1.15623191887573	0.83473843240271
3.72000000000000	0.92560982168410	0.70931301629004	-1.15786741530875	0.83590832061095
3.73000000000000	0.92468083553202	0.70920357222042	-1.15949931595281	0.83705611401799
3.74000000000000	0.92376154998164	0.70910286948674	-1.16113777987458	0.83817154428246
3.75000000000000	0.92285232451469	0.70901840604129	-1.16277656132066	0.83925818538721
3.76000000000000	0.92193843438259	0.70892682119969	-1.16440616853840	0.84032179474449
3.77000000000000	0.92103263883074	0.70887804279402	-1.16603232678304	0.84135136188379
3.78000000000000	0.92012408096068	0.70885142117037	-1.16764729462108	0.84236850888329
3.79000000000000	0.91920824561920	0.70884758468637	-1.16925159061730	0.84336778138920
3.80000000000000	0.91828937836008	0.70890693010120	-1.17083874093280	0.84435255786542
3.81000000000000	0.91735982721837	0.70897917679650	-1.17240994796975	0.84532280563380
3.82000000000000	0.91641343160354	0.70910413199294	-1.17394956266553	0.84626629555500
3.83000000000000	0.91545007321895	0.70924710145022	-1.17546715328121	0.84719240922736
3.84000000000000	0.91449856474049	0.70945586622215	-1.17698582193679	0.84812073613111
3.85000000000000	0.91352255330167	0.70969832800320	-1.17847386287334	0.84901304901955
3.86000000000000	0.91253130231091	0.70994569811741	-1.17994474343968	0.84988294370087
3.87000000000000	0.91151355101277	0.71020887002334	-1.18138353490665	0.85070300371988
3.88000000000000	0.91048141433305	0.71048779251903	-1.18280792401910	0.85148790385605
3.89000000000000	0.90942250212567	0.71075247113868	-1.18421203610239	0.85223920288619
3.90000000000000	0.90831309587532	0.71098322216632	-1.18557431147440	0.85291158438077
3.91000000000000	0.90720244103815	0.71122602121401	-1.18693795249063	0.85356747282638
3.92000000000000	0.90606536505986	0.71145005901418	-1.18828470456669	0.85417518897156
3.93000000000000	0.90489921316753	0.71164833489989	-1.18961201534259	0.85473738151919
3.94000000000000	0.90372744802499	0.71185301631865	-1.19094035116100	0.85528637580102
3.95000000000000	0.90250928582970	0.71201649287732	-1.19223386345357	0.85578395284546
3.96000000000000	0.90129745149744	0.71220124894734	-1.19353390407973	0.85627946355446
3.97000000000000	0.90004812753010	0.71234367068016	-1.19480504759920	0.85674064936837
3.98000000000000	0.89877627406175	0.71247227578956	-1.19605363704100	0.85717435478305
3.99000000000000	0.89749861557931	0.71260151436147	-1.19729503302754	0.85759889141741
4.00000000000000	0.89619806236923	0.71271395084616	-1.19850604466748	0.85799411121140
4.01000000000000	0.89488632297549	0.71281477741614	-1.19969809716364	0.85836817743478
4.02000000000000	0.89356505380601	0.71290612432817	-1.20086872108005	0.85871971717830
4.03000000000000	0.89223052445257	0.71298547945519	-1.20200592213175	0.85903208292243
4.04000000000000	0.89090206753387	0.71307782539237	-1.20313878132941	0.85933590152757
4.05000000000000	0.88956312782472	0.71315743504507	-1.20423997099276	0.85960279884615
4.06000000000000	0.88822782129703	0.71322983191641	-1.20532345503380	0.85984074091194
4.07000000000000	0.88689217710221	0.71329282081440	-1.20639431305712	0.86005793073046
4.08000000000000	0.88555891401254	0.71334361977942	-1.20743710712388	0.86022754610326
4.09000000000000	0.88420998021831	0.71336207857780	-1.20845545541890	0.86036792662481
4.10000000000000	0.88285568060078	0.71336087332285	-1.20944680449283	0.86047068788433
4.11000000000000	0.88148862529279	0.71332528494940	-1.21040817478770	0.86053683927072
4.12000000000000	0.88012496822846	0.71328665585499	-1.21136028506549	0.86058888407722
4.13000000000000	0.87875578864996	0.71322131962501	-1.21228017089028	0.86059703274188
4.14000000000000	0.87737418917125	0.71312957042627	-1.21318123687150	0.86058405894435
4.15000000000000	0.87598010296925	0.71300923212839	-1.21405253688543	0.86054079246763
4.16000000000000	0.87457098375633	0.71284655471066	-1.21488637062439	0.86046001838705
4.17000000000000	0.87313583852436	0.71263248359606	-1.21568957554958	0.86034882613665
4.18000000000000	0.87169005711532	0.71238405962702	-1.21646261114016	0.86020029048497
4.19000000000000	0.87022890908728	0.71209772367956	-1.21721419959946	0.86002354169789
4.20000000000000	0.86874974280558	0.71176770237750	-1.21794138613429	0.85981576702003
4.21000000000000	0.86723983246984	0.71135595020216	-1.21862919443985	0.85955590845162
4.22000000000000	0.86571620277838	0.71090807739680	-1.21929975579438	0.85927516076712
4.23000000000000	0.86416891919640	0.71039026303650	-1.21994139122919	0.85895692849664
4.24000000000000	0.86260518453113	0.70982055748131	-1.22055810839811	0.85860924204426
4.25000000000000	0.86102153314835	0.70919991279184	-1.22115486273405	0.85823728696702
4.26000000000000	0.85941008453217	0.70849716870204	-1.22170330340655	0.85782229111836
4.27000000000000	0.85778213299941	0.70775010955911	-1.22222621943037	0.85738905141723
4.28000000000000	0.85614477452483	0.70696149853663	-1.22271754505973	0.85693930735885
4.29000000000000	0.85449578139749	0.70613304367754	-1.22317614123981	0.85647956399119
4.30000000000000	0.85284227077452	0.70528561366033	-1.22361798162251	0.85601525726651
4.31000000000000	0.85116869524605	0.70438191990955	-1.22400530009177	0.85553755719801
4.32000000000000	0.84948854692115	0.70345985232291	-1.22437200019540	0.85505739231215
4.33000000000000	0.84779533277931	0.70250491391406	-1.22470514025886	0.85456968271526
4.34000000000000	0.84608116238591	0.70150237544681	-1.22499678379651	0.85406541064947
4.35000000000000	0.84435893949704	0.70048037071115	-1.22526995101483	0.85355289020600
4.36000000000000	0.84260158513286	0.69938308650792	-1.22549377382950	0.85300781637280
4.37000000000000	0.84082474329573	0.69823591006302	-1.22569035750451	0.85243882387595
4.38000000000000	0.83904332674438	0.69706266085738	-1.22586878082237	0.85185409844150
4.39000000000000	0.83724239063442	0.69581131470962	-1.22601267520481	0.85123391170909
4.40000000000000	0.83543430337086	0.69452759009807	-1.22613790383371	0.85059839052021
4.41000000000000	0.83361306534866	0.69316619286376	-1.22622937673415	0.84993126131615
4.42000000000000	0.83179773375370	0.69177060415925	-1.22630303899525	0.84925418895077
4.43000000000000	0.82997796561634	0.69033660310357	-1.22635764176606	0.84856344764833
4.44000000000000	0.82815130707066	0.68881642317701	-1.22635805244576	0.84784614033253
4.45000000000000	0.82632054903135	0.68726200369886	-1.22633874514164	0.84712190263554
4.46000000000000	0.82448993297498	0.68565898110676	-1.22628267033741	0.84638747136285
4.47000000000000	0.82265699732351	0.68400671908051	-1.22618753177898	0.84564265589084
4.48000000000000	0.82082371425921	0.68233309094968	-1.22607215686834	0.84489317477760
4.49000000000000	0.81898196441660	0.68060433655694	-1.22590608177794	0.84412599178095
4.50000000000000	0.81713066559117	0.67884377879390	-1.22571430726705	0.84334393769470
4.51000000000000	0.81527270562594	0.67704809797697	-1.22549038456813	0.84254358640533
4.52000000000000	0.81339655068484	0.67519853436507	-1.22522202219055	0.84171346623874
4.53000000000000	0.81152353769472	0.67334551215305	-1.22494402353403	0.84087910545100
4.54000000000000	0.80962847947826	0.67143650308460	-1.22462110943068	0.84001399915964
4.55000000000000	0.80771748871675	0.66948088626845	-1.22426651914767	0.83912533231649
4.56000000000000	0.80580831699599	0.66751147532707	-1.22389480884501	0.83822657087097
4.57000000000000	0.80387878376434	0.66547287911896	-1.22347680251276	0.83730018392137
4.58000000000000	0.80194976723394	0.66342146204072	-1.22304397131288	0.83637075461197
4.59000000000000	0.80000116322177	0.66130840767575	-1.22256827369727	0.83542631784128
4.60000000000000	0.79804540750967	0.65916004351410	-1.22206012888539	0.83447844152316
4.61000000000000	0.79608107357884	0.65698050739389	-1.22153075451908	0.83352631214341
4.62000000000000	0.79410962515442	0.65475187550977	-1.22095686342608	0.83257828294601
4.63000000000000	0.79214005050160	0.65251045527896	-1.22037024860953	0.83163623885484
4.64000000000000	0.79016560639657	0.65023924497720	-1.21975603501377	0.83070386182138
4.65000000000000	0.78816959139885	0.64791679952675	-1.21909792540279	0.82976774063605
4.66000000000000	0.78616677047054	0.64557376309085	-1.21841668997379	0.82882937216994
4.67000000000000	0.78415145749683	0.64318984045939	-1.21768741513151	0.82788813662848
4.68000000000000	0.78212172442660	0.64077035526492	-1.21692748007171	0.82693602729700
4.69000000000000	0.78009051757322	0.63833336407113	-1.21613964639355	0.82598104162662
4.70000000000000	0.77804743260897	0.63585794922294	-1.21530653914042	0.82501190724867
4.71000000000000	0.77599024312193	0.63335031420888	-1.21444426529354	0.82402796601420
4.72000000000000	0.77392538576170	0.63081156688396	-1.21353616457256	0.82302509011794
4.73000000000000	0.77185126442015	0.62824658695022	-1.21259375531210	0.82200615681086
4.74000000000000	0.76977372398998	0.62566542020350	-1.21162362657485	0.82097545656080
4.75000000000000	0.76767551237108	0.62303350066557	-1.21059359551937	0.81991584415956
4.76000000000000	0.76558134267798	0.62040253809592	-1.20954810486977	0.81885320848543
4.77000000000000	0.76347269917905	0.61773680805766	-1.20845570267482	0.81777108531373
4.78000000000000	0.76136263146399	0.61505915987929	-1.20732798900405	0.81668115804771
4.79000000000000	0.75924132242135	0.61235509304225	-1.20617194774930	0.81557955945262
4.80000000000000	0.75712049441519	0.60963506001414	-1.20497004145630	0.81447609308769
4.81000000000000	0.75499778624104	0.60690173267649	-1.20375216794379	0.81336783647931
4.82000000000000	0.75287047683648	0.60413837980134	-1.20250439507516	0.81224792806098
4.83000000000000	0.75074975103548	0.60135701417423	-1.20123337429422	0.81112238865439
4.84000000000000	0.74863729627361	0.59857254192700	-1.19995692993828	0.80999812015829
4.85000000000000	0.74652072699129	0.59574007753510	-1.19864589659308	0.80886081848089
4.86000000000000	0.74440389453997	0.59289248084825	-1.19731981629826	0.80771642203021
4.87000000000000	0.74228457921964	0.59002052194655	-1.19597428236453	0.80656180293896
4.88000000000000	0.74016368411551	0.58712512909149	-1.19460074446527	0.80539396447987
4.89000000000000	0.73803478605715	0.58420812483177	-1.19320838244556	0.80421657144859
4.90000000000000	0.73588712436416	0.58124349055604	-1.19177108089943	0.80302042114565
4.91000000000000	0.73373367605078	0.57826427798048	-1.19030167759745	0.80182143216429
4.92000000000000	0.73158614063409	0.57528909484805	-1.18881609275905	0.80062893493890
4.93000000000000	0.72942015397418	0.57228840773328	-1.18726860109487	0.79943235275153
4.94000000000000	0.72725964480759	0.56930225035091	-1.18570456199918	0.79824329173467
4.95000000000000	0.72508135050492	0.56629955974876	-1.18408761199515	0.79705238272433
4.96000000000000	0.72290376371989	0.56330900219528	-1.18243895545748	0.79587016342166
4.97000000000000	0.72072079594603	0.56031707947572	-1.18076569468941	0.79468914265792
4.98000000000000	0.71852338135411	0.55731925356044	-1.17903049670487	0.79349869792238
4.99000000000000	0.71631716661381	0.55431499447942	-1.17727592189101	0.79230161242251
5.00000000000000	0.71409937824767	0.55130569942360	-1.17548746160454	0.79109350622008
5.01000000000000	0.71187559781296	0.54829587915364	-1.17367379450193	0.78987438915425
5.02000000000000	0.70964721077032	0.54528257547448	-1.17184645468470	0.78864850580203
5.03000000000000	0.70740550148141	0.54225465195039	-1.16998834947299	0.78740609164439
5.04000000000000	0.70516406107804	0.53922756794360	-1.16812292396023	0.78616061743700
5.05000000000000	0.70291222611068	0.53618358975145	-1.16623830258814	0.78490294555991
5.06000000000000	0.70065750095123	0.53312645095041	-1.16433425683821	0.78363799667670
5.07000000000000	0.69840122199521	0.53006178874037	-1.16242190955089	0.78237125637960
5.08000000000000	0.69615133953700	0.52699607276220	-1.16049622893238	0.78111027345338
5.09000000000000	0.69389841196218	0.52391472358194	-1.15855340431565	0.77984682135111
5.10000000000000	0.69164866273483	0.52083233680256	-1.15660040782775	0.77858648783061
5.11000000000000	0.68940984947101	0.51775540809756	-1.15462748376989	0.77733216631446
5.12000000000000	0.68717471201423	0.51467963098435	-1.15264618416327	0.77607939025232
5.13000000000000	0.68494229092510	0.51160051057370	-1.15064332778854	0.77482645710736
5.14000000000000	0.68271368064674	0.50852651835370	-1.14862082737606	0.77357356214437
5.15000000000000	0.68048331270203	0.50545079807839	-1.14658575977404	0.77232004081133
5.16000000000000	0.67825580880166	0.50238776687993	-1.14451796863218	0.77106302835991
5.17000000000000	0.67602257406978	0.49931923890238	-1.14243445844502	0.76979763087452
5.18000000000000	0.67379628890253	0.49627040523026	-1.14033704169715	0.76852979750744
5.19000000000000	0.67157418522353	0.49323945176813	-1.13822160387113	0.76725406563325
5.20000000000000	0.66935808299379	0.49022453312072	-1.13610051248544	0.76597761709649
5.21000000000000	0.66714040276793	0.48722565256761	-1.13395316778185	0.76469105878547
5.22000000000000	0.66491403949574	0.48422382388744	-1.13178581580297	0.76339434579054
5.23000000000000	0.66268834181485	0.48123210091017	-1.12960450561409	0.76209182083189
5.24000000000000	0.66045687698292	0.47825523976046	-1.12740197620930	0.76078461989569
5.25000000000000	0.65821840728043	0.47527677866807	-1.12518753521859	0.75947368692888
5.26000000000000	0.65597632806590	0.47231460135973	-1.12295374596186	0.75816409900970
5.27000000000000	0.65372851471834	0.46935838128575	-1.12070731721616	0.75685738161378
5.28000000000000	0.65147410735632	0.46640491042921	-1.11844819274877	0.75555177735979
5.29000000000000	0.64920377965357	0.46345354057705	-1.11616004887500	0.75424679954770
5.30000000000000	0.64692677750652	0.46050255359586	-1.11386067951777	0.75294183566472
5.31000000000000	0.64464179790751	0.45756102586556	-1.11154200441443	0.75163946224377
5.32000000000000	0.64235071942978	0.45463274266538	-1.10920727310536	0.75033803787956
5.33000000000000	0.64005307999900	0.45170453631283	-1.10686130362311	0.74903421633373
5.34000000000000	0.63775094756900	0.44880447278821	-1.10449539339136	0.74772738539746
5.35000000000000	0.63544818400897	0.44591669236531	-1.10212808562473	0.74641963828752
5.36000000000000	0.63313706066805	0.44303669312839	-1.09974485539560	0.74510002261641
5.37000000000000	0.63082401690799	0.44017550531902	-1.09735458687055	0.74376950912483
5.38000000000000	0.62851526483411	0.43733314635510	-1.09496449653220	0.74243736758434
5.39000000000000	0.62620585368126	0.43451460227808	-1.09256644638448	0.74109321169178
5.40000000000000	0.62390126991888	0.43171566078209	-1.09017081170804	0.73975178998108
5.41000000000000	0.62159393997954	0.42892427318769	-1.08776994123757	0.73840624057335
5.42000000000000	0.61930534105928	0.42617472651214	-1.08537688093627	0.73707344545960
5.43000000000000	0.61702258679578	0.42343870174046	-1.08298411150517	0.73574484337149
5.44000000000000	0.61474302225921	0.42071752577612	-1.08057971363557	0.73441968132883
5.45000000000000	0.61247141452484	0.41801857532596	-1.07817125260531	0.73310309966804
5.46000000000000	0.61020040312601	0.41532763425205	-1.07575428830371	0.73178902667131
5.47000000000000	0.60793277826407	0.41265289429930	-1.07332603125370	0.73048153621681
5.48000000000000	0.60566257899101	0.40997830561162	-1.07088748070400	0.72917286401602
5.49000000000000	0.60339291507524	0.40731410106218	-1.06843738644202	0.72786891310812
5.50000000000000	0.60111971795279	0.40465822438250	-1.06597810217636	0.72656498177633
5.51000000000000	0.59884679054228	0.40200993902694	-1.06351364123949	0.72526110805812
5.52000000000000	0.59657366154557	0.39939214403640	-1.06105045161891	0.72395238109894
5.53000000000000	0.59428631300375	0.39676793693240	-1.05857911547175	0.72263236603196
5.54000000000000	0.59200448020174	0.39418062095594	-1.05611582297362	0.72131209578555
5.55000000000000	0.58970778359378	0.39161604146072	-1.05365171801171	0.71998243243328
5.56000000000000	0.58740922485437	0.38907479178293	-1.05118987680488	0.71865162432757
5.57000000000000	0.58509314151190	0.38657341336234	-1.04872532401660	0.71730852215312
5.58000000000000	0.58277358082713	0.38409923823320	-1.04625935859245	0.71596182985035
5.59000000000000	0.58046026867089	0.38167432065647	-1.04380188956884	0.71461951266591
5.60000000000000	0.57813598466779	0.37928932184619	-1.04134250006246	0.71327813664327
5.61000000000000	0.57580797438646	0.37692095864138	-1.03888098187215	0.71193770546168
5.62000000000000	0.57348431824410	0.37460001539749	-1.03642628237748	0.71060882436061
5.63000000000000	0.57116275185747	0.37229612538696	-1.03396872217394	0.70928069966965
5.64000000000000	0.56885329214277	0.37002158581375	-1.03151891120191	0.70796073916272
5.65000000000000	0.56655340698695	0.36777567349499	-1.02907026167920	0.70664351106002
5.66000000000000	0.56425810347811	0.36553989005639	-1.02662524035913	0.70532890957001
5.67000000000000	0.56196659657426	0.36331362147997	-1.02418156552085	0.70401446710038
5.68000000000000	0.55968402666636	0.36110259384572	-1.02174443795937	0.70270519513257
5.69000000000000	0.55741104346752	0.35890812094513	-1.01931698113493	0.70140349333477
5.70000000000000	0.55514906476580	0.35674825077329	-1.01690476399414	0.70011021464578
5.71000000000000	0.55288428506069	0.35459576278945	-1.01449559920457	0.69881779426161
5.72000000000000	0.55062583258744	0.35247586857065	-1.01209925134500	0.69753467971140
5.73000000000000	0.54837076342994	0.35039152122070	-1.00971487298752	0.69626367599661
5.74000000000000	0.54612711562453	0.34833957713429	-1.00734466587417	0.69500545668534
5.75000000000000	0.54387847863649	0.34631835306991	-1.00498386801063	0.69376082689423
5.76000000000000	0.54163725113928	0.34433152194939	-1.00263664649380	0.69253068541705
5.77000000000000	0.53939220073778	0.34236392824747	-1.00029512231119	0.69130874259487
5.78000000000000	0.53714381121179	0.34042897606198	-0.99796186831900	0.69009754409667
5.79000000000000	0.53489509620377	0.33851110611388	-0.99563104189910	0.68889113976936
5.80000000000000	0.53263992714412	0.33662067746487	-0.99330491146422	0.68769347773874
5.81000000000000	0.53038482715481	0.33475929857923	-0.99098679820523	0.68650571449367
5.82000000000000	0.52812519939195	0.33291073569081	-0.98867053789362	0.68532104681247
5.83000000000000	0.52586719011209	0.33110586488503	-0.98636851246499	0.68414788614182
5.84000000000000	0.52361096657487	0.32932196932449	-0.98407413584500	0.68297902618968
5.85000000000000	0.52134189019476	0.32755318690736	-0.98178068143217	0.68180605504024
5.86000000000000	0.51907253932760	0.32582396384661	-0.97949918810891	0.68063603847057
5.87000000000000	0.51679328339785	0.32409904298731	-0.97721564476239	0.67945967509893
5.88000000000000	0.51451784691983	0.32243492437250	-0.97495670542248	0.67828985850276
5.89000000000000	0.51224037385530	0.32078819383412	-0.97270287195581	0.67711894644998
5.90000000000000	0.50996850092836	0.31918287800546	-0.97046312716575	0.67595111209244
5.91000000000000	0.50769948710950	0.31762292419270	-0.96823984697020	0.67478589819298
5.92000000000000	0.50543146557710	0.31608446405659	-0.96602302081603	0.67362134298545
5.93000000000000	0.50317510465513	0.31460638929861	-0.96383044065557	0.67246454994152
5.94000000000000	0.50092045696339	0.31314895236060	-0.96164438270329	0.67130773817666
5.95000000000000	0.49866930614716	0.31171616156105	-0.95946880400360	0.67015285276585
5.96000000000000	0.49642784467142	0.31032154431301	-0.95731251604431	0.66900180391016
5.97000000000000	0.49419148290265	0.30894377696482	-0.95516544302689	0.66785365875898
5.98000000000000	0.49196262981572	0.30759072498606	-0.95303532160703	0.66670849448386
5.99000000000000	0.48974010956600	0.30625607314610	-0.95091515197337	0.66556792201357
6.00000000000000	0.48752552789240	0.30494195490441	-0.94880839982045	0.66443556970771
6.01000000000000	0.48531022339200	0.30364465966330	-0.94671399467532	0.66330866287710
6.02000000000000	0.48309531807944	0.30235673908523	-0.94462571308381	0.66218548462166
6.03000000000000	0.48088146570906	0.30108832215472	-0.94255333746519	0.66107237437103
6.04000000000000	0.47866877330252	0.29984427073213	-0.94049253935604	0.65997157135408
6.05000000000000	0.47646010047747	0.29861811884131	-0.93844305481846	0.65888071644946
6.06000000000000	0.47424196452945	0.29742121134069	-0.93640290988877	0.65780590512911
6.07000000000000	0.47202217672288	0.29624131955001	-0.93437000064154	0.65673984467978
6.08000000000000	0.46980548754343	0.29509774994410	-0.93235279539683	0.65569142387698
6.09000000000000	0.46758444217723	0.29398575202224	-0.93034627498226	0.65465763700702
6.10000000000000	0.46536663209819	0.29289875369403	-0.92834970580415	0.65363469137653
6.11000000000000	0.46313921093016	0.29184484966812	-0.92635883715768	0.65262064575215
6.12000000000000	0.46090897648583	0.29081174538568	-0.92437428429909	0.65160952406950
6.13000000000000	0.45867762213753	0.28980497149728	-0.92239910391934	0.65060373659432
6.14000000000000	0.45644411494699	0.28883529830124	-0.92043575070526	0.64960014237656
6.15000000000000	0.45421375315017	0.28788647166197	-0.91848197002370	0.64859996465145
6.16000000000000	0.45197932670869	0.28696780636121	-0.91653857323733	0.64759944359976
6.17000000000000	0.44974737318976	0.28607658007634	-0.91461053614832	0.64660122318992
6.18000000000000	0.44751655999408	0.28520435518475	-0.91269162195092	0.64560311980301
6.19000000000000	0.44529588996599	0.28438171744737	-0.91080299434361	0.64461268899312
6.20000000000000	0.44307694709701	0.28357410113042	-0.90892551150275	0.64362536405111
6.21000000000000	0.44085950062902	0.28278996151327	-0.90706274664724	0.64263919588989
6.22000000000000	0.43865627591017	0.28204397119219	-0.90522456460384	0.64166305561853
6.23000000000000	0.43645367419088	0.28130762564125	-0.90339421734220	0.64068787619329
6.24000000000000	0.43426683458463	0.28062003175613	-0.90159169353398	0.63972571655939
6.25000000000000	0.43207830821722	0.27994021799127	-0.89979356553263	0.63876328820689
6.26000000000000	0.42989244911444	0.27928020927163	-0.89800499431520	0.63780294019283
6.27000000000000	0.42772138301223	0.27867051567674	-0.89623799799697	0.63685105090027
6.28000000000000	0.42554579893666	0.27806724934959	-0.89447143557158	0.63589528644056
6.29000000000000	0.42336883291930	0.27749704372384	-0.89271218051775	0.63493622730944
6.30000000000000	0.42119034660180	0.27694294620253	-0.89095592467527	0.63397712007209
6.31000000000000	0.41901270493330	0.27640946727880	-0.88920712638193	0.63302087191237
6.32000000000000	0.41684144051382	0.27591580291059	-0.88747488851816	0.63207693099154
6.33000000000000	0.41466648457162	0.27542721854292	-0.88574430665042	0.63113357193374
6.34000000000000	0.41249835636416	0.27497449476935	-0.88403093823927	0.63020382465413
6.35000000000000	0.41032775769130	0.27453664838347	-0.88232470119927	0.62928124165239
6.36000000000000	0.40815604841643	0.27411005279577	-0.88062405758365	0.62836398480053
6.37000000000000	0.40598626131604	0.27371271510131	-0.87894164018768	0.62746263874877
6.38000000000000	0.40381831884672	0.27332698723359	-0.87726766748633	0.62656695276603
6.39000000000000	0.40165639958955	0.27296515240032	-0.87561144435650	0.62568236518972
6.40000000000000	0.39949520352823	0.27262268431875	-0.87396733781925	0.62480237974206
6.41000000000000	0.39733738418280	0.27229689286911	-0.87233229422181	0.62392747087989
6.42000000000000	0.39518256539602	0.27200649450960	-0.87071432274832	0.62305831816535
6.43000000000000	0.39303119008143	0.27173452442265	-0.86910384340420	0.62219110675144
6.44000000000000	0.39089059552882	0.27149743479159	-0.86751035888930	0.62133059542212
6.45000000000000	0.38874867554417	0.27128317598329	-0.86592315448681	0.62046509369755
6.46000000000000	0.38661440889229	0.27109240554106	-0.86434478501920	0.61960233942979
6.47000000000000	0.38448520148303	0.27093656328765	-0.86277381102635	0.61873654728642
6.48000000000000	0.38235883695797	0.27079974098783	-0.86120832327289	0.61787251118691
6.49000000000000	0.38023338159077	0.27067791674112	-0.85964561136479	0.61700769306153
6.50000000000000	0.37811005835141	0.27057991538322	-0.85809138583416	0.61614563086750
6.51000000000000	0.37599096278283	0.27049690713839	-0.85654559013996	0.61528822716984
6.52000000000000	0.37387432519643	0.27043224543067	-0.85500779479237	0.61443239917320
6.53000000000000	0.37176185856566	0.27037825279136	-0.85347888908785	0.61357934579344
6.54000000000000	0.36965963171161	0.27034407131899	-0.85196254559590	0.61273364569061
6.55000000000000	0.36756021177345	0.27032133701804	-0.85045704252034	0.61189664852338
6.56000000000000	0.36546077713906	0.27030247574135	-0.84895634167045	0.61106248008981
6.57000000000000	0.36335626936563	0.27028384964558	-0.84745621141937	0.61022777551452
6.58000000000000	0.36125847286899	0.27028121168324	-0.84596661571662	0.60939582542555
6.59000000000000	0.35916428425238	0.27028831394264	-0.84448164917310	0.60856522687777
6.60000000000000	0.35706974898340	0.27030591590157	-0.84300109535559	0.60773201199803
6.61000000000000	0.35497651912227	0.27033373115289	-0.84152360591531	0.60689946601775
6.62000000000000	0.35288683016130	0.27037818354910	-0.84005167053341	0.60606845748037
6.63000000000000	0.35079888108605	0.27044228087052	-0.83858618410384	0.60523308970460
6.64000000000000	0.34870986208041	0.27051238753121	-0.83712090499420	0.60439334149047
6.65000000000000	0.34661984671125	0.27060047531530	-0.83565933687010	0.60354550287646
6.66000000000000	0.34453219842779	0.27070117059974	-0.83420241688416	0.60269725890656
6.67000000000000	0.34243973831279	0.27080276279902	-0.83274450005775	0.60184373645501
6.68000000000000	0.34035386956740	0.27092318632019	-0.83129823168516	0.60099186289123
6.69000000000000	0.33826479321667	0.27103968359534	-0.82985007948652	0.60013490795736
6.70000000000000	0.33618266796235	0.27116966274726	-0.82841116992499	0.59927810475095
6.71000000000000	0.33410426836385	0.27130048666188	-0.82697211121869	0.59841903828215
6.72000000000000	0.33203296875191	0.27143893876880	-0.82553639603759	0.59756124483288
6.73000000000000	0.32997714433548	0.27158933289274	-0.82410903710684	0.59671017893737
6.74000000000000	0.32791698258509	0.27172768887280	-0.82267545550748	0.59585374311076
6.75000000000000	0.32587169001239	0.27188142734126	-0.82125027230766	0.59500402592828
6.76000000000000	0.32383044163030	0.27203448505654	-0.81982505065895	0.59415411077257
6.77000000000000	0.32179538768508	0.27219328875557	-0.81840235150139	0.59330618122423
6.78000000000000	0.31977188038270	0.27235925213481	-0.81698337107730	0.59245960276939
6.79000000000000	0.31774624649372	0.27251888568586	-0.81556222233265	0.59160812816318
6.80000000000000	0.31572520307548	0.27268102046713	-0.81414607894347	0.59075571636188
6.81000000000000	0.31370406009247	0.27284022290342	-0.81273401982168	0.58989787271795
6.82000000000000	0.31168984838412	0.27300901195509	-0.81132980151327	0.58904221675328
6.83000000000000	0.30967330262142	0.27316908911880	-0.80992812036810	0.58817773361883
6.84000000000000	0.30765690189448	0.27332736919116	-0.80852821708527	0.58730860040872
6.85000000000000	0.30564152194703	0.27348469102751	-0.80713292673766	0.58643657004852
6.86000000000000	0.30362539470820	0.27363742318943	-0.80573987238644	0.58555666659815
6.87000000000000	0.30160950598313	0.27378659160235	-0.80434784829868	0.58467344984663
6.88000000000000	0.29959158206435	0.27392277593480	-0.80295458378530	0.58378117575154
6.89000000000000	0.29758178453801	0.27406237102279	-0.80156493108609	0.58288744968394
6.90000000000000	0.29557542387765	0.27420053684459	-0.80017686758251	0.58199167049523
6.91000000000000	0.29357239613896	0.27432992519670	-0.79878342122539	0.58108781837053
6.92000000000000	0.29157151352624	0.27445788099169	-0.79738830982736	0.58018295457931
6.93000000000000	0.28957420006131	0.27458022519537	-0.79598840498483	0.57927437420216
6.94000000000000	0.28758283938614	0.27469593095474	-0.79458488726860	0.57836383167112
6.95000000000000	0.28559778114817	0.27481402109387	-0.79318299053760	0.57745538026297
6.96000000000000	0.28361253062438	0.27491068750187	-0.79177232582524	0.57654255716557
6.97000000000000	0.28163545655386	0.27501063624070	-0.79036514808303	0.57563464183800
6.98000000000000	0.27965805029728	0.27509658640997	-0.78895402242908	0.57472601923921
6.99000000000000	0.27768508304196	0.27517055040584	-0.78754253910547	0.57381956501702
7.00000000000000	0.27571879919456	0.27524673938075	-0.78613408397225	0.57291648978232
7.01000000000000	0.27375412392696	0.27530061010892	-0.78472384321425	0.57200900688909
7.02000000000000	0.27179677734345	0.27535056629633	-0.78331796426440	0.57110066337627
7.03000000000000	0.26984146376848	0.27538809367500	-0.78191164254111	0.57018745703844
7.04000000000000	0.26789765260486	0.27541366731988	-0.78051138776767	0.56926707269620
7.05000000000000	0.26595644667465	0.27543027161455	-0.77911143339943	0.56834160930791
7.06000000000000	0.26402233716325	0.27542793767789	-0.77771135796474	0.56740413248177
7.07000000000000	0.26209649211734	0.27541448366159	-0.77631433417720	0.56646060730377
7.08000000000000	0.26017193013234	0.27538708412376	-0.77491635436799	0.56551052494768
7.09000000000000	0.25826212957361	0.27534832380148	-0.77352306658241	0.56455720402029
7.10000000000000	0.25635279141940	0.27529764555156	-0.77212653013795	0.56360081370723
7.11000000000000	0.25445034670452	0.27523573708694	-0.77072885593906	0.56264357433420
7.12000000000000	0.25254908062363	0.27515356560524	-0.76932661457110	0.56168549660399
7.13000000000000	0.25064807784071	0.27506069111666	-0.76792158808052	0.56072697791165
7.14000000000000	0.24875120160026	0.27494735516493	-0.76651355211074	0.55977290473768
7.15000000000000	0.24685362412580	0.27482166988696	-0.76510164475791	0.55881824249605
7.16000000000000	0.24496337971157	0.27469452751384	-0.76369307773372	0.55787032727136
7.17000000000000	0.24307627962385	0.27455401337380	-0.76228222612150	0.55692180542144
7.18000000000000	0.24119018033269	0.27440498501914	-0.76087081348851	0.55597210088892
7.19000000000000	0.23930955842541	0.27424086718230	-0.75946101810059	0.55502070141648
7.20000000000000	0.23743107987248	0.27406421372944	-0.75805127003748	0.55406450451615
7.21000000000000	0.23555567829452	0.27387742442495	-0.75664347170177	0.55310510667211
7.22000000000000	0.23368478941709	0.27366908845912	-0.75523487854179	0.55213393462582
7.23000000000000	0.23181786895404	0.27345386567526	-0.75382799599238	0.55116040230812
7.24000000000000	0.22995483716479	0.27321617547960	-0.75241848781847	0.55017841294387
7.25000000000000	0.22809555860806	0.27295435276989	-0.75100286578981	0.54919126481452
7.26000000000000	0.22624180306008	0.27268148517231	-0.74958758916308	0.54820364236524
7.27000000000000	0.22439527229921	0.27237085748888	-0.74816412646531	0.54721446845058
7.28000000000000	0.22254972685967	0.27204379268789	-0.74673662974102	0.54622463096560
7.29000000000000	0.22070860595454	0.27169225268577	-0.74530341260423	0.54523559846816
7.30000000000000	0.21887634773429	0.27131706908710	-0.74386818802178	0.54424998719418
7.31000000000000	0.21705024833849	0.27093153910151	-0.74243359045334	0.54326674868169
7.32000000000000	0.21523780809446	0.27051608254774	-0.74100039339218	0.54228388360589
7.33000000000000	0.21343278111012	0.27009298606736	-0.73957111397077	0.54130224914687
7.34000000000000	0.21163613846813	0.26965747170056	-0.73814534172988	0.54032089540157
7.35000000000000	0.20984871853017	0.26921020643547	-0.73672475797285	0.53933870080859
7.36000000000000	0.20806276938721	0.26875416395376	-0.73530492726287	0.53835450628809
7.37000000000000	0.20627599650698	0.26827388529303	-0.73387887039291	0.53735978560759
7.38000000000000	0.20449387872604	0.26778476910203	-0.73245220612447	0.53636111652155
7.39000000000000	0.20271370402623	0.26728449503110	-0.73102263222565	0.53535723487659
7.40000000000000	0.20094228390902	0.26676994585239	-0.72958995538512	0.53435225904073
7.41000000000000	0.19916927225378	0.26624158038263	-0.72815190603672	0.53334488945729
7.42000000000000	0.19739598280417	0.26568575055289	-0.72670419217995	0.53233355592870
7.43000000000000	0.19562974081084	0.26511637013261	-0.72525503185568	0.53132790138910
7.44000000000000	0.19386442691651	0.26453317601444	-0.72380174864108	0.53032320208685
7.45000000000000	0.19210494547781	0.26391844546608	-0.72233882955970	0.52932113454273
7.46000000000000	0.19034573068702	0.26328872668455	-0.72087201490421	0.52831822705805
7.47000000000000	0.18858941811527	0.26263517438159	-0.71939962531634	0.52731470870191
7.48000000000000	0.18683978217777	0.26195831127201	-0.71792650030343	0.52631416632412
7.49000000000000	0.18508826130118	0.26126172274436	-0.71644783866189	0.52531119966861
7.50000000000000	0.18334253219232	0.26053485496085	-0.71496612323255	0.52431029812416
7.51000000000000	0.18159820645079	0.25979629113479	-0.71348289492840	0.52330763254392
7.52000000000000	0.17985373326277	0.25903837447746	-0.71199745023578	0.52230159702303
7.53000000000000	0.17811254807458	0.25826163812194	-0.71050906735565	0.52128939090348
7.54000000000000	0.17637582595067	0.25748028716165	-0.70902146287175	0.52027624594943
7.55000000000000	0.17464735703694	0.25668352938697	-0.70753312609013	0.51925939144678
7.56000000000000	0.17291737087090	0.25586340923167	-0.70603940416235	0.51823367724260
7.57000000000000	0.17119502405485	0.25503758010907	-0.70454770203842	0.51720616586811
7.58000000000000	0.16948048850640	0.25418911266873	-0.70305766149689	0.51617447258920
7.59000000000000	0.16776865261248	0.25332990669289	-0.70156687283026	0.51514152749304
7.60000000000000	0.16606774951553	0.25245612272802	-0.70007756126959	0.51410970504637
7.61000000000000	0.16437109296037	0.25156267934147	-0.69858429524306	0.51307924350299
7.62000000000000	0.16268257885539	0.25066694111407	-0.69709318331506	0.51205368308980
7.63000000000000	0.16100351369583	0.24974810878697	-0.69559805529465	0.51103574763569
7.64000000000000	0.15932865232853	0.24882343355099	-0.69410194046667	0.51002071649548
7.65000000000000	0.15766409418804	0.24789264237892	-0.69260620981683	0.50901252666318
7.66000000000000	0.15600338502427	0.24694592357896	-0.69110400348368	0.50800573424979
7.67000000000000	0.15434983068338	0.24599986560170	-0.68960249770999	0.50700311260626
7.68000000000000	0.15270170121626	0.24503762803800	-0.68809224264652	0.50600222623571
7.69000000000000	0.15105643901400	0.24406736112022	-0.68657795416546	0.50500106765340
7.70000000000000	0.14941563687721	0.24308834859380	-0.68505962380633	0.50400030720735
7.71000000000000	0.14778269115392	0.24209900585545	-0.68353750062578	0.50299730323984
7.72000000000000	0.14614997655154	0.24109990021802	-0.68201198265465	0.50199088284221
7.73000000000000	0.14452387852865	0.24009170915725	-0.68048305863121	0.50097971908030
7.74000000000000	0.14290040168654	0.23907666532757	-0.67895264033276	0.49996668420810
7.75000000000000	0.14127792521421	0.23805417833775	-0.67741934109293	0.49895102699054
7.76000000000000	0.13965665806654	0.23701062724341	-0.67587737460372	0.49793096535064
7.77000000000000	0.13803621653652	0.23595744643495	-0.67433218668718	0.49690948026115
7.78000000000000	0.13642136385850	0.23489176183722	-0.67278284255289	0.49588818455660
7.79000000000000	0.13481248256727	0.23381550830244	-0.67123309299828	0.49487157149422
7.80000000000000	0.13320410455009	0.23272863517306	-0.66968062125442	0.49385580989695
7.81000000000000	0.13160249439170	0.23161904574605	-0.66812634140275	0.49285182371924
7.82000000000000	0.13000704874885	0.23050638791498	-0.66657295032031	0.49185309650125
7.83000000000000	0.12841675529993	0.22937868585781	-0.66501806547984	0.49086040410988
7.84000000000000	0.12683286534146	0.22824018606221	-0.66346116211169	0.48987013726936
7.85000000000000	0.12525508548718	0.22710116761964	-0.66190435118675	0.48888179314791
7.86000000000000	0.12368387187618	0.22595234088532	-0.66034258435259	0.48789051094641
7.87000000000000	0.12211677597032	0.22480429587785	-0.65877812509132	0.48689741873907
7.88000000000000	0.12055225833256	0.22365196583494	-0.65720928199134	0.48590043350753
7.89000000000000	0.11900104364655	0.22251277412840	-0.65564189946775	0.48490200039202
7.90000000000000	0.11745146047797	0.22137251613193	-0.65407134553724	0.48389991091586
7.91000000000000	0.11590787961298	0.22023609977891	-0.65249378136254	0.48289148382389
7.92000000000000	0.11436805667244	0.21910075350585	-0.65090966965921	0.48188099020141
7.93000000000000	0.11283428886320	0.21796992520995	-0.64932290198408	0.48087056955147
7.94000000000000	0.11131097465742	0.21684628017721	-0.64773286768170	0.47986572017174
7.95000000000000	0.10979121581574	0.21572364332576	-0.64614116415634	0.47886296702212
7.96000000000000	0.10827984410263	0.21460438443937	-0.64454818861391	0.47786600936234
7.97000000000000	0.10677421607937	0.21348414010003	-0.64295496760000	0.47687317792362
7.98000000000000	0.10527552241315	0.21236958042041	-0.64136453056339	0.47588533542748
7.99000000000000	0.10378342220813	0.21124944592612	-0.63977127596272	0.47490071679808
8.00000000000000	0.10229212562679	0.21012475538949	-0.63817471563285	0.47391504290449
8.01000000000000	0.10080695746853	0.20899944675944	-0.63657677682021	0.47293096641692
8.02000000000000	0.09932932892868	0.20787063683592	-0.63497687017389	0.47194720326085
8.03000000000000	0.09785855930460	0.20674549814355	-0.63337884993355	0.47096581430055
8.04000000000000	0.09639332360248	0.20560836593253	-0.63177546723827	0.46997905525487
8.05000000000000	0.09493612426308	0.20447646772203	-0.63017073755962	0.46899410801738
8.06000000000000	0.09348203249821	0.20333997702489	-0.62856071474799	0.46800764133598
8.07000000000000	0.09203568431493	0.20220344085747	-0.62694032444754	0.46702060457526
8.08000000000000	0.09059491202241	0.20107097698011	-0.62531888213670	0.46603587859476
8.09000000000000	0.08916177081173	0.19994146937849	-0.62369011579882	0.46505263461728
8.10000000000000	0.08773548282069	0.19881607651255	-0.62205892604187	0.46407156839424
8.11000000000000	0.08631445423005	0.19769445062361	-0.62042627897103	0.46309293708303
8.12000000000000	0.08490173623160	0.19658320858092	-0.61879103188236	0.46211651299522
8.13000000000000	0.08349347735751	0.19547842540425	-0.61715525681017	0.46114114070592
8.14000000000000	0.08209260304594	0.19438387115079	-0.61551764070871	0.46016656608383
8.15000000000000	0.08069545106429	0.19329582337368	-0.61387651801673	0.45918978576323
8.16000000000000	0.07930176748945	0.19221417140046	-0.61223475710142	0.45821304058401
8.17000000000000	0.07791721644784	0.19114663197093	-0.61058938290045	0.45723216420010
8.18000000000000	0.07653655378412	0.19008452049455	-0.60894242953692	0.45624825446785
8.19000000000000	0.07516285396128	0.18903426720517	-0.60729339114334	0.45526047778905
8.20000000000000	0.07379558541630	0.18799598471612	-0.60564042143818	0.45426803395675
8.21000000000000	0.07243412744249	0.18696786359986	-0.60398744010785	0.45327526423941
8.22000000000000	0.07108211726074	0.18595636904219	-0.60233137262365	0.45228067184322
8.23000000000000	0.06973765034286	0.18495566917992	-0.60067660785762	0.45128793868810
8.24000000000000	0.06839848247181	0.18396119885874	-0.59902090011415	0.45029489847646
8.25000000000000	0.06706675227830	0.18297609968872	-0.59736086695465	0.44930517172047
8.26000000000000	0.06573392324245	0.18198756350233	-0.59569581892971	0.44831470812363
8.27000000000000	0.06440652904768	0.18100283160284	-0.59402448543466	0.44732807726916
8.28000000000000	0.06308500975011	0.18002254695619	-0.59235043340065	0.44634527795493
8.29000000000000	0.06176646429248	0.17904319439398	-0.59067233515079	0.44536415662329
8.30000000000000	0.06045872016560	0.17807554531506	-0.58899018487011	0.44438702676545
8.31000000000000	0.05915088055599	0.17710584557120	-0.58730250359384	0.44340854382432
8.32000000000000	0.05785006133465	0.17614333777936	-0.58560857152422	0.44243149820565
8.33000000000000	0.05655840932868	0.17519067641628	-0.58390990754235	0.44145384973025
8.34000000000000	0.05526808260665	0.17423628036480	-0.58220626075696	0.44047316499964
8.35000000000000	0.05399245909782	0.17329490579811	-0.58049667226026	0.43948675059562
8.36000000000000	0.05272064833385	0.17235993672480	-0.57878571680607	0.43849791484963
8.37000000000000	0.05145282752548	0.17143240421916	-0.57707015185543	0.43750346159783
8.38000000000000	0.05019128012049	0.17051538442607	-0.57534880796532	0.43649982248294
8.39000000000000	0.04893466268201	0.16960642716728	-0.57362653412487	0.43549308829075
8.40000000000000	0.04768840837966	0.16871383883254	-0.57190099492719	0.43447731960715
8.41000000000000	0.04644714172769	0.16783051216768	-0.57017390079125	0.43345859205457
8.42000000000000	0.04521002168379	0.16695489375676	-0.56844424036602	0.43243559735052
8.43000000000000	0.04398291699903	0.16610220263284	-0.56671403750042	0.43141627145803
8.44000000000000	0.04275852798083	0.16525601063795	-0.56498265519603	0.43039786189156
8.45000000000000	0.04154213755254	0.16442520421440	-0.56324797027413	0.42938161530684
8.46000000000000	0.04033406165397	0.16360761397245	-0.56151414540695	0.42836789592838
8.47000000000000	0.03913209331232	0.16280039818605	-0.55978072085433	0.42735620390128
8.48000000000000	0.03793757698810	0.16200563221922	-0.55804454949917	0.42634329052603
8.49000000000000	0.03674607956875	0.16121628316247	-0.55630602054376	0.42532910827359
8.50000000000000	0.03556000352647	0.16043673412227	-0.55456390660577	0.42431283713125
8.51000000000000	0.03437816109949	0.15966612561576	-0.55281648075224	0.42329279548414
8.52000000000000	0.03319926869098	0.15890090536464	-0.55106613137012	0.42227054940447
8.53000000000000	0.03202849383132	0.15815188251728	-0.54930917992094	0.42124228323388
8.54000000000000	0.03085912100273	0.15740541211652	-0.54754820767511	0.42021130736580
8.55000000000000	0.02969580544251	0.15666916397432	-0.54578303159404	0.41917808130656
8.56000000000000	0.02853803002180	0.15594051176292	-0.54401064518960	0.41814200900652
8.57000000000000	0.02738541825933	0.15521960673675	-0.54223683595733	0.41710659563729
8.58000000000000	0.02624186566907	0.15450991902932	-0.54045591503899	0.41607072699373
8.59000000000000	0.02510491292937	0.15380754191122	-0.53867468456455	0.41503597689574
8.60000000000000	0.02397537962755	0.15311453311032	-0.53689260871823	0.41400267027474
8.61000000000000	0.02285849385341	0.15243666177855	-0.53511060139897	0.41297129776862
8.62000000000000	0.02174535403315	0.15176389659544	-0.53332780056763	0.41194023106295
8.63000000000000	0.02064474587704	0.15110997655358	-0.53154512839458	0.41091160800226
8.64000000000000	0.01954884487190	0.15046491448767	-0.52976012439066	0.40988172619565
8.65000000000000	0.01845967961565	0.14983199192043	-0.52797566354938	0.40885300727041
8.66000000000000	0.01737880716605	0.14921558412699	-0.52618843166436	0.40781975032298
8.67000000000000	0.01630388891527	0.14861000979851	-0.52440133000193	0.40678519894422
8.68000000000000	0.01523509941680	0.14801555507815	-0.52261031837026	0.40574374148816
8.69000000000000	0.01417167500201	0.14743107901439	-0.52081453295439	0.40469510170529
8.70000000000000	0.01311161576854	0.14685297960973	-0.51901640673228	0.40364293702655
8.71000000000000	0.01206272165208	0.14629250530195	-0.51721357566109	0.40258400140548
8.72000000000000	0.01101485615980	0.14573261290758	-0.51540674499434	0.40152016587359
8.73000000000000	0.00997406312539	0.14518240615921	-0.51359850556979	0.40045258062744
8.74000000000000	0.00894237894396	0.14464351843261	-0.51178879507590	0.39938210035851
8.75000000000000	0.00791501500164	0.14410971707256	-0.50997824462039	0.39831043553105
8.76000000000000	0.00689385600842	0.14358251028347	-0.50815956197701	0.39723412496758
8.77000000000000	0.00587776224463	0.14306210016690	-0.50633761574412	0.39615647153878
8.78000000000000	0.00486835402075	0.14255101007831	-0.50451366063515	0.39507850940908
8.79000000000000	0.00386895089441	0.14205194678086	-0.50268754218481	0.39400011261497
8.80000000000000	0.00287206291564	0.14155439053248	-0.50085859927245	0.39292050852937
8.81000000000000	0.00188756443389	0.14107141568285	-0.49902939383180	0.39184444576903
8.82000000000000	0.00090674726487	0.14059169309762	-0.49719751507420	0.39076798066537
8.83000000000000	-0.00006966661580	0.14011713402235	-0.49536363396534	0.38969156484268
8.84000000000000	-0.00103840987759	0.13965586425005	-0.49352910073405	0.38861114881820
8.85000000000000	-0.00200160803100	0.13920425110292	-0.49169583638449	0.38753045984670
8.86000000000000	-0.00295805047980	0.13876452214772	-0.48986267587805	0.38644683457586
8.87000000000000	-0.00390684590537	0.13833703770714	-0.48802959452440	0.38536170471637
8.88000000000000	-0.00485472592921	0.13791055874099	-0.48619343366888	0.38427311143626
8.89000000000000	-0.00579047165133	0.13750128671655	-0.48435729643224	0.38318269866235
8.90000000000000	-0.00671944521682	0.13710243111879	-0.48252222710171	0.38209208226530
8.91000000000000	-0.00764142365584	0.13671418953672	-0.48068643168231	0.38099913067295
8.92000000000000	-0.00855182153219	0.13634159391147	-0.47884866852056	0.37990417008321
8.93000000000000	-0.00945656412918	0.13597607920231	-0.47701013261704	0.37880884920240
8.94000000000000	-0.01034679526985	0.13562862464063	-0.47517048652288	0.37771647845565
8.95000000000000	-0.01122992884192	0.13528991011887	-0.47332959056003	0.37662709895312
8.96000000000000	-0.01210773913530	0.13495616859465	-0.47148628912429	0.37553945088648
8.97000000000000	-0.01297732133362	0.13463491850029	-0.46963820070460	0.37445586362863
8.98000000000000	-0.01384316346677	0.13431884780740	-0.46778844037644	0.37337319283696
8.99000000000000	-0.01470140091669	0.13401281935545	-0.46593360878991	0.37229009529789
9.00000000000000	-0.01555510510688	0.13371082577323	-0.46407554246996	0.37120283406225
9.01000000000000	-0.01640081760840	0.13342036955748	-0.46221923676082	0.37011637766505
9.02000000000000	-0.01723799202610	0.13313600565253	-0.46036418515659	0.36902230801632
9.03000000000000	-0.01806772574282	0.13286062506886	-0.45851206027598	0.36792714449782
9.04000000000000	-0.01889039780921	0.13259090048336	-0.45666154353239	0.36682598741411
9.05000000000000	-0.01970469258249	0.13233322690585	-0.45481070364253	0.36572037115839
9.06000000000000	-0.02051131413996	0.13208636898705	-0.45296257390682	0.36461449410390
9.07000000000000	-0.02130663625757	0.13184844997992	-0.45111279038845	0.36350210919277
9.08000000000000	-0.02209307684809	0.13161943230074	-0.44926583540280	0.36239109544425
9.09000000000000	-0.02286858442108	0.13139994264617	-0.44742147775964	0.36128070529993
9.10000000000000	-0.02363402179249	0.13119214565473	-0.44557871654472	0.36017279203365
9.11000000000000	-0.02439456457650	0.13099100338692	-0.44373671075733	0.35906667728335
9.12000000000000	-0.02514710176181	0.13080011009101	-0.44189159748400	0.35796222472853
9.13000000000000	-0.02589345776537	0.13061571917360	-0.44004586161043	0.35685912326615
9.14000000000000	-0.02663558624296	0.13043467527990	-0.43819812617174	0.35575617935781
9.15000000000000	-0.02737066621093	0.13026358528928	-0.43634678571791	0.35465367117258
9.16000000000000	-0.02810466940662	0.13009308733745	-0.43449254567855	0.35354956942972
9.17000000000000	-0.02883173329313	0.12993270408860	-0.43263418126451	0.35244434239177
9.18000000000000	-0.02955220970987	0.12977888238342	-0.43077482357658	0.35133587533103
9.19000000000000	-0.03026747499298	0.12963152064410	-0.42891494748324	0.35022572259352
9.20000000000000	-0.03097016336133	0.12949719632541	-0.42705586978139	0.34911386954403
9.21000000000000	-0.03166544642168	0.12937190716411	-0.42519888662693	0.34800424897732
9.22000000000000	-0.03235127054616	0.12925711287917	-0.42334247849257	0.34689662086230
9.23000000000000	-0.03302601065767	0.12915756118256	-0.42148642445716	0.34579227253523
9.24000000000000	-0.03369485946606	0.12906590548757	-0.41963093881823	0.34468980015228
9.25000000000000	-0.03434700155127	0.12899624079512	-0.41777850183823	0.34359302780392
9.26000000000000	-0.03499531516109	0.12893109530010	-0.41592442277693	0.34249655750039
9.27000000000000	-0.03563942722897	0.12887035176621	-0.41406685674198	0.34139962288089
9.28000000000000	-0.03627202627867	0.12882594534013	-0.41221024361420	0.34030405883328
9.29000000000000	-0.03690036792832	0.12878729060800	-0.41035394937412	0.33920778035255
9.30000000000000	-0.03751899809623	0.12876067208080	-0.40849884035943	0.33810556403084
9.31000000000000	-0.03813219343848	0.12874021473423	-0.40664455436663	0.33700033585595
9.32000000000000	-0.03874197994955	0.12872282269972	-0.40479057651816	0.33589146431353
9.33000000000000	-0.03934111182125	0.12871763480097	-0.40293896175335	0.33478228513575
9.34000000000000	-0.03993866045698	0.12871182974955	-0.40108503125197	0.33367015180731
9.35000000000000	-0.04052295091800	0.12872193001613	-0.39923469061702	0.33255950662999
9.36000000000000	-0.04110162845705	0.12873788823934	-0.39738312272810	0.33144730398262
9.37000000000000	-0.04167443537812	0.12876062554993	-0.39553194845467	0.33033496999180
9.38000000000000	-0.04223619533790	0.12879502302723	-0.39367927438071	0.32922348421123
9.39000000000000	-0.04279357712880	0.12883454776699	-0.39182603827307	0.32811339629177
9.40000000000000	-0.04334235621537	0.12888342928195	-0.38997214283170	0.32700607305401
9.41000000000000	-0.04388365366024	0.12894181766113	-0.38811666196146	0.32590096721956
9.42000000000000	-0.04442172433575	0.12900449295853	-0.38626030627948	0.32479688660165
9.43000000000000	-0.04494924417764	0.12908298447303	-0.38440377111747	0.32369469981042
9.44000000000000	-0.04547143536111	0.12916846111766	-0.38254741299379	0.32259247229650
9.45000000000000	-0.04598538527430	0.12926446771239	-0.38069162046265	0.32149028927835
9.46000000000000	-0.04649090911963	0.12936962131799	-0.37883394646746	0.32038481825772
9.47000000000000	-0.04699095827855	0.12948198635308	-0.37697756173379	0.31927933473458
9.48000000000000	-0.04748173118708	0.12960606572809	-0.37512045471648	0.31817017832688
9.49000000000000	-0.04796279515613	0.12974509792882	-0.37326718624901	0.31706289593693
9.50000000000000	-0.04844048919540	0.12988879211306	-0.37141232333899	0.31595302696040
9.51000000000000	-0.04890742073494	0.13004699556814	-0.36955738129034	0.31484306566319
9.52000000000000	-0.04936954340089	0.13021216214280	-0.36770309377763	0.31373424583331
9.53000000000000	-0.04982101523248	0.13039248623463	-0.36584944658532	0.31262792293178
9.54000000000000	-0.05026582581812	0.13058399115249	-0.36399709528610	0.31152447147093
9.55000000000000	-0.05070646896806	0.13078271802510	-0.36214513353838	0.31042268358371
9.56000000000000	-0.05113485502048	0.13100030704953	-0.36029489800376	0.30932533112934
9.57000000000000	-0.05155573105744	0.13122866550292	-0.35844696580758	0.30823116210894
9.58000000000000	-0.05196987315325	0.13146610122712	-0.35659686904853	0.30713802032082
9.59000000000000	-0.05237322098075	0.13171857979131	-0.35474769267970	0.30604761943764
9.60000000000000	-0.05277230560857	0.13197676182302	-0.35289805910617	0.30495761472091
9.61000000000000	-0.05316058219699	0.13224727956002	-0.35104938464701	0.30386572142074
9.62000000000000	-0.05354353013688	0.13252408712662	-0.34920228938848	0.30277237574383
9.63000000000000	-0.05391647296609	0.13281481118139	-0.34735922523304	0.30167905870750
9.64000000000000	-0.05427979539705	0.13311956530830	-0.34551946695271	0.30058284061853
9.65000000000000	-0.05463862690325	0.13343054399441	-0.34368041914498	0.29948477871733
9.66000000000000	-0.05498514604246	0.13375833462925	-0.34184489971713	0.29838411148413
9.67000000000000	-0.05532595213511	0.13409390186423	-0.34001013345123	0.29728249576126
9.68000000000000	-0.05566197140557	0.13443585537120	-0.33817457263875	0.29617898458647
9.69000000000000	-0.05598640096282	0.13479491631482	-0.33634068337159	0.29507698963881
9.70000000000000	-0.05630806043880	0.13515783498763	-0.33450520129727	0.29397499046586
9.71000000000000	-0.05661880547300	0.13553708582787	-0.33267073940067	0.29287778758503
9.72000000000000	-0.05692540468618	0.13592273949908	-0.33083355762927	0.29178324219316
9.73000000000000	-0.05722628767259	0.13631750923111	-0.32899656608075	0.29069224232264
9.74000000000000	-0.05751323796659	0.13673398270560	-0.32716141627887	0.28960765702924
9.75000000000000	-0.05779764233972	0.13715292105399	-0.32532369758117	0.28852231761524
9.76000000000000	-0.05807240011955	0.13758433190469	-0.32348590004901	0.28743928662277
9.77000000000000	-0.05834024391496	0.13802605334791	-0.32164660971515	0.28635283983582
9.78000000000000	-0.05860417087219	0.13847322146833	-0.31980745067438	0.28526498884672
9.79000000000000	-0.05885436295987	0.13894365537246	-0.31797199957912	0.28417712480575
9.80000000000000	-0.05910120943071	0.13941952175985	-0.31613650485944	0.28308692304586
9.81000000000000	-0.05933936125187	0.13991011662370	-0.31430417836978	0.28199662073237
9.82000000000000	-0.05956842103151	0.14041439089247	-0.31247430335880	0.28090301329932
9.83000000000000	-0.05979201313871	0.14092716630002	-0.31064699603182	0.27980953928084
9.84000000000000	-0.06000573967899	0.14145314859310	-0.30882226077269	0.27871445220934
9.85000000000000	-0.06021335959877	0.14198626004607	-0.30699838308159	0.27761868648334
9.86000000000000	-0.06041396722519	0.14252850310319	-0.30517721378977	0.27652383505115
9.87000000000000	-0.06060505530421	0.14308187982665	-0.30335455276291	0.27543154888454
9.88000000000000	-0.06078986505115	0.14364358142815	-0.30153314130889	0.27434224062968
9.89000000000000	-0.06096875672728	0.14421193879217	-0.29970952245689	0.27325549895088
9.90000000000000	-0.06114078754800	0.14479204073325	-0.29788581057021	0.27217164678152
9.91000000000000	-0.06130752201690	0.14538067592914	-0.29606240242758	0.27108985595397
9.92000000000000	-0.06146442414028	0.14598164775484	-0.29423508039776	0.27000965313455
9.93000000000000	-0.06161349967094	0.14659392982581	-0.29241068468988	0.26893298111445
9.94000000000000	-0.06175558426167	0.14721411020343	-0.29058633359162	0.26785762098161
9.95000000000000	-0.06188667300219	0.14785190081840	-0.28876616208391	0.26678321364372
9.96000000000000	-0.06201451225938	0.14849413826690	-0.28694609293294	0.26570699294828
9.97000000000000	-0.06212806582943	0.14915738199087	-0.28513101313753	0.26462708573279
9.98000000000000	-0.06223387070127	0.14983117633787	-0.28331936945923	0.26354571756556
9.99000000000000	-0.06233373061723	0.15051218891353	-0.28150806303902	0.26245917687193
10.00000000000000	-0.06242383945432	0.15120586988836	-0.27970032717377	0.26136817685323
