# Waketime [ns]	 	DipolX [V/pC/mm]	  	DipolY [V/pC/mm]	 	QuadX [V/pC/mm]	 	QuadY [V/pC/mm]
0.00000000000000	0.00000000000000	0.00000000000000	0.00000000000000	0.00000000000000
0.01000000000000	21.15116896450342	35.58537167154964	-12.75661600159524	14.32281494551068
0.02000000000000	16.85003837260704	30.28855208179385	-9.34154225708970	12.08848577087458
0.03000000000000	15.65717758759676	30.29720744923136	-8.64882473305006	12.20095029679021
0.04000000000000	14.82361273804997	30.82166535809498	-8.36768371960629	12.56941305516000
0.05000000000000	14.05954146149968	31.27176287946379	-8.22370887317140	12.95124624417060
0.06000000000000	13.32462734838747	31.50530731755603	-8.13076686566770	13.24764941123528
0.07000000000000	12.63121601541977	31.42590301656725	-8.01426147059760	13.41705066558709
0.08000000000000	11.97454566086125	31.01789015477912	-7.85612709328032	13.40173584626488
0.09000000000000	11.45724351272594	30.41278404250711	-7.70340806651812	13.30261214040920
0.10000000000000	11.02733451747420	29.58176459501910	-7.52079207751825	13.08588707848830
0.11000000000000	10.69686564280644	28.56634555550970	-7.31385131295043	12.78289598368986
0.12000000000000	10.44631842581778	27.40609439083702	-7.08109284848133	12.43402630988713
0.13000000000000	10.21178181015302	26.07988146819307	-6.81683442751593	12.01924438745066
0.14000000000000	10.01731451430961	24.67700479061507	-6.54741569591317	11.61061491501389
0.15000000000000	9.81784574604478	23.18841897788293	-6.26866614498269	11.20001922871104
0.16000000000000	9.59038450164254	21.61836383331401	-5.97986588788314	10.79897596561724
0.17000000000000	9.34616800929230	20.02414634514516	-5.69699845210473	10.42439729237993
0.18000000000000	9.06674766446134	18.38689136988473	-5.41668483750582	10.07275502350409
0.19000000000000	8.76847093950520	16.76309404438564	-5.14561338138157	9.74749573030077
0.20000000000000	8.44593081357140	15.15730750296304	-4.88252716718448	9.44309441327808
0.21000000000000	8.12199916747326	13.61666065436144	-4.63507226230104	9.15985965015890
0.22000000000000	7.78787782707609	12.14932270608197	-4.39495297622085	8.88267768505461
0.23000000000000	7.46593420263794	10.79930529412514	-4.17406951712139	8.61450476107125
0.24000000000000	7.14266245007894	9.57518434676496	-3.96305920248655	8.34064350753217
0.25000000000000	6.82925366003313	8.50222282113171	-3.76891742345993	8.06098019211295
0.26000000000000	6.52346497726664	7.58727947883417	-3.58874786014167	7.76757131118507
0.27000000000000	6.21654864051992	6.82105787698560	-3.41969859210141	7.45862209066708
0.28000000000000	5.92282564739740	6.22034663001683	-3.27101870146825	7.13599528138023
0.29000000000000	5.62690670144159	5.74871016851288	-3.13163024744771	6.79934635375384
0.30000000000000	5.33772239219197	5.39773749118658	-3.00623544072948	6.45346526034953
0.31000000000000	5.05619385472822	5.14521116951164	-2.89385032353457	6.10301097543721
0.32000000000000	4.77773385668379	4.95656420114407	-2.78976570194253	5.75453080570587
0.33000000000000	4.51926854486797	4.83037639325815	-2.70136269208419	5.41213538290029
0.34000000000000	4.26536313287319	4.72220724536910	-2.61841415466714	5.08159922896580
0.35000000000000	4.02572160961113	4.62890076291723	-2.54528841557343	4.76714437522243
0.36000000000000	3.79787013991747	4.53416431550904	-2.47901665757524	4.46991449037653
0.37000000000000	3.57809592619886	4.42744504474394	-2.41776906050324	4.19446929221744
0.38000000000000	3.37377374049506	4.31449534305195	-2.36293707745917	3.93552007487595
0.39000000000000	3.17663290225790	4.18613416281599	-2.31060515852332	3.69715940631021
0.40000000000000	2.99100544650051	4.04855572300182	-2.26178321358358	3.47504008917908
0.41000000000000	2.81937903332048	3.90556047941523	-2.21655932215306	3.26781156382821
0.42000000000000	2.65802280784595	3.75370835582875	-2.17325663708423	3.07403747051592
0.43000000000000	2.51467667645625	3.60033252824182	-2.13388009599326	2.88876981122513
0.44000000000000	2.38301611403173	3.43901032835825	-2.09732432311657	2.71420069905852
0.45000000000000	2.26558989051432	3.27149196322320	-2.06526691933708	2.54885045696987
0.46000000000000	2.16066730157527	3.09571608298163	-2.03824848094051	2.39449738877206
0.47000000000000	2.06304091524305	2.90737160734295	-2.01687577254674	2.25443014987542
0.48000000000000	1.97623556505566	2.71017454115252	-2.00311919959885	2.13199472021331
0.49000000000000	1.89158991753939	2.49900935734742	-1.99723950861662	2.03261666057981
0.50000000000000	1.80837964835786	2.27404860312957	-1.99961687112031	1.95958418755144
0.51000000000000	1.72506203601587	2.03708287019435	-2.01097835219489	1.91668580473268
0.52000000000000	1.63841536511262	1.78800916431848	-2.03153555010177	1.90536804032067
0.53000000000000	1.55177776095825	1.53239305461109	-2.06031709972575	1.92612363088765
0.54000000000000	1.45974138142355	1.26665511693348	-2.09532781500046	1.97401933970008
0.55000000000000	1.36635771134486	0.99715819069817	-2.13581372485478	2.04596395339182
0.56000000000000	1.27156220528973	0.72350537846572	-2.17882394493663	2.13506457532240
0.57000000000000	1.17524495855917	0.44559029482391	-2.22275706500588	2.23318279335728
0.58000000000000	1.08199875789788	0.16793823458118	-2.26525186943314	2.33647044402436
0.59000000000000	0.99078810197376	-0.11260127647410	-2.30502535357658	2.43546133105778
0.60000000000000	0.90447862935071	-0.39506013471849	-2.33941385642391	2.52542943606626
0.61000000000000	0.82365617131689	-0.67969972612531	-2.36638854892025	2.60154292687802
0.62000000000000	0.74969634556824	-0.96567093783411	-2.38576877726282	2.65913965319462
0.63000000000000	0.68516833590399	-1.24713596664421	-2.39567228907705	2.69993621328439
0.64000000000000	0.63069277249075	-1.52179570334830	-2.39694924545987	2.72023947983003
0.65000000000000	0.58746109155084	-1.78223087732982	-2.38884390166597	2.72258589552680
0.66000000000000	0.55569884230243	-2.02128001212983	-2.37155197425101	2.70876797201471
0.67000000000000	0.53507427145931	-2.23230033124040	-2.34560855850510	2.67904024431577
0.68000000000000	0.52525677154974	-2.40513466659589	-2.31047817786680	2.63967030787282
0.69000000000000	0.52532158387975	-2.53229620038874	-2.26803704508964	2.58930567662290
0.70000000000000	0.53301436639088	-2.60558605194679	-2.21794553352387	2.53109304645549
0.71000000000000	0.54742812867813	-2.61574667839730	-2.16137849269457	2.46605613058840
0.72000000000000	0.56812284390666	-2.55532034683158	-2.09970841189709	2.39209461776387
0.73000000000000	0.59277454319995	-2.41549555435538	-2.03323992776311	2.31245320748244
0.74000000000000	0.62060954229480	-2.19227302967417	-1.96344052920677	2.22191223992059
0.75000000000000	0.65004317379755	-1.88227451666779	-1.89103574848014	2.12224162923637
0.76000000000000	0.68030452556320	-1.48601762387187	-1.81766367425564	2.01465907360217
0.77000000000000	0.71102057002367	-1.00947194489844	-1.74470652198740	1.89969351793105
0.78000000000000	0.74075578230374	-0.46242318433670	-1.67385626196056	1.78576753205059
0.79000000000000	0.77041111115865	0.13734151000783	-1.60613959697722	1.67404923301114
0.80000000000000	0.80026888406473	0.76875890777517	-1.54273682972399	1.57256627853963
0.81000000000000	0.83064458255199	1.40704153743842	-1.48436218282674	1.48693399962588
0.82000000000000	0.86237667158670	2.02615979281606	-1.43109336669595	1.41992454629965
0.83000000000000	0.89575229236362	2.60376850050900	-1.38371469529700	1.37936445634325
0.84000000000000	0.93088427563034	3.11924363070309	-1.34090117371446	1.36215638028447
0.85000000000000	0.96733955051686	3.56174221334544	-1.30281573694188	1.37023276897264
0.86000000000000	1.00500129874626	3.92794363084558	-1.26925124671972	1.40162792190059
0.87000000000000	1.04307830459711	4.22168998108763	-1.23953127253716	1.45078326130749
0.88000000000000	1.08049409683175	4.45315614719136	-1.21437524722549	1.51707816078412
0.89000000000000	1.11619414837367	4.63461853554774	-1.19232759889286	1.59083429101088
0.90000000000000	1.14956990703764	4.77964616523563	-1.17395792108423	1.66856456964264
0.91000000000000	1.18000082961373	4.89849091547473	-1.15899824063531	1.74418672551656
0.92000000000000	1.20675066022100	4.99701835890298	-1.14645880670528	1.81029684446322
0.93000000000000	1.23058759395537	5.07840287513990	-1.13780487450680	1.86528079398336
0.94000000000000	1.25108850993115	5.13948052730621	-1.13137254091232	1.90062469426947
0.95000000000000	1.26883758550880	5.17554673319908	-1.12785879520208	1.91340828807302
0.96000000000000	1.28392137237865	5.17978936364665	-1.12701541045266	1.89918237052882
0.97000000000000	1.29707444162828	5.14574149344852	-1.12820365305029	1.85348660496224
0.98000000000000	1.30887700624759	5.06726469949376	-1.13245387046364	1.77568854071195
0.99000000000000	1.31973803555034	4.94062484252762	-1.13783369457111	1.66262256401936
1.00000000000000	1.32959168131655	4.76493774588169	-1.14415962985111	1.51607273423786
1.01000000000000	1.33928691421682	4.54466407443543	-1.15099603393111	1.33936411138342
1.02000000000000	1.34816601777836	4.28639237778258	-1.15690814344739	1.13756483960357
1.03000000000000	1.35651186937529	4.00241132201859	-1.16258978113605	0.92060860473687
1.04000000000000	1.36291638029407	3.70549171932710	-1.16593489708166	0.69652057242762
1.05000000000000	1.36744541623279	3.41051903544297	-1.16716967299118	0.47722858743421
1.06000000000000	1.37017629332923	3.13153439304396	-1.16634117145654	0.27397054874648
1.07000000000000	1.37127720948808	2.88024145739676	-1.16306130936372	0.09631427486734
1.08000000000000	1.37141954042707	2.66531249065257	-1.15840138359542	-0.04690717780049
1.09000000000000	1.37164775966575	2.49151811839559	-1.15200551264179	-0.15191119998517
1.10000000000000	1.37245611891800	2.35926999193090	-1.14421696338568	-0.21742463075757
1.11000000000000	1.37477300395127	2.26630442000232	-1.13499575730170	-0.24660320077774
1.12000000000000	1.37878786211978	2.20686443820467	-1.12374647475108	-0.24604521155213
1.13000000000000	1.38548277064510	2.17344780628385	-1.11108883478947	-0.22409426828572
1.14000000000000	1.39503229382991	2.15735835502934	-1.09623859429845	-0.19157651014939
1.15000000000000	1.40776154138959	2.14949729326856	-1.07977018476554	-0.15888184737130
1.16000000000000	1.42364291797404	2.14083840661754	-1.06206967503957	-0.13622619952409
1.17000000000000	1.44307264038694	2.12411646837386	-1.04439812168586	-0.13121489144115
1.18000000000000	1.46559954255417	2.09148930244584	-1.02859832016950	-0.14988832891729
1.19000000000000	1.49104292470157	2.03839426589531	-1.01622364519288	-0.19453773550731
1.20000000000000	1.51864250882579	1.96061118009606	-1.00980273338364	-0.26438246893770
1.21000000000000	1.54803153321162	1.85753148771245	-1.01163148008279	-0.35518281055327
1.22000000000000	1.57797250997774	1.72951513784992	-1.02368169218561	-0.45904287620754
1.23000000000000	1.60753164947127	1.57909321240514	-1.04761277607902	-0.56677862246698
1.24000000000000	1.63514569610372	1.41050857458392	-1.08423239631763	-0.66558832626801
1.25000000000000	1.66010474392948	1.22966273179222	-1.13417060084678	-0.74296289598561
1.26000000000000	1.68124183405108	1.04205901668071	-1.19705283990627	-0.78618490894125
1.27000000000000	1.69790271950007	0.85394534468076	-1.27211390117638	-0.78337091689922
1.28000000000000	1.70929658530907	0.66988967585683	-1.35799447279487	-0.72607939263863
1.29000000000000	1.71515158576491	0.49452882617986	-1.45302009733661	-0.60739075428626
1.30000000000000	1.71519258166893	0.33027820710988	-1.55489324993010	-0.42550213112083
1.31000000000000	1.71018521451015	0.18064788028644	-1.66144975760758	-0.18165752464261
1.32000000000000	1.69996368548356	0.04607645925163	-1.77034623588501	0.11953985118529
1.33000000000000	1.68581055671984	-0.07096418133614	-1.87894238979222	0.46918803166696
1.34000000000000	1.66841474161620	-0.16887206254815	-1.98517020038771	0.85774168593965
1.35000000000000	1.64911091333015	-0.24442151930516	-2.08698419726895	1.27339080310932
1.36000000000000	1.62902939425764	-0.29469346061886	-2.18266574588637	1.70395451849131
1.37000000000000	1.60897861566985	-0.31690024241445	-2.27097289798397	2.13823726188122
1.38000000000000	1.58890922963671	-0.31065256066778	-2.35024983432794	2.56381872641673
1.39000000000000	1.56855068375361	-0.27800874887753	-2.41952475461389	2.97142562777274
1.40000000000000	1.54754990354300	-0.22357968503532	-2.47789055299220	3.35158583632460
1.41000000000000	1.52464843582521	-0.15679937133524	-2.52427376745789	3.69625074313887
1.42000000000000	1.49919653355265	-0.08832441234701	-2.55801609396098	3.99968976690000
1.43000000000000	1.46983356031117	-0.03144043489023	-2.57789146747568	4.25552862065053
1.44000000000000	1.43624993577314	0.00344758400343	-2.58363435380482	4.46150579925726
1.45000000000000	1.39812155039027	0.00754751179649	-2.57458431931949	4.61565467597424
1.46000000000000	1.35557440135436	-0.02382139666188	-2.55033549446138	4.71838111232941
1.47000000000000	1.30971363648084	-0.08965361368142	-2.51154882444650	4.77301146790483
1.48000000000000	1.26134570576333	-0.18645895363981	-2.45853214785924	4.78350460420001
1.49000000000000	1.21247686653745	-0.30531746349209	-2.39298349477978	4.75739485444378
1.50000000000000	1.16459966683191	-0.43681576275422	-2.31649635663803	4.70137130630765
1.51000000000000	1.11954268393993	-0.57020391490981	-2.23122973892201	4.62285659994940
1.52000000000000	1.07909464127637	-0.69507476062859	-2.14002316146472	4.52863525904845
1.53000000000000	1.04441775447252	-0.80258545614662	-2.04502076221256	4.42236053502022
1.54000000000000	1.01656444941008	-0.88498414784100	-1.94934552818376	4.30743673077190
1.55000000000000	0.99605405209753	-0.93662062507061	-1.85525161214799	4.18365715028264
1.56000000000000	0.98259201263602	-0.95325553642973	-1.76527816566686	4.04954850879907
1.57000000000000	0.97614692692201	-0.93241866123857	-1.68186493637098	3.90297088709870
1.58000000000000	0.97608370114826	-0.87389129648661	-1.60644248332591	3.73990700178544
1.59000000000000	0.98190820539454	-0.77884740654209	-1.54106548386021	3.55878986504198
1.60000000000000	0.99267030886104	-0.65071336378210	-1.48684305184257	3.35838387507830
1.61000000000000	1.00785539675208	-0.49499026046669	-1.44490009211535	3.13970326163347
1.62000000000000	1.02679587658034	-0.31906616847638	-1.41607190968014	2.90570247773171
1.63000000000000	1.04864838834651	-0.13121543730216	-1.40017236384604	2.65985813908749
1.64000000000000	1.07256626317834	0.05889392224783	-1.39717706899363	2.40740954955816
1.65000000000000	1.09701383625742	0.24248940541396	-1.40615812063526	2.15263583325004
1.66000000000000	1.12058965688573	0.41173144055067	-1.42573105587477	1.89958277649399
1.67000000000000	1.14184755506457	0.56110443413161	-1.45446083035451	1.65170281974716
1.68000000000000	1.15926057628945	0.68777648313706	-1.49017891917292	1.41091242149934
1.69000000000000	1.17171639066275	0.79168290628503	-1.53158468398494	1.17960059766432
1.70000000000000	1.17868110128981	0.87553300144462	-1.57664543669006	0.95870812429422
1.71000000000000	1.18005180905517	0.94338872760014	-1.62396577710885	0.74950805084893
1.72000000000000	1.17649353887274	1.00091969619245	-1.67244332816363	0.55345858347326
1.73000000000000	1.16853358348714	1.05311194281995	-1.72059527212223	0.37199001792827
1.74000000000000	1.15724107480121	1.10570745572922	-1.76829843553604	0.20819912558078
1.75000000000000	1.14298990788659	1.16330069206511	-1.81519140038945	0.06526196692081
1.76000000000000	1.12695751081133	1.23059314718027	-1.86146382466860	-0.05272893415262
1.77000000000000	1.10969668607475	1.31132687974125	-1.90757009838365	-0.14171819518056
1.78000000000000	1.09129488198582	1.40886942739977	-1.95339721172946	-0.19870935383949
1.79000000000000	1.07221073310739	1.52575567318815	-1.99974802376004	-0.22066584772962
1.80000000000000	1.05261689638867	1.66372253493388	-2.04631845434383	-0.20676473178420
1.81000000000000	1.03237078612013	1.82268754654282	-2.09306217718279	-0.15731457492838
1.82000000000000	1.01170293047403	2.00206804847943	-2.13984468238206	-0.07399773234811
1.83000000000000	0.99050572395098	2.19876771140703	-2.18563963722209	0.03972526663444
1.84000000000000	0.96902050154942	2.40927792871727	-2.23003450358819	0.17952340557445
1.85000000000000	0.94747117069220	2.62782540588054	-2.27193265292824	0.34010116690081
1.86000000000000	0.92623807213236	2.84833962155224	-2.31032021575090	0.51585425612988
1.87000000000000	0.90534892201799	3.06332897485675	-2.34427986289321	0.70122781559922
1.88000000000000	0.88493816939151	3.26547210413007	-2.37236622329116	0.89094017641722
1.89000000000000	0.86466679480682	3.44718486888551	-2.39402971575248	1.08053128180324
1.90000000000000	0.84369725271096	3.60160962631521	-2.40823243245972	1.26613279520027
1.91000000000000	0.82151824861817	3.72349351152503	-2.41435542348468	1.44474797446024
1.92000000000000	0.79746434715544	3.80851810394519	-2.41216901288536	1.61429497202916
1.93000000000000	0.77184407253290	3.85603899124111	-2.40137719135727	1.77356926143038
1.94000000000000	0.74511987341739	3.86687470308399	-2.38265428198309	1.92224977131866
1.95000000000000	0.71892223009953	3.84482497153171	-2.35664275167266	2.06087334023245
1.96000000000000	0.69518609930030	3.79503055118355	-2.32450149844343	2.19045958978938
1.97000000000000	0.67641495031819	3.72378198340155	-2.28778099646856	2.31239792497689
1.98000000000000	0.66488361081360	3.63796369799233	-2.24762466416124	2.42772923655703
1.99000000000000	0.66246577453068	3.54348051666494	-2.20577049842521	2.53718461996601
2.00000000000000	0.67062901010795	3.44572194818325	-2.16325220187802	2.64078545492733
2.01000000000000	0.68971007966483	3.34794576892598	-2.12110810132331	2.73791486497447
2.02000000000000	0.71895659673272	3.25218133113259	-2.08022261640215	2.82759613209342
2.03000000000000	0.75681358239436	3.15774120941983	-2.04100186772716	2.90850430029460
2.04000000000000	0.80141259788415	3.06250657658762	-2.00406360256521	2.97937201739582
2.05000000000000	0.84995819047622	2.96273624320263	-1.96945165850528	3.03892649354799
2.06000000000000	0.89977410087907	2.85474066284420	-1.93719697165043	3.08640874594916
2.07000000000000	0.94857985052269	2.73524935519672	-1.90733336550143	3.12128638947129
2.08000000000000	0.99444315265591	2.60191797909030	-1.87929798176468	3.14336757880465
2.09000000000000	1.03611527585112	2.45434697425635	-1.85291405992176	3.15292724514644
2.10000000000000	1.07276757418573	2.29378217795723	-1.82793954868970	3.15060446416729
2.11000000000000	1.10370942891597	2.12288612197374	-1.80404888971448	3.13695196461731
2.12000000000000	1.12935868916192	1.94598295495470	-1.78124251156636	3.11257756970948
2.13000000000000	1.14948018869229	1.76700514474518	-1.75951263986592	3.07793993819114
2.14000000000000	1.16375332233026	1.59048363671732	-1.73930179938002	3.03298299254118
2.15000000000000	1.17190085541897	1.41961915466217	-1.72104116573810	2.97757592648181
2.16000000000000	1.17402789555000	1.25744459896297	-1.70513193225871	2.91089356395176
2.17000000000000	1.17028250643685	1.10588638633990	-1.69199434393455	2.83195605359193
2.18000000000000	1.16136572695698	0.96619812490725	-1.68175350513867	2.74016066726037
2.19000000000000	1.14849762111571	0.83893574445838	-1.67433491474496	2.63462632489359
2.20000000000000	1.13334607833195	0.72387273487972	-1.66939252740275	2.51567348424439
2.21000000000000	1.11786315149256	0.62072684082859	-1.66632383347859	2.38438399754825
2.22000000000000	1.10460759028418	0.52806656009320	-1.66445560658141	2.24283436090896
2.23000000000000	1.09549497886973	0.44562688574347	-1.66302874458918	2.09451547871874
2.24000000000000	1.09165202845288	0.37215609454017	-1.66134485042603	1.94307981439396
2.25000000000000	1.09412465851297	0.30813044504255	-1.65868264079948	1.79269884344256
2.26000000000000	1.10240247986206	0.25362123854802	-1.65435769139583	1.64690214606375
2.27000000000000	1.11557389772475	0.20921713033650	-1.64771007085346	1.50845151725587
2.28000000000000	1.13217042236920	0.17529164407311	-1.63809525042277	1.37941961028972
2.29000000000000	1.15066595264720	0.15223558412833	-1.62494460537722	1.26075022422759
2.30000000000000	1.16955396248809	0.13896477922743	-1.60796327900189	1.15317706415867
2.31000000000000	1.18825195045543	0.13442791730262	-1.58680046499783	1.05698189127900
2.32000000000000	1.20606740927847	0.13596037455839	-1.56136452810708	0.97250521712342
2.33000000000000	1.22267511002109	0.14165506574166	-1.53189983869938	0.90027272494188
2.34000000000000	1.23780963124866	0.14895916074512	-1.49870618339081	0.84099478038502
2.35000000000000	1.25150783596857	0.15746628302456	-1.46225069617183	0.79520070849279
2.36000000000000	1.26342776386160	0.16733412148767	-1.42323862124880	0.76316161376457
2.37000000000000	1.27345443704100	0.18151384080004	-1.38234936179626	0.74450726404120
2.38000000000000	1.28142311683604	0.20351370674177	-1.34034931234985	0.73787981392621
2.39000000000000	1.28730731385614	0.23825277730673	-1.29777072012849	0.74093210598260
2.40000000000000	1.29108544428938	0.29041327750698	-1.25528119535866	0.75064584186654
2.41000000000000	1.29352414448634	0.36406505401476	-1.21335408543191	0.76354319402536
2.42000000000000	1.29531102591541	0.46089591358864	-1.17229801073486	0.77616686150764
2.43000000000000	1.29758410278509	0.58017516721562	-1.13268672070006	0.78591322212033
2.44000000000000	1.30146361692910	0.71818719832849	-1.09484402823353	0.79097040530414
2.45000000000000	1.30794250142474	0.86862589956136	-1.05945175439898	0.79104508464292
2.46000000000000	1.31859052831329	1.02409004893239	-1.02709909645581	0.78685616956994
2.47000000000000	1.33439287273285	1.17666790479550	-0.99858094663426	0.78017475249422
2.48000000000000	1.35622975811936	1.31952921066565	-0.97507988576601	0.77340525512839
2.49000000000000	1.38427190397104	1.44774106974770	-0.95752725966950	0.76854723815286
2.50000000000000	1.41878988181684	1.55919333965558	-0.94679488934686	0.76693534399821
2.51000000000000	1.45960960760221	1.65495422654216	-0.94373185623924	0.76881708507238
2.52000000000000	1.50561728969115	1.73719761726686	-0.94881992697158	0.77342317143597
2.53000000000000	1.55594372953698	1.81099330751001	-0.96277002569872	0.77919672002688
2.54000000000000	1.60893565013046	1.88025699055420	-0.98537622317855	0.78377760984610
2.55000000000000	1.66355761391563	1.95000917412362	-1.01647805156876	0.78486710835580
2.56000000000000	1.71769193101517	2.02216605181107	-1.05560185126707	0.78057773767436
2.57000000000000	1.76946288243735	2.09758371211089	-1.10198746781327	0.76993727433468
2.58000000000000	1.81763341097487	2.17474673415752	-1.15482827779459	0.75316870812925
2.59000000000000	1.86086701529695	2.25031111252191	-1.21295984595197	0.73166687912648
2.60000000000000	1.89820141975197	2.31957818073817	-1.27544489323625	0.70826679339778
2.61000000000000	1.92915039788411	2.37757858727005	-1.34122920312582	0.68653197407677
2.62000000000000	1.95322703336707	2.41852704548185	-1.40881379603393	0.67019366732709
2.63000000000000	1.97116646813506	2.43988475964690	-1.47698001132301	0.66310658109989
2.64000000000000	1.98298138765608	2.43898030603317	-1.54387939868570	0.66827398459715
2.65000000000000	1.98976258400611	2.41762217569568	-1.60780108829842	0.68810396890411
2.66000000000000	1.99226559557513	2.37830403354233	-1.66690767706662	0.72393824138742
2.67000000000000	1.99171861879601	2.32704427224347	-1.71929865451749	0.77609150022061
2.68000000000000	1.98918889235353	2.27066334305539	-1.76352386964417	0.84414021125547
2.69000000000000	1.98490716450992	2.21670425468229	-1.79790429073327	0.92653209949235
2.70000000000000	1.97964040455649	2.17230856235434	-1.82150797015042	1.02133320032109
2.71000000000000	1.97335540835607	2.14279225960340	-1.83358887055791	1.12625497278887
2.72000000000000	1.96581933324156	2.13158916121799	-1.83368152100859	1.23885649963620
2.73000000000000	1.95640564598682	2.13901131290895	-1.82179339873711	1.35662182838017
2.74000000000000	1.94455428673739	2.16282549242079	-1.79802896247189	1.47757123731348
2.75000000000000	1.92976915297330	2.19921196399421	-1.76304792003355	1.59979762657508
2.76000000000000	1.91141382358763	2.24272374307792	-1.71740418872957	1.72170583818075
2.77000000000000	1.88896580269480	2.28796912914489	-1.66187887791166	1.84197424729935
2.78000000000000	1.86232937356918	2.33028567624771	-1.59775881530223	1.95954675108893
2.79000000000000	1.83096404211186	2.36642075319598	-1.52611869501998	2.07350595205820
2.80000000000000	1.79494067306452	2.39454288119011	-1.44846758090112	2.18297497537190
2.81000000000000	1.75439688954976	2.41441668893896	-1.36616680789984	2.28688747834437
2.82000000000000	1.70972139937648	2.42689021750348	-1.28075519801683	2.38407574631107
2.83000000000000	1.66177552797881	2.43357650163692	-1.19387413560417	2.47302972858875
2.84000000000000	1.61147855462836	2.43593669006483	-1.10680562135400	2.55195355024137
2.85000000000000	1.56022625946176	2.43520586175908	-1.02095105572017	2.61886948804045
2.86000000000000	1.50936580076935	2.43131009744854	-0.93759752272618	2.67171803232038
2.87000000000000	1.46070631322659	2.42330238607296	-0.85800078886708	2.70874649249697
2.88000000000000	1.41525536373742	2.40890236020909	-0.78336086422080	2.72830658099842
2.89000000000000	1.37405632625443	2.38500066369215	-0.71465757599974	2.72897497948785
2.90000000000000	1.33789409540018	2.34826676713378	-0.65300071096475	2.71007959741348
2.91000000000000	1.30699884875984	2.29569644054836	-0.59928576017147	2.67114507286723
2.92000000000000	1.28131670574690	2.22525380622673	-0.55428506661625	2.61195031109242
2.93000000000000	1.26059335241590	2.13626474835120	-0.51877484239913	2.53277631712306
2.94000000000000	1.24414825213168	2.02970562305977	-0.49300559920565	2.43381510694237
2.95000000000000	1.23139392790944	1.90850423242635	-0.47725316642440	2.31537968817935
2.96000000000000	1.22171339728703	1.77677410655781	-0.47148702763452	2.17804867428290
2.97000000000000	1.21403052038870	1.63983489154949	-0.47545450042004	2.02261379918355
2.98000000000000	1.20743121996362	1.50329467419676	-0.48872590521204	1.84998932537355
2.99000000000000	1.20091789769156	1.37256270632884	-0.51051624460722	1.66188479674180
3.00000000000000	1.19329245967003	1.25176382347489	-0.54001776797989	1.46054010888598
3.01000000000000	1.18329236127139	1.14296204172488	-0.57627842462744	1.24884527652715
3.02000000000000	1.16980037643612	1.04704044755200	-0.61807241249110	1.03035968122304
3.03000000000000	1.15130380237181	0.96184199357034	-0.66406832124967	0.80883265630253
3.04000000000000	1.12683874006948	0.88467149651333	-0.71283467940595	0.58843535779967
3.05000000000000	1.09566096220433	0.81140581157728	-0.76306303859106	0.37332975105703
3.06000000000000	1.05688999855110	0.73758724346968	-0.81330960114623	0.16724053650784
3.07000000000000	1.00999317674699	0.65969290932096	-0.86241128011718	-0.02633516424141
3.08000000000000	0.95510471390889	0.57539300450711	-0.90947690206850	-0.20470157313157
3.09000000000000	0.89308864092168	0.48449769325492	-0.95390972536743	-0.36576925143557
3.10000000000000	0.82527378031487	0.38935155810099	-0.99539318721259	-0.50843549491212
3.11000000000000	0.75337218104165	0.29336666965366	-1.03395133708914	-0.63240420264479
3.12000000000000	0.68015800115954	0.20270800774232	-1.06975928469140	-0.73806469092148
3.13000000000000	0.60820607667145	0.12265839181234	-1.10321243829177	-0.82622117806590
3.14000000000000	0.54057595093761	0.05989114929349	-1.13452845422766	-0.89800439119127
3.15000000000000	0.47952031566237	0.01844223311656	-1.16383740311465	-0.95418737640586
3.16000000000000	0.42774283055151	0.00217411000187	-1.19121285108729	-0.99511947632330
3.17000000000000	0.38707818644196	0.01128109697452	-1.21651377455128	-1.02038578635553
3.18000000000000	0.35911235778208	0.04479436936814	-1.23938702472231	-1.02873554622322
3.19000000000000	0.34445400301535	0.09892677192767	-1.25938167084131	-1.01851829877139
3.20000000000000	0.34314032020593	0.16840721701952	-1.27620340162492	-0.98733036380661
3.21000000000000	0.35474636699033	0.24727345945492	-1.28977837740696	-0.93272323763269
3.22000000000000	0.37765590443521	0.32885450822728	-1.30015536044363	-0.85282581186737
3.23000000000000	0.40995421766256	0.40749271202318	-1.30774838028387	-0.74631081128134
3.24000000000000	0.44961405258934	0.47869169409160	-1.31310296507691	-0.61327454544665
3.25000000000000	0.49414444149979	0.53859464389320	-1.31689066927934	-0.45495706667934
3.26000000000000	0.54175518600334	0.58522789846833	-1.32020797091067	-0.27330940968762
3.27000000000000	0.59042161501849	0.61725018922883	-1.32375534902644	-0.07164051272508
3.28000000000000	0.63870193549061	0.63464536599104	-1.32842099378623	0.14668889450012
3.29000000000000	0.68561555817992	0.63813101236848	-1.33481357035683	0.37782080738044
3.30000000000000	0.73041594289794	0.62895531539869	-1.34338694529553	0.61789062903921
3.31000000000000	0.77261072355427	0.60878516318330	-1.35434918755100	0.86309203400511
3.32000000000000	0.81206180999079	0.57949861613512	-1.36755357728973	1.10934411181313
3.33000000000000	0.84864308863474	0.54284965255520	-1.38254004054738	1.35251424342424
3.34000000000000	0.88254765613413	0.50081761008605	-1.39849863451505	1.58820458464966
3.35000000000000	0.91400669647708	0.45511214163241	-1.41448765353964	1.81213830144758
3.36000000000000	0.94380541787218	0.40803405715827	-1.42939717997715	2.02043445482286
3.37000000000000	0.97274470584354	0.36262682655483	-1.44181367241022	2.20965469309177
3.38000000000000	1.00166083822073	0.32218490433884	-1.45057141489914	2.37773866790026
3.39000000000000	1.03140772411521	0.29040066433650	-1.45460195578964	2.52414663320183
3.40000000000000	1.06262047521956	0.27123073051907	-1.45300215169381	2.64984721714229
3.41000000000000	1.09522944839713	0.26760591634803	-1.44494139560210	2.75705019083052
3.42000000000000	1.12935450556730	0.28265219349183	-1.42992392300109	2.84928691583665
3.43000000000000	1.16411058515232	0.31713909562003	-1.40791764257342	2.93052982467039
3.44000000000000	1.19915405658083	0.37165503177903	-1.37875201666874	3.00420294745755
3.45000000000000	1.23302559157367	0.44380092493955	-1.34273452380485	3.07326708039711
3.46000000000000	1.26473747909953	0.53077476651882	-1.30042839271317	3.13909017852584
3.47000000000000	1.29267382089475	0.62698408622846	-1.25263307866130	3.20105737949312
3.48000000000000	1.31555186782447	0.72695119927670	-1.20027633090087	3.25665040507869
3.49000000000000	1.33172808783470	0.82371224985538	-1.14434004355946	3.30094217935153
3.50000000000000	1.34003779881862	0.91126961624820	-1.08595615709832	3.32756142721980
3.51000000000000	1.33963964336750	0.98431769629371	-1.02622814406778	3.32927189941716
3.52000000000000	1.32992726354360	1.03852364352139	-0.96627371201073	3.29861009860170
3.53000000000000	1.31097704051768	1.07219104012181	-0.90730661213768	3.22908235029719
3.54000000000000	1.28328619882079	1.08441286755644	-0.85032296753027	3.11574287759866
3.55000000000000	1.24774279825710	1.07603581338352	-0.79654749881126	2.95612985930789
3.56000000000000	1.20587248774295	1.05030649181115	-0.74708364883709	2.75022266540696
3.57000000000000	1.15933583191228	1.01045632357820	-0.70297639254568	2.50098382813597
3.58000000000000	1.10986946903491	0.96125220594965	-0.66513861210433	2.21364701884054
3.59000000000000	1.05982214005225	0.90752264355667	-0.63434660720839	1.89546459026819
3.60000000000000	1.01135779617279	0.85406371346215	-0.61122224082824	1.55552378383686
3.61000000000000	0.96680384715353	0.80579857434144	-0.59620672212882	1.20367933388861
3.62000000000000	0.92829834923663	0.76633153411824	-0.58955007678106	0.85016896607604
3.63000000000000	0.89787713041958	0.73955670496635	-0.59128714062375	0.50521431437907
3.64000000000000	0.87684104998561	0.72733348518335	-0.60126043604781	0.17837208323718
3.65000000000000	0.86604753454239	0.73176982144648	-0.61931991520818	-0.12156558997122
3.66000000000000	0.86539695511822	0.75303705034973	-0.64510973040096	-0.38732155538207
3.67000000000000	0.87442108415929	0.79105056882899	-0.67817779992106	-0.61282634804594
3.68000000000000	0.89180766929175	0.84467468773871	-0.71799673436311	-0.79358859640536
3.69000000000000	0.91586209318022	0.91190292257435	-0.76405024600729	-0.92692135262121
3.70000000000000	0.94456536249399	0.98969733947998	-0.81565230438512	-1.01152112457336
3.71000000000000	0.97589172049787	1.07388528758235	-0.87195173850337	-1.04789032200762
3.72000000000000	1.00796872574048	1.15950211850790	-0.93202809155709	-1.03832293742834
3.73000000000000	1.03825663089715	1.24051962723512	-0.99476451720594	-0.98650239112198
3.74000000000000	1.06493564885894	1.31068413578391	-1.05895293688883	-0.89769628659212
3.75000000000000	1.08619501774234	1.36387756055021	-1.12319835579534	-0.77852387223793
3.76000000000000	1.10051712438583	1.39489627686741	-1.18617142585958	-0.63658559978356
3.77000000000000	1.10653228868466	1.39986692925547	-1.24645833871027	-0.48014309477732
3.78000000000000	1.10352524293785	1.37729844968680	-1.30302744192178	-0.31730095048034
3.79000000000000	1.09103432264555	1.32736367220688	-1.35483636754314	-0.15600504178257
3.80000000000000	1.06910273747986	1.25294650487859	-1.40119651533699	-0.00303912088500
3.81000000000000	1.03816009875538	1.15869022042222	-1.44167645931992	0.13623733677779
3.82000000000000	0.99903920187780	1.05028513104481	-1.47608259757793	0.25826906483222
3.83000000000000	0.95261309889928	0.93463709427843	-1.50437544007758	0.36139153336110
3.84000000000000	0.90023716587720	0.81680968634411	-1.52672472910825	0.44582291639048
3.85000000000000	0.84385883654268	0.70209026579024	-1.54331893918084	0.51348655861325
3.86000000000000	0.78549506582277	0.59355143811215	-1.55444512008489	0.56754525594504
3.87000000000000	0.72686037518982	0.49155410167165	-1.56046155892977	0.61208122364113
3.88000000000000	0.66993903783535	0.39591443222795	-1.56173303542399	0.65142695867602
3.89000000000000	0.61649569164022	0.30484467361336	-1.55861293829001	0.68967175967774
3.90000000000000	0.56803707705605	0.21641226896029	-1.55141635427810	0.73025139465997
3.91000000000000	0.52586022275080	0.12954407780032	-1.54054981713707	0.77565718504981
3.92000000000000	0.49029796968560	0.04272331753106	-1.52631591175442	0.82733936401647
3.93000000000000	0.46203996707385	-0.04326104794762	-1.50893209281076	0.88573676089987
3.94000000000000	0.44064164620770	-0.12831696755300	-1.48857770159441	0.95027468290020
3.95000000000000	0.42527430916994	-0.21002373827317	-1.46556474213690	1.01994936742786
3.96000000000000	0.41438057517764	-0.28683459497253	-1.44006507516629	1.09331648811810
3.97000000000000	0.40674313409791	-0.35557203354395	-1.41229360308991	1.16859200451967
3.98000000000000	0.40050576978260	-0.41425188094405	-1.38250190385346	1.24409957096358
3.99000000000000	0.39416830204419	-0.46056093788498	-1.35105088280699	1.31802467043095
4.00000000000000	0.38649469701970	-0.49301234740869	-1.31826682055416	1.38867236262479
4.01000000000000	0.37681133931312	-0.51067459175903	-1.28442326893502	1.45426346905531
4.02000000000000	0.36483646236769	-0.51292914939521	-1.24979128846129	1.51290649790178
4.03000000000000	0.35065267261532	-0.49957645734454	-1.21459340409856	1.56275610518623
4.04000000000000	0.33475315370258	-0.47052499222123	-1.17894484449063	1.60182523329976
4.05000000000000	0.31792052610561	-0.42559258740685	-1.14280509530242	1.62817149877678
4.06000000000000	0.30104968501608	-0.36503420485045	-1.10605964405863	1.64020264015055
4.07000000000000	0.28485371241785	-0.28882174333246	-1.06862831371944	1.63681079201065
4.08000000000000	0.27002824500989	-0.19714626380694	-1.03039265344435	1.61773836484240
4.09000000000000	0.25710045189970	-0.09028180307249	-0.99129351053621	1.58384560764128
4.10000000000000	0.24628223198285	0.03158398397120	-0.95137446418497	1.53699110701061
4.11000000000000	0.23752302823789	0.16778796677349	-0.91069741314606	1.48030953154608
4.12000000000000	0.23042582040283	0.31712167759637	-0.86954659954337	1.41817260410302
4.13000000000000	0.22473785335231	0.47764680423128	-0.82823489629362	1.35570484798955
4.14000000000000	0.22014235330844	0.64611173668078	-0.78721188026422	1.29869138966524
4.15000000000000	0.21645955866834	0.81806095573804	-0.74704038310001	1.25306377078351
4.16000000000000	0.21368750078079	0.98791927782867	-0.70841289961312	1.22451198894325
4.17000000000000	0.21201232006059	1.14933617789086	-0.67212758269234	1.21778609403213
4.18000000000000	0.21184937357968	1.29602176445227	-0.63912665227529	1.23633796998555
4.19000000000000	0.21328192527278	1.42194442234061	-0.61036843288574	1.28194517420489
4.20000000000000	0.21671157419929	1.52269287973041	-0.58671291029454	1.35393413637312
4.21000000000000	0.22245175972390	1.59571295054134	-0.56895726661988	1.44928519590381
4.22000000000000	0.23053918148934	1.64065777237038	-0.55779149921702	1.56288669749810
4.23000000000000	0.24114063519505	1.65959910889101	-0.55355620772126	1.68754981741786
4.24000000000000	0.25448830782672	1.65675514469224	-0.55645680336503	1.81492075789306
4.25000000000000	0.27103055378479	1.63824964494909	-0.56654859109198	1.93623219159463
4.26000000000000	0.29099375212879	1.61111790834199	-0.58375950574922	2.04322144209634
4.27000000000000	0.31521111266041	1.58287038766750	-0.60771883046794	2.12851932140672
4.28000000000000	0.34398867660678	1.56019065224143	-0.63797949664533	2.18622843419430
4.29000000000000	0.37803545790109	1.54898071155991	-0.67400484471641	2.21245639081294
4.30000000000000	0.41731488502389	1.55285111481980	-0.71516536386801	2.20522382990211
4.31000000000000	0.46168363337328	1.57366813218403	-0.76059977794664	2.16405334935555
4.32000000000000	0.51053845646466	1.61101312350342	-0.80950234934218	2.09046033060057
4.33000000000000	0.56288608892946	1.66245840326793	-0.86095577732875	1.98718193285653
4.34000000000000	0.61755197556812	1.72449554617210	-0.91408695701553	1.85787042175243
4.35000000000000	0.67334227643198	1.79258253453544	-0.96797106197243	1.70694902844356
4.36000000000000	0.72896843808401	1.86189877017789	-1.02166336844756	1.53919089974171
4.37000000000000	0.78355378724161	1.92863103172065	-1.07420274991316	1.35948298418656
4.38000000000000	0.83601242015784	1.98898726651045	-1.12447877342626	1.17254716837986
4.39000000000000	0.88627339094685	2.04120156925628	-1.17148445103807	0.98284487062896
4.40000000000000	0.93386810242901	2.08386553091773	-1.21406902515521	0.79415975300210
4.41000000000000	0.97845549027756	2.11637297263109	-1.25108734052199	0.60947930065721
4.42000000000000	1.01987694041771	2.13899193986608	-1.28138929900929	0.43082102855237
4.43000000000000	1.05739474300591	2.15094643806122	-1.30395195905165	0.25914058760530
4.44000000000000	1.09068754801762	2.15264246792877	-1.31789251273983	0.09439740689337
4.45000000000000	1.11866218897677	2.14191590909231	-1.32254170219928	-0.06435388840339
4.46000000000000	1.14093606789900	2.11794396494438	-1.31757546300855	-0.21867555480749
4.47000000000000	1.15669677674106	2.07807435702506	-1.30309342110164	-0.37028104530985
4.48000000000000	1.16589818921589	2.02029151422373	-1.27954494878240	-0.52070861545386
4.49000000000000	1.16885357705318	1.94310187560730	-1.24787425622901	-0.67079649711132
4.50000000000000	1.16619309265131	1.84570804227684	-1.20942346692462	-0.82036046594492
4.51000000000000	1.15907630666224	1.72875424933735	-1.16589464313948	-0.96778428932747
4.52000000000000	1.14885972892830	1.59440449320804	-1.11924694117029	-1.11010847232840
4.53000000000000	1.13688515891547	1.44572647294187	-1.07149856536234	-1.24284869973761
4.54000000000000	1.12501111592085	1.28810976549639	-1.02473468709855	-1.36030177065501
4.55000000000000	1.11429642507882	1.12659923715309	-0.98079869284860	-1.45608842203478
4.56000000000000	1.10605053376066	0.96758130407063	-0.94130598212292	-1.52336226006300
4.57000000000000	1.10085156227950	0.81598213565395	-0.90757267004007	-1.55551602793898
4.58000000000000	1.09942737871207	0.67614215098855	-0.88042381393988	-1.54703257821624
4.59000000000000	1.10158278544979	0.55072223068621	-0.86039295507387	-1.49351910449256
4.60000000000000	1.10696665770424	0.44057449815893	-0.84757563704249	-1.39273972976961
4.61000000000000	1.11501598614903	0.34507969373323	-0.84172975815858	-1.24467440345558
4.62000000000000	1.12489482829694	0.26219317949154	-0.84235010029980	-1.05125420704346
4.63000000000000	1.13594904829143	0.18904508567049	-0.84853218315407	-0.81718042290882
4.64000000000000	1.14748306397398	0.12296114464834	-0.85921874856624	-0.54908692442840
4.65000000000000	1.15891987878442	0.06153532093680	-0.87298476631904	-0.25510828891952
4.66000000000000	1.16954943207612	0.00282754502947	-0.88838262991967	0.05525381698631
4.67000000000000	1.17876355312804	-0.05376375184196	-0.90361080272505	0.37209946396998
4.68000000000000	1.18579279363464	-0.10889901847273	-0.91683019710387	0.68583459811248
4.69000000000000	1.18978740867574	-0.16194868509994	-0.92630010033935	0.98795203976718
4.70000000000000	1.18977813927879	-0.21227530070390	-0.93041794334647	1.27183349256096
4.71000000000000	1.18472145891717	-0.25941803630701	-0.92786911896098	1.53289089556906
4.72000000000000	1.17394785305465	-0.30232103724105	-0.91778664470398	1.76918221695866
4.73000000000000	1.15676986838626	-0.34088650015412	-0.89971241434603	1.98094334222320
4.74000000000000	1.13322356400925	-0.37371180047744	-0.87386398000133	2.17012485666956
4.75000000000000	1.10345561426512	-0.40106841534720	-0.84075384583120	2.33993222001826
4.76000000000000	1.06855516782570	-0.42192248418126	-0.80140078518533	2.49393542214462
4.77000000000000	1.02933100699641	-0.43680339366661	-0.75721275828966	2.63548109746221
4.78000000000000	0.98730705373143	-0.44543063213912	-0.70985039926293	2.76727519787743
4.79000000000000	0.94368538650101	-0.44866125389944	-0.66112166314215	2.89083324618483
4.80000000000000	0.89968907710812	-0.44751352543625	-0.61290023705419	3.00653446448476
4.81000000000000	0.85641183934377	-0.44317342490092	-0.56709065789955	3.11379799593232
4.82000000000000	0.81481904032651	-0.43659141587973	-0.52559632532110	3.21120521569737
4.83000000000000	0.77567826120500	-0.42880379609679	-0.49007995335896	3.29655910375873
4.84000000000000	0.74008512872089	-0.41924997409223	-0.46213232396796	3.36755938532110
4.85000000000000	0.70842967037431	-0.40857868009616	-0.44302417032605	3.42146299341548
4.86000000000000	0.68195695268224	-0.39492228683496	-0.43405589443581	3.45559224837235
4.87000000000000	0.66096168950294	-0.37824656581634	-0.43595463940852	3.46707067743821
4.88000000000000	0.64618822148973	-0.35704090420393	-0.44919495410441	3.45283125020229
4.89000000000000	0.63758075247420	-0.33128934361085	-0.47399716464933	3.40977809365426
4.90000000000000	0.63510751050653	-0.30087519793411	-0.51027975047948	3.33512214319132
4.91000000000000	0.63834417276907	-0.26644714100687	-0.55754728380103	3.22619791955711
4.92000000000000	0.64662715119484	-0.22935107539682	-0.61509056127030	3.08089631230036
4.93000000000000	0.65935173787938	-0.19070517520976	-0.68183054277849	2.89820175857486
4.94000000000000	0.67555366898181	-0.15218432553890	-0.75656702991437	2.67802039418720
4.95000000000000	0.69455290138738	-0.11424988180949	-0.83758251111983	2.42159852152632
4.96000000000000	0.71556528123611	-0.07734288612529	-0.92322325337089	2.13200135139691
4.97000000000000	0.73791876828679	-0.04061853214302	-1.01140098660492	1.81351273708983
4.98000000000000	0.76095273986385	-0.00272708349954	-1.09994732002486	1.47204719991415
4.99000000000000	0.78434379794208	0.03826556146537	-1.18675866533250	1.11509034859739
5.00000000000000	0.80788355188998	0.08429086130505	-1.26977483841398	0.75129868249576
5.01000000000000	0.83168462497793	0.13725635168374	-1.34714835759966	0.38993219523395
5.02000000000000	0.85554799073328	0.19836656898033	-1.41717858254620	0.04044444762987
5.03000000000000	0.88005141702968	0.26764719665117	-1.47848688735747	-0.28795072906951
5.04000000000000	0.90501176830543	0.34443323221993	-1.52994460530963	-0.58737155002592
5.05000000000000	0.93008497128588	0.42650939489344	-1.57074069770713	-0.85126572141250
5.06000000000000	0.95475970544219	0.51139635461390	-1.60025232130489	-1.07475621950476
5.07000000000000	0.97804098911489	0.59546613168307	-1.61824953676848	-1.25515365829948
5.08000000000000	0.99912822962564	0.67583839619330	-1.62479643777406	-1.39134724161794
5.09000000000000	1.01662277859142	0.74934912857108	-1.62029124435599	-1.48387070058999
5.10000000000000	1.02916989671642	0.81408360984030	-1.60530806974418	-1.53471378878363
5.11000000000000	1.03566064965067	0.86894568431857	-1.58084836422807	-1.54660961766474
5.12000000000000	1.03504217104392	0.91392263134773	-1.54808469802757	-1.52293654157279
5.13000000000000	1.02645932371926	0.94976915468581	-1.50826122551563	-1.46725448814130
5.14000000000000	1.00932401133028	0.97782708170481	-1.46268991716143	-1.38318936461774
5.15000000000000	0.98296165566534	0.99929773529566	-1.41289858828686	-1.27404005064853
5.16000000000000	0.94817819656580	1.01646343081409	-1.36034986667657	-1.14294392924267
5.17000000000000	0.90532436073017	1.02988707627879	-1.30625929817543	-0.99316584425944
5.18000000000000	0.85573168011376	1.04138147429563	-1.25201105951000	-0.82789987955124
5.19000000000000	0.80085902857690	1.05140669652855	-1.19841698677395	-0.65075009295986
5.20000000000000	0.74261880953166	1.06094675035930	-1.14636969999170	-0.46550311269444
5.21000000000000	0.68284248958700	1.07082133005056	-1.09642467574889	-0.27607301724017
5.22000000000000	0.62308790615633	1.08178971429784	-1.04887912467748	-0.08615918140839
5.23000000000000	0.56512751519902	1.09544759323496	-1.00398314445301	0.10123260590830
5.24000000000000	0.50956230708255	1.11302838469474	-0.96189049469573	0.28407291006152
5.25000000000000	0.45754553523095	1.13655669574671	-0.92271301299985	0.46162522205351
5.26000000000000	0.40933047959877	1.16693776783100	-0.88649482909194	0.63439320003688
5.27000000000000	0.36516783549965	1.20549315270079	-0.85331195947267	0.80375871928531
5.28000000000000	0.32473406179884	1.25196669112885	-0.82315408569367	0.97177716241642
5.29000000000000	0.28766485765627	1.30543949976621	-0.79599080890009	1.14042129257617
5.30000000000000	0.25341739388786	1.36348380878615	-0.77164818107114	1.31085783950102
5.31000000000000	0.22146128453950	1.42286970813692	-0.74995165577199	1.48324123543956
5.32000000000000	0.19139086034011	1.47955091801197	-0.73078541192617	1.65656192326852
5.33000000000000	0.16248207450993	1.52898919726830	-0.71387694408338	1.82821954393561
5.34000000000000	0.13448124748080	1.56649169216189	-0.69912443311059	1.99467078260461
5.35000000000000	0.10723352586469	1.58815494244350	-0.68644588507523	2.15157904526668
5.36000000000000	0.08051212795192	1.59069897185089	-0.67579237993990	2.29445124585007
5.37000000000000	0.05425857892770	1.57212984383419	-0.66708585533083	2.41894840313944
5.38000000000000	0.02866696713159	1.53154934400450	-0.66017049506292	2.52121124106611
5.39000000000000	0.00388554345041	1.46975257651208	-0.65483077505216	2.59850017724370
5.40000000000000	-0.01986942566742	1.38873100616161	-0.65076971728338	2.64896700330036
5.41000000000000	-0.04202183497729	1.29164169203240	-0.64762094028276	2.67181558216075
5.42000000000000	-0.06165368264369	1.18249555488247	-0.64508856814873	2.66763200493220
5.43000000000000	-0.07812597247429	1.06558212880195	-0.64269394252480	2.63750252352660
5.44000000000000	-0.09062722116680	0.94550085487085	-0.64028745573928	2.58347267786279
5.45000000000000	-0.09847158297896	0.82609911872099	-0.63772862288340	2.50834619116723
5.46000000000000	-0.10083068137677	0.71090610027010	-0.63501107868824	2.41525854081219
5.47000000000000	-0.09737930722778	0.60199264930313	-0.63222392337046	2.30776720459174
5.48000000000000	-0.08841779982747	0.50045617148223	-0.62947892221819	2.18991707695803
5.49000000000000	-0.07416066711438	0.40659069344613	-0.62691660176211	2.06590044931422
5.50000000000000	-0.05497013904544	0.31956465667864	-0.62466474306315	1.94013150731837
5.51000000000000	-0.03181065400087	0.23804926969445	-0.62277842188839	1.81706323361783
5.52000000000000	-0.00561227268060	0.16063168387043	-0.62109635272962	1.70082599962743
5.53000000000000	0.02268536095692	0.08568103423951	-0.61933079168503	1.59508028898315
5.54000000000000	0.05213219882884	0.01225800379118	-0.61726925821373	1.50286942463771
5.55000000000000	0.08180443150443	-0.06033551556531	-0.61458538796136	1.42636861227719
5.56000000000000	0.11069083238111	-0.13235341355215	-0.61090277734312	1.36667767629664
5.57000000000000	0.13780855648658	-0.20364649847376	-0.60602814683987	1.32369782565164
5.58000000000000	0.16202546216982	-0.27402769895544	-0.59997112636745	1.29632111258121
5.59000000000000	0.18216818198357	-0.34326559186082	-0.59293874433881	1.28247805661032
5.60000000000000	0.19708486486460	-0.41118838345637	-0.58530011123644	1.27884824310588
5.61000000000000	0.20572725802496	-0.47783034574146	-0.57766457702022	1.28141732657471
5.62000000000000	0.20749361291779	-0.54365843735757	-0.57074400689070	1.28548300625734
5.63000000000000	0.20208796321559	-0.60885737573868	-0.56526686977333	1.28575851987493
5.64000000000000	0.18961417000928	-0.67378453705754	-0.56179471797588	1.27679316828007
5.65000000000000	0.17093145830632	-0.73767526934969	-0.56081968618179	1.25349564121135
5.66000000000000	0.14661632214018	-0.80059090774331	-0.56263116679623	1.21160023165508
5.67000000000000	0.11830200514498	-0.86057827634100	-0.56735875127962	1.14822780459024
5.68000000000000	0.08739919211707	-0.91685199721160	-0.57499784577750	1.06206097194143
5.69000000000000	0.05589345865652	-0.96690138492029	-0.58544163571263	0.95415872293700
5.70000000000000	0.02530768462866	-1.00923649992571	-0.59848851102159	0.82737012964366
5.71000000000000	-0.00271468080073	-1.04206913454363	-0.61381925945013	0.68618148941818
5.72000000000000	-0.02700698244619	-1.06432319883236	-0.63100063138655	0.53649723115636
5.73000000000000	-0.04697001021278	-1.07571408878423	-0.64952365591257	0.38483504155940
5.74000000000000	-0.06219492601875	-1.07594896551011	-0.66875016995001	0.23770277354519
5.75000000000000	-0.07333166361610	-1.06658248871680	-0.68795664328667	0.10101722389757
5.76000000000000	-0.08066890693183	-1.04840781003768	-0.70634739803911	-0.02052832959061
5.77000000000000	-0.08547064566765	-1.02422730337898	-0.72306228397954	-0.12370116819507
5.78000000000000	-0.08861934718030	-0.99556218786463	-0.73725148878763	-0.20723525824908
5.79000000000000	-0.09126118042811	-0.96440902677535	-0.74808782518780	-0.27152266252101
5.80000000000000	-0.09436392409745	-0.93255061357650	-0.75490947593681	-0.31828108454251
5.81000000000000	-0.09884248557650	-0.90103374310883	-0.75724702092978	-0.35066785073318
5.82000000000000	-0.10522135951428	-0.86984867486499	-0.75478489836468	-0.37254278496090
5.83000000000000	-0.11397831119395	-0.83886592745677	-0.74749279656888	-0.38798235724063
5.84000000000000	-0.12520057264414	-0.80689442029489	-0.73558279041186	-0.40137512300300
5.85000000000000	-0.13891059341571	-0.77306628994393	-0.71936267543275	-0.41663463138172
5.86000000000000	-0.15476991178492	-0.73580057368784	-0.69925891139974	-0.43720984140790
5.87000000000000	-0.17235690053871	-0.69429204949547	-0.67576816098203	-0.46558341045387
5.88000000000000	-0.19077397120737	-0.64733980222058	-0.64953050775604	-0.50294673509352
5.89000000000000	-0.20913458072489	-0.59480082375437	-0.62110186668014	-0.54920628778700
5.90000000000000	-0.22644441383438	-0.53634788005459	-0.59101927737350	-0.60272968552009
5.91000000000000	-0.24173711798293	-0.47228273785665	-0.55983537454723	-0.66038046205160
5.92000000000000	-0.25404225483072	-0.40318050221828	-0.52812780393413	-0.71769285547219
5.93000000000000	-0.26243003331115	-0.32937178528417	-0.49648454560359	-0.76895090044363
5.94000000000000	-0.26630444252018	-0.25146638486288	-0.46544410432737	-0.80791644279785
5.95000000000000	-0.26515515368229	-0.16962803069242	-0.43559534128415	-0.82793871600650
5.96000000000000	-0.25877643509405	-0.08438788421165	-0.40749425883475	-0.82257150857732
5.97000000000000	-0.24700017464261	0.00438220553437	-0.38162253940839	-0.78628547410299
5.98000000000000	-0.23028995582966	0.09587828434298	-0.35847377572877	-0.71447427004405
5.99000000000000	-0.20940273324777	0.18988209512907	-0.33830108003190	-0.60425705675231
6.00000000000000	-0.18547121387839	0.28510970234320	-0.32142850143926	-0.45453651757895
6.01000000000000	-0.15978239962806	0.38052151723415	-0.30807865209473	-0.26594516344231
6.02000000000000	-0.13380285013384	0.47467083192327	-0.29844320903747	-0.04128478278700
6.03000000000000	-0.10904203649912	0.56608837276610	-0.29266908954404	0.21461716756700
6.04000000000000	-0.08666285030292	0.65365619952676	-0.29070470008761	0.49514775807023
6.05000000000000	-0.06791254293466	0.73591424234388	-0.29244057760809	0.79185490243964
6.06000000000000	-0.05332107420115	0.81299957590091	-0.29750296358731	1.09511939620792
6.07000000000000	-0.04347601690297	0.88446570381733	-0.30535616216147	1.39484231048009
6.08000000000000	-0.03849181631172	0.95079651616071	-0.31532636483980	1.68112089346104
6.09000000000000	-0.03825410083559	1.01317834541848	-0.32651594860049	1.94516454186262
6.10000000000000	-0.04252280960728	1.07273197595857	-0.33806271022136	2.18000772610559
6.11000000000000	-0.05066248328821	1.13050933392824	-0.34913445188921	2.38126096945124
6.12000000000000	-0.06221419037410	1.18744134468893	-0.35889057573256	2.54706737950898
6.13000000000000	-0.07669668685023	1.24380209610836	-0.36666917318962	2.67790844846616
6.14000000000000	-0.09323640769349	1.30025588722450	-0.37191098097103	2.77666298144091
6.15000000000000	-0.11124097773855	1.35624079768309	-0.37433748464853	2.84758035056362
6.16000000000000	-0.12976509248721	1.41231288956497	-0.37382059616589	2.89555056693303
6.17000000000000	-0.14807383362083	1.46761125787266	-0.37047724551472	2.92569188589782
6.18000000000000	-0.16521942073617	1.52285076241012	-0.36474748691758	2.94242160201488
6.19000000000000	-0.18012607805073	1.57704170485981	-0.35722314740287	2.94905502138126
6.20000000000000	-0.19194140197352	1.63024798055766	-0.34861613315678	2.94756073665312
6.21000000000000	-0.19998139472080	1.68136869437533	-0.33972606901361	2.93847015669436
6.22000000000000	-0.20355280537659	1.72930708791741	-0.33138373130609	2.92109308811922
6.23000000000000	-0.20211905680205	1.77281283011010	-0.32437023994937	2.89385389132159
6.24000000000000	-0.19583011640066	1.81019123823127	-0.31932562226275	2.85456864466255
6.25000000000000	-0.18488458465424	1.84018831054022	-0.31682576913375	2.80083946639603
6.26000000000000	-0.16987436712371	1.86140919806715	-0.31727143181157	2.73031919999475
6.27000000000000	-0.15180760665531	1.87247978729869	-0.32086434862802	2.64079291100032
6.28000000000000	-0.13156125826073	1.87321204769518	-0.32778623216503	2.53038336640643
6.29000000000000	-0.11050365175547	1.86276852131633	-0.33794344690057	2.39744268850929
6.30000000000000	-0.08979066883597	1.84101177921225	-0.35122590899015	2.24095014604687
6.31000000000000	-0.07048513989009	1.80764250625493	-0.36744899352274	2.06044572103680
6.32000000000000	-0.05358898310064	1.76213100556205	-0.38632398117815	1.85632753080869
6.33000000000000	-0.03979685891066	1.70390866505159	-0.40761036383614	1.63015975835997
6.34000000000000	-0.02953744473210	1.63195081061977	-0.43100799831471	1.38457931483153
6.35000000000000	-0.02293495638007	1.54513124607708	-0.45626853576937	1.12348983988802
6.36000000000000	-0.02007668748499	1.44276535822581	-0.48281959736061	0.85146417082377
6.37000000000000	-0.02085971429949	1.32435094651008	-0.51005250890674	0.57370044983104
6.38000000000000	-0.02476761326331	1.19053133539370	-0.53721306923933	0.29554164296899
6.39000000000000	-0.03149311645952	1.04232955100796	-0.56333661991849	0.02210853984070
6.40000000000000	-0.04047785612153	0.88224955894602	-0.58721954819184	-0.24227623604547
6.41000000000000	-0.05098969018267	0.71339465032166	-0.60771532518684	-0.49385277102496
6.42000000000000	-0.06224703588792	0.53925605766571	-0.62374584644630	-0.72957346821349
6.43000000000000	-0.07329116601299	0.36353992357239	-0.63454424168887	-0.94707667106734
6.44000000000000	-0.08333686768986	0.18981574942590	-0.63946201403014	-1.14451177666545
6.45000000000000	-0.09188887845708	0.02082914675432	-0.63819849457081	-1.32034882123103
6.46000000000000	-0.09801365108633	-0.14087344868656	-0.63092426346021	-1.47323903607705
6.47000000000000	-0.10176899209703	-0.29485038348157	-0.61795195358246	-1.60201524419842
6.48000000000000	-0.10330679061481	-0.44020669313585	-0.59985561066141	-1.70554124769007
6.49000000000000	-0.10340258423257	-0.57796434418304	-0.57735493591131	-1.78283902197936
6.50000000000000	-0.10255791865018	-0.70856310802195	-0.55137177165121	-1.83263572358268
6.51000000000000	-0.10186533426782	-0.83353207226763	-0.52290154722115	-1.85382373948831
6.52000000000000	-0.10183710901040	-0.95355686514629	-0.49310223687329	-1.84521714613457
6.53000000000000	-0.10286795995003	-1.06929767269130	-0.46324201731208	-1.80548466867192
6.54000000000000	-0.10517420944793	-1.18098376772650	-0.43457254493125	-1.73366922696235
6.55000000000000	-0.10870407966892	-1.28779742918692	-0.40825584940403	-1.62920778379344
6.56000000000000	-0.11273171837162	-1.38892585960461	-0.38567716280945	-1.49151294026405
6.57000000000000	-0.11679717123412	-1.48213901268021	-0.36780139264130	-1.32114853587419
6.58000000000000	-0.12020005142664	-1.56480044857542	-0.35548432490916	-1.11928137040575
6.59000000000000	-0.12257540664464	-1.63479928939930	-0.34907322772781	-0.88797054691368
6.60000000000000	-0.12338619182222	-1.68963757495328	-0.34877038823587	-0.63028057444098
6.61000000000000	-0.12234478681735	-1.72767103232333	-0.35432151589643	-0.35013224220331
6.62000000000000	-0.11926657659589	-1.74815981704094	-0.36508035985239	-0.05216268124065
6.63000000000000	-0.11421559946544	-1.75123345313092	-0.37995286012646	0.25803187001930
6.64000000000000	-0.10716889344067	-1.73816456107967	-0.39764036066472	0.57467488416629
6.65000000000000	-0.09801443857575	-1.71065045649183	-0.41655304778895	0.89172567998090
6.66000000000000	-0.08704386791945	-1.67166962863702	-0.43522714955542	1.20333942474888
6.67000000000000	-0.07473052696159	-1.62376121940853	-0.45169591934582	1.50365141383326
6.68000000000000	-0.06151794099354	-1.57030710937008	-0.46468785604649	1.78770712045336
6.69000000000000	-0.04805691955004	-1.51385154823983	-0.47293433522640	2.05106468469136
6.70000000000000	-0.03540663000130	-1.45733426176855	-0.47554993606202	2.28989493953343
6.71000000000000	-0.02472763598524	-1.40260521788103	-0.47199338337039	2.50072960924268
6.72000000000000	-0.01743035840682	-1.35116226703039	-0.46220432767534	2.68104640844580
6.73000000000000	-0.01477545644890	-1.30387434100765	-0.44647466532740	2.82864758848081
6.74000000000000	-0.01812625046785	-1.26082398950058	-0.42539016962826	2.94174019657064
6.75000000000000	-0.02860405030840	-1.22203162001547	-0.39979153570764	3.01944478741796
6.76000000000000	-0.04651094045041	-1.18692745440241	-0.37075309711019	3.06137831810197
6.77000000000000	-0.07160478945013	-1.15468798688361	-0.33938221274289	3.06781475976603
6.78000000000000	-0.10322182760456	-1.12496636266252	-0.30686243097407	3.04022019651500
6.79000000000000	-0.14009945880950	-1.09677163411939	-0.27435591864449	2.98070343996266
6.80000000000000	-0.18048969883867	-1.06962082440049	-0.24296208089615	2.89221285503303
6.81000000000000	-0.22247441360615	-1.04265358348656	-0.21370451823013	2.77876140618997
6.82000000000000	-0.26414575473647	-1.01471375824047	-0.18754623787570	2.64486542010562
6.83000000000000	-0.30368752255763	-0.98452272069511	-0.16540906830391	2.49547460412287
6.84000000000000	-0.33962235569629	-0.95044669707369	-0.14804752735944	2.33597965818273
6.85000000000000	-0.37086723630501	-0.91085947365447	-0.13620712077904	2.17166429497607
6.86000000000000	-0.39667137602442	-0.86420272667703	-0.13060592849648	2.00763706004387
6.87000000000000	-0.41655929684596	-0.80888099246774	-0.13187743797651	1.84876366598926
6.88000000000000	-0.43046129175048	-0.74457348272771	-0.14052446892772	1.69919839714281
6.89000000000000	-0.43813910742970	-0.67080074677091	-0.15692897997011	1.56212876668710
6.90000000000000	-0.43972518705078	-0.58847452771111	-0.18118899845176	1.43986948759178
6.91000000000000	-0.43524362973296	-0.49912985472068	-0.21330537104630	1.33364419258543
6.92000000000000	-0.42471366253039	-0.40468570346280	-0.25284115155475	1.24351217698228
6.93000000000000	-0.40835445076935	-0.30769877675637	-0.29912564692703	1.16858995967112
6.94000000000000	-0.38677226954494	-0.21150666624736	-0.35125428483327	1.10718652336594
6.95000000000000	-0.36014769770200	-0.11856369021603	-0.40806181433152	1.05680227575862
6.96000000000000	-0.32964714860732	-0.03255209485585	-0.46805107106302	1.01431356608787
6.97000000000000	-0.29583136131885	0.04471335348535	-0.52959663332772	0.97624345392774
6.98000000000000	-0.25990514214941	0.11034145895430	-0.59092627331979	0.93885176282117
6.99000000000000	-0.22242242416706	0.16391824380552	-0.65014724699992	0.89842865974292
7.00000000000000	-0.18447908180547	0.20426707294132	-0.70546913925800	0.85160457513330
7.01000000000000	-0.14642236859052	0.23244423062812	-0.75522260275795	0.79567422848143
7.02000000000000	-0.10896097659846	0.24919572130190	-0.79789319651020	0.72868254102599
7.03000000000000	-0.07247250111586	0.25627282339507	-0.83226372619932	0.64963210496852
7.04000000000000	-0.03730336440840	0.25571373444874	-0.85739742938654	0.55861671795059
7.05000000000000	-0.00391227908608	0.24920391139594	-0.87270470365045	0.45689909472328
7.06000000000000	0.02766929863673	0.23882823346947	-0.87789370027764	0.34683928213935
7.07000000000000	0.05725889451390	0.22597422208292	-0.87302762645857	0.23192944949827
7.08000000000000	0.08472021365997	0.21112274277499	-0.85856892029117	0.11651274396317
7.09000000000000	0.11042191044510	0.19582205486442	-0.83528307367951	0.00561295712923
7.10000000000000	0.13443442343115	0.17999301214798	-0.80418270935161	-0.09553371713270
7.11000000000000	0.15728740800067	0.16428974286336	-0.76650669595196	-0.18201367344476
7.12000000000000	0.17930946572780	0.14873948982410	-0.72360548013005	-0.24976368840329
7.13000000000000	0.20081454040622	0.13327721676463	-0.67683509104768	-0.29584488720575
7.14000000000000	0.22207050429014	0.11830093401495	-0.62750416741235	-0.31887607024142
7.15000000000000	0.24302743626476	0.10399190124050	-0.57673097408184	-0.31931414090855
7.16000000000000	0.26347674924713	0.09086465312456	-0.52548084810063	-0.29906038569703
7.17000000000000	0.28286246755272	0.07917073902095	-0.47450836983915	-0.26130254521397
7.18000000000000	0.30043631133251	0.06922303907141	-0.42429627637158	-0.21036555362565
7.19000000000000	0.31527505145708	0.06087294386139	-0.37500624435299	-0.15103718297216
7.20000000000000	0.32637345624288	0.05361412087195	-0.32669194477927	-0.08801293731745
7.21000000000000	0.33266627670011	0.04622322938427	-0.27935318449394	-0.02544315956347
7.22000000000000	0.33350884131319	0.03732372794249	-0.23278255324477	0.03320023062540
7.23000000000000	0.32845714607779	0.02529072208798	-0.18680896349861	0.08548552893148
7.24000000000000	0.31740420221325	0.00828803907174	-0.14145413591712	0.13030159193697
7.25000000000000	0.30087915401427	-0.01477716317678	-0.09687819814063	0.16745864492004
7.26000000000000	0.27944053123432	-0.04521488856190	-0.05340563228093	0.19756426224340
7.27000000000000	0.25436513924873	-0.08290598228882	-0.01153082079141	0.22202526244941
7.28000000000000	0.22672014184743	-0.12796119096201	0.02798116968326	0.24268550897329
7.29000000000000	0.19805662989084	-0.17927231322218	0.06423715462943	0.26161244202296
7.30000000000000	0.16950217861483	-0.23617453175218	0.09622808160470	0.28100516204244
7.31000000000000	0.14237774545693	-0.29719521770206	0.12284518635146	0.30304180282988
7.32000000000000	0.11768585443062	-0.36150839301277	0.14331919840467	0.32952506967373
7.33000000000000	0.09625696237441	-0.42837264355371	0.15675545146486	0.36229315781031
7.34000000000000	0.07859225483733	-0.49761700028884	0.16252569756483	0.40291810492916
7.35000000000000	0.06481168144909	-0.56924740673685	0.16020335669301	0.45281468178544
7.36000000000000	0.05485286992111	-0.64326090770705	0.14967898817921	0.51298003502511
7.37000000000000	0.04802644782998	-0.72024228252076	0.13117192454547	0.58402721553947
7.38000000000000	0.04355004957784	-0.79979261341933	0.10518769431428	0.66599546758123
7.39000000000000	0.04029496325487	-0.88130906528774	0.07258889453386	0.75812099997077
7.40000000000000	0.03666733154434	-0.96434269167276	0.03457508025981	0.85899090466044
7.41000000000000	0.03133356139037	-1.04738911923326	-0.00717823763605	0.96615239900440
7.42000000000000	0.02276287661160	-1.12945734607028	-0.05094113160379	1.07679100266988
7.43000000000000	0.00974805238827	-1.20915771945279	-0.09483816356978	1.18767528106902
7.44000000000000	-0.00858089125137	-1.28526502690446	-0.13688440005753	1.29525758945625
7.45000000000000	-0.03280658665891	-1.35733722602487	-0.17521080671079	1.39612777540392
7.46000000000000	-0.06270598720657	-1.42426331703407	-0.20819575271513	1.48733803127373
7.47000000000000	-0.09826219001098	-1.48647442985765	-0.23457231809498	1.56654892298424
7.48000000000000	-0.13834921575121	-1.54308553792254	-0.25349313339265	1.63227715623847
7.49000000000000	-0.18192190573583	-1.59512342884841	-0.26464726203273	1.68391904590687
7.50000000000000	-0.22742878558507	-1.64173277522932	-0.26812172815569	1.72184656802872
7.51000000000000	-0.27343430651454	-1.68283529074581	-0.26450787868728	1.74720500464606
7.52000000000000	-0.31841965060318	-1.71805188212684	-0.25484068312512	1.76166215953406
7.53000000000000	-0.36067482914218	-1.74666102089973	-0.24039636733039	1.76742743162286
7.54000000000000	-0.39869901240736	-1.76786748873900	-0.22268813959386	1.76662227277036
7.55000000000000	-0.43120057893102	-1.78058332652776	-0.20340669947626	1.76120966288882
7.56000000000000	-0.45688513643959	-1.78341075149509	-0.18426503397157	1.75287660120257
7.57000000000000	-0.47474554470630	-1.77559703620614	-0.16687267257884	1.74258125825667
7.58000000000000	-0.48390967411008	-1.75565229256342	-0.15269404900278	1.73087060494752
7.59000000000000	-0.48414477304021	-1.72335194287690	-0.14312737745125	1.71731299417389
7.60000000000000	-0.47575424674568	-1.67748887316653	-0.13925529311624	1.70159249978143
7.61000000000000	-0.45922715545966	-1.61849068275436	-0.14170602345799	1.68245745701142
7.62000000000000	-0.43566597049691	-1.54687733475139	-0.15084846320913	1.65859495102991
7.63000000000000	-0.40659573291575	-1.46362226137950	-0.16664916757112	1.62875089309655
7.64000000000000	-0.37398051613912	-1.37059013911756	-0.18867293959707	1.59178666148379
7.65000000000000	-0.33983112703163	-1.26983932281392	-0.21609846826900	1.54675067845953
7.66000000000000	-0.30625336028796	-1.16366480164865	-0.24784683944497	1.49324199662081
7.67000000000000	-0.27545812026122	-1.05472269365181	-0.28264904012058	1.43128676901694
7.68000000000000	-0.24909305936535	-0.94489406434690	-0.31907159393767	1.36122813895836
7.69000000000000	-0.22869657857105	-0.83627719202155	-0.35561422473388	1.28354426686211
7.70000000000000	-0.21555765613254	-0.72988170710604	-0.39088491571744	1.19881086799660
7.71000000000000	-0.21011673195830	-0.62633998943616	-0.42347734623279	1.10743399612739
7.72000000000000	-0.21254831678083	-0.52585123246124	-0.45218422072315	1.00935834060020
7.73000000000000	-0.22246294721680	-0.42771199977235	-0.47592686909850	0.90418822973118
7.74000000000000	-0.23924707385238	-0.33093858697810	-0.49383061073097	0.79116085372309
7.75000000000000	-0.26210239773074	-0.23446679545310	-0.50520347013816	0.66913746305207
7.76000000000000	-0.28978311602099	-0.13652582663887	-0.50953710587754	0.53694782831280
7.77000000000000	-0.32127132187504	-0.03617833862923	-0.50650314274675	0.39353945509731
7.78000000000000	-0.35531762186168	0.06844671026667	-0.49602351604740	0.23843822200507
7.79000000000000	-0.39101015287262	0.17774918426229	-0.47815489461726	0.07180336527887
7.80000000000000	-0.42686234285726	0.29255436715876	-0.45307396444116	-0.10543444920378
7.81000000000000	-0.46203386942264	0.41242146485690	-0.42128484570016	-0.29106426466871
7.82000000000000	-0.49535702541992	0.53731404718786	-0.38336557254532	-0.48213023612418
7.83000000000000	-0.52606656414411	0.66619769200709	-0.34000119193576	-0.67478498458423
7.84000000000000	-0.55341329096385	0.79805653224224	-0.29202758911804	-0.86406187550445
7.85000000000000	-0.57701629249198	0.93190987450535	-0.24069350066673	-1.04436574279655
7.86000000000000	-0.59678578219192	1.06641797382142	-0.18707629379737	-1.20972532887692
7.87000000000000	-0.61263874261249	1.20023142909639	-0.13251403271163	-1.35368054358659
7.88000000000000	-0.62525099692987	1.33197077519531	-0.07825255528082	-1.47036808446101
7.89000000000000	-0.63551246231144	1.45966181556666	-0.02570460975028	-1.55389071945247
7.90000000000000	-0.64422625793679	1.58183200793498	0.02384180483179	-1.59938276835131
7.91000000000000	-0.65259727096542	1.69606569192646	0.06920057085870	-1.60319195127716
7.92000000000000	-0.66163835195659	1.80013371946370	0.10929654482252	-1.56269847610973
7.93000000000000	-0.67236847745912	1.89182676403507	0.14321478874954	-1.47713930814020
7.94000000000000	-0.68552510224692	1.96891612823908	0.17025417540527	-1.34737188131165
7.95000000000000	-0.70140027323297	2.02958532736315	0.18995168932882	-1.17569679710870
7.96000000000000	-0.71999427461802	2.07224101154483	0.20203888930902	-0.96625554624068
7.97000000000000	-0.74090513667661	2.09683824027517	0.20659850525856	-0.72465736849988
7.98000000000000	-0.76376086079543	2.10348002267055	0.20378848821027	-0.45765574281124
7.99000000000000	-0.78746545654560	2.09394913177242	0.19431067897077	-0.17283377255938
8.00000000000000	-0.81112638339606	2.07006137721148	0.17841592069608	0.12186981684906
8.01000000000000	-0.83366662165653	2.03473587022312	0.15709019910994	0.41834991577753
8.02000000000000	-0.85387733722648	1.99101656734907	0.13111246976804	0.70912115267681
8.03000000000000	-0.87065835978337	1.94169780546376	0.10129951396895	0.98769757818398
8.04000000000000	-0.88309440449370	1.88906838968487	0.06841664928550	1.24881176977748
8.05000000000000	-0.89040722103098	1.83499540815264	0.03336252880809	1.48865887649979
8.06000000000000	-0.89232597176386	1.78001905647988	-0.00302873217852	1.70496929535823
8.07000000000000	-0.88867287894340	1.72452813530470	-0.04005689145312	1.89688344790661
8.08000000000000	-0.87981778768823	1.66745250182183	-0.07702046665498	2.06489534863492
8.09000000000000	-0.86626419654223	1.60834963933482	-0.11326349748296	2.21041211198215
8.10000000000000	-0.84912542253140	1.54555933119231	-0.14830095755503	2.33537583450752
8.11000000000000	-0.82940622195864	1.47838431173506	-0.18179743197409	2.44219870764052
8.12000000000000	-0.80856212642277	1.40568805136971	-0.21358783529198	2.53307186696382
8.13000000000000	-0.78811088252998	1.32720540950680	-0.24372531526776	2.60973425493386
8.14000000000000	-0.76957853062584	1.24288307015779	-0.27237539835769	2.67339912729588
8.15000000000000	-0.75442447484903	1.15302466019454	-0.29978544848811	2.72438814461463
8.16000000000000	-0.74375878865313	1.05856088614480	-0.32621520251691	2.76210007511582
8.17000000000000	-0.73841430243090	0.96045526531273	-0.35201960906558	2.78559753318445
8.18000000000000	-0.73884012918658	0.85979088742448	-0.37736081958116	2.79335561466420
8.19000000000000	-0.74481112931429	0.75809437941042	-0.40235555600882	2.78389485024853
8.20000000000000	-0.75555383456350	0.65669581035323	-0.42703655561023	2.75608432538017
8.21000000000000	-0.77020720180061	0.55663152381451	-0.45131058025880	2.70927682937541
8.22000000000000	-0.78733441739739	0.45919890229847	-0.47498438841111	2.64347711587343
8.23000000000000	-0.80546342434321	0.36506252351059	-0.49775164265507	2.55933791830189
8.24000000000000	-0.82291314691900	0.27491344243455	-0.51920917718156	2.45799470032682
8.25000000000000	-0.83841028194409	0.18948822381231	-0.53881687775518	2.34085950505302
8.26000000000000	-0.85105738736579	0.10837592358210	-0.55600504903218	2.20950229987990
8.27000000000000	-0.85980843482952	0.03227610918006	-0.57004941948326	2.06535995895852
8.28000000000000	-0.86461913482778	-0.04008851982789	-0.58015696729383	1.90950980206704
8.29000000000000	-0.86507961758597	-0.10818790815577	-0.58558445371629	1.74275329353037
8.30000000000000	-0.86180733697812	-0.17368211659797	-0.58555434128528	1.56564742483226
8.31000000000000	-0.85483400514477	-0.23647755837324	-0.57936701130591	1.37838868737340
8.32000000000000	-0.84470952166628	-0.29733439688403	-0.56642198295411	1.18111548519063
8.33000000000000	-0.83198107613878	-0.35670126232147	-0.54648040497972	0.97443043218691
8.34000000000000	-0.81735790943012	-0.41461769176210	-0.51950700752671	0.75918137488102
8.35000000000000	-0.80133676631499	-0.47119414966499	-0.48584315586818	0.53694709860669
8.36000000000000	-0.78448910176581	-0.52632000166290	-0.44612055490908	0.31009331226364
8.37000000000000	-0.76737026411623	-0.57877042079950	-0.40142874958737	0.08182674564615
8.38000000000000	-0.75088798640059	-0.62876969788675	-0.35304697480883	-0.14390996358268
8.39000000000000	-0.73520653859286	-0.67468020481675	-0.30250115521987	-0.36244222719871
8.40000000000000	-0.72111517519701	-0.71647137912496	-0.25137252697496	-0.56884586558813
8.41000000000000	-0.70874794892799	-0.75240962738351	-0.20124659294883	-0.75786528834317
8.42000000000000	-0.69858785327420	-0.78200288954422	-0.15353012295146	-0.92455560446274
8.43000000000000	-0.69066604794540	-0.80381211195217	-0.10942034496633	-1.06446006770302
8.44000000000000	-0.68516719706215	-0.81656130908723	-0.06983262182124	-1.17365608174065
8.45000000000000	-0.68169144941583	-0.81960147885439	-0.03535871120722	-1.24929192922186
8.46000000000000	-0.68008252376581	-0.81188300839707	-0.00631426657254	-1.28956803101597
8.47000000000000	-0.67999771253176	-0.79324278643450	0.01723151383299	-1.29364444399102
8.48000000000000	-0.68082670398296	-0.76408848127239	0.03543773478161	-1.26220127195077
8.49000000000000	-0.68204524881862	-0.72530841793898	0.04864125842089	-1.19694808176920
8.50000000000000	-0.68312307972434	-0.67875374165132	0.05727621399427	-1.10056164633864
8.51000000000000	-0.68349833541427	-0.62672764991638	0.06185247287449	-0.97704939415645
8.52000000000000	-0.68263539846704	-0.57174677513652	0.06287588457940	-0.83106714540941
8.53000000000000	-0.68009141677195	-0.51650161659434	0.06083293097963	-0.66772623070259
8.54000000000000	-0.67531239859319	-0.46361550047998	0.05604369819380	-0.49260019029603
8.55000000000000	-0.66774502141663	-0.41537869046036	0.04867905655746	-0.31112965836126
8.56000000000000	-0.65730856733343	-0.37377967128094	0.03874165166919	-0.12852063125532
8.57000000000000	-0.64346520422804	-0.33966209303006	0.02604823675456	0.05066683758671
8.58000000000000	-0.62632762141825	-0.31427747947229	0.01030174877858	0.22259974282579
8.59000000000000	-0.60559442907522	-0.29713070571775	-0.00887926155126	0.38427496667613
8.60000000000000	-0.58150431556180	-0.28836432500347	-0.03171718569334	0.53380493394731
8.61000000000000	-0.55398245245912	-0.28660772466340	-0.05839571850007	0.67033033240254
8.62000000000000	-0.52346181182268	-0.29127126925217	-0.08894119175767	0.79394544700546
8.63000000000000	-0.49025586482798	-0.30082856165609	-0.12312203782230	0.90588901125380
8.64000000000000	-0.45438833632774	-0.31441317369239	-0.16037097257624	1.00806323001710
8.65000000000000	-0.41635394536799	-0.33080723217533	-0.20011641918424	1.10291227292751
8.66000000000000	-0.37646873359810	-0.34900244620205	-0.24154755485022	1.19316060306893
8.67000000000000	-0.33495779897782	-0.36796520689384	-0.28369254532812	1.28112229531898
8.68000000000000	-0.29230148641977	-0.38726668977918	-0.32536562358904	1.36850145700704
8.69000000000000	-0.24834181440622	-0.40551400782175	-0.36544809123791	1.45616565010853
8.70000000000000	-0.20343110910688	-0.42236926976465	-0.40276516691526	1.54386640198488
8.71000000000000	-0.15748068712843	-0.43634990805530	-0.43611743985792	1.63025695861440
8.72000000000000	-0.11101215918594	-0.44671089424509	-0.46437539148723	1.71306243999169
8.73000000000000	-0.06384967926863	-0.45246332378631	-0.48650778280210	1.78930202542692
8.74000000000000	-0.01649094441982	-0.45272703169367	-0.50182061894059	1.85583995985372
8.75000000000000	0.03065090641355	-0.44689643946816	-0.50980256683672	1.90971714612259
8.76000000000000	0.07705105367936	-0.43454567460497	-0.51018341485138	1.94844844608450
8.77000000000000	0.12203785731705	-0.41618289528209	-0.50319596443628	1.97043103608055
8.78000000000000	0.16515134139742	-0.39212226278094	-0.48934761802282	1.97524675540042
8.79000000000000	0.20550442282577	-0.36401036175753	-0.46942677340422	1.96351274552421
8.80000000000000	0.24253314458609	-0.33279702060784	-0.44443288974614	1.93655994615968
8.81000000000000	0.27546534184985	-0.30059746585745	-0.41561544144818	1.89678076615953
8.82000000000000	0.30375121944660	-0.26921669884022	-0.38414703104581	1.84693151632647
8.83000000000000	0.32687952115715	-0.24029186949424	-0.35109960387844	1.78971090664231
8.84000000000000	0.34427876511706	-0.21505936286844	-0.31757036725194	1.72789882815291
8.85000000000000	0.35561021811609	-0.19455008484013	-0.28434509943233	1.66362886444399
8.86000000000000	0.36070589694026	-0.17934541124409	-0.25193156875442	1.59835349984561
8.87000000000000	0.35950100150484	-0.16990420608382	-0.22056873514628	1.53263202644773
8.88000000000000	0.35229836520734	-0.16587293527116	-0.19033368557748	1.46617904586770
8.89000000000000	0.33977181477027	-0.16731557111307	-0.16106235254063	1.39816717579222
8.90000000000000	0.32279436549604	-0.17365043359821	-0.13259879750859	1.32722047715508
8.91000000000000	0.30244347198707	-0.18475467419447	-0.10488517514730	1.25183025143703
8.92000000000000	0.27988998399662	-0.20018673595520	-0.07774639045411	1.17076127659113
8.93000000000000	0.25632754810258	-0.21981273404415	-0.05132486509117	1.08316861103902
8.94000000000000	0.23291990399331	-0.24350780044780	-0.02587599980800	0.98880511323164
8.95000000000000	0.21069779939034	-0.27108651415213	-0.00176304294232	0.88831295335017
8.96000000000000	0.19026360202863	-0.30232893795886	0.02056353140679	0.78305060424568
8.97000000000000	0.17219928574112	-0.33683257529958	0.04058320979759	0.67521109238944
8.98000000000000	0.15680700062078	-0.37403069696508	0.05784114661883	0.56745212704746
8.99000000000000	0.14403662372390	-0.41302526584589	0.07189927800271	0.46293648876341
9.00000000000000	0.13342537663696	-0.45263088582839	0.08232101322125	0.36524959422682
9.01000000000000	0.12455000337851	-0.49147848324473	0.08893287939020	0.27769182842994
9.02000000000000	0.11632650297049	-0.52834792487330	0.09188161030342	0.20333296105393
9.03000000000000	0.10784456656078	-0.56191078396523	0.09139027239578	0.14474513038430
9.04000000000000	0.09776536964782	-0.59137099302486	0.08796461867233	0.10372407105987
9.05000000000000	0.08477796045913	-0.61635952450880	0.08247196372042	0.08107525974570
9.06000000000000	0.06760271061897	-0.63707404337584	0.07600245038270	0.07624397858446
9.07000000000000	0.04484015525415	-0.65449910139511	0.07000316866683	0.08739691719034
9.08000000000000	0.01575539982099	-0.66952787731392	0.06555538431256	0.11170255470752
9.09000000000000	-0.02047990667390	-0.68427839088886	0.06410800396982	0.14473911664852
9.10000000000000	-0.06362735241926	-0.70011633476599	0.06685246257657	0.18126458592069
9.11000000000000	-0.11358563164776	-0.71895872475658	0.07464203133123	0.21531011374079
9.12000000000000	-0.16911448992073	-0.74147860989255	0.08789675665603	0.24076032342756
9.13000000000000	-0.22870501808378	-0.76810951978634	0.10674519421783	0.25164075928210
9.14000000000000	-0.29057319802521	-0.79854408416074	0.13088489865810	0.24254577468621
9.15000000000000	-0.35262816843809	-0.83154678063836	0.15958060652205	0.20952908570036
9.16000000000000	-0.41258853555788	-0.86521459898454	0.19169141310002	0.15011926797128
9.17000000000000	-0.46854958554991	-0.89746657885089	0.22583713395440	0.06360328965642
9.18000000000000	-0.51862394704284	-0.92544831030289	0.26039164474503	-0.04846802430862
9.19000000000000	-0.56171573755893	-0.94751327546030	0.29367426538726	-0.18279309850637
9.20000000000000	-0.59659729088832	-0.96111234929645	0.32386788886385	-0.33407657518631
9.21000000000000	-0.62304067466028	-0.96573178464306	0.34934705783065	-0.49570788240678
9.22000000000000	-0.64072230022561	-0.96053965441291	0.36856625024818	-0.66001028282304
9.23000000000000	-0.65003459085273	-0.94647177380292	0.38028128732345	-0.81875340344825
9.24000000000000	-0.65138987204546	-0.92444461365160	0.38359123799161	-0.96383052214073
9.25000000000000	-0.64557868556031	-0.89624952697187	0.37795913411033	-1.08756065012369
9.26000000000000	-0.63351641576689	-0.86364453496688	0.36329000956391	-1.18314879954567
9.27000000000000	-0.61630993341189	-0.82811362830640	0.33988735724265	-1.24523344192475
9.28000000000000	-0.59521042054576	-0.79122621754578	0.30852957871274	-1.26966586994025
9.29000000000000	-0.57146530662213	-0.75343757649454	0.27030222181568	-1.25393617881150
9.30000000000000	-0.54677031792616	-0.71545437440243	0.22644899378631	-1.19710083151029
9.31000000000000	-0.52251907919765	-0.67705318815602	0.17849573919777	-1.09952978860850
9.32000000000000	-0.50009791857564	-0.63785242486571	0.12800453889629	-0.96297289337779
9.33000000000000	-0.48088471074485	-0.59770358401054	0.07650049013855	-0.79050825150329
9.34000000000000	-0.46584818814275	-0.55603929713044	0.02539213092664	-0.58602003275276
9.35000000000000	-0.45555745065254	-0.51246504671030	-0.02404105309248	-0.35429264079532
9.36000000000000	-0.45017699692023	-0.46685355135197	-0.07070492371928	-0.10083934709393
9.37000000000000	-0.44919730134116	-0.41887900050561	-0.11371876192004	0.16856579983711
9.38000000000000	-0.45189994334259	-0.36908727293649	-0.15239608024831	0.44789935056866
9.39000000000000	-0.45695574767722	-0.31720663178930	-0.18625900469178	0.73104684047643
9.40000000000000	-0.46298169969476	-0.26383169752218	-0.21497887650074	1.01195499058987
9.41000000000000	-0.46832350241970	-0.20900570272007	-0.23828894586950	1.28470957781803
9.42000000000000	-0.47172604565453	-0.15330115262806	-0.25602757006579	1.54378406120867
9.43000000000000	-0.47180635507246	-0.09668967563749	-0.26806578074413	1.78392708272343
9.44000000000000	-0.46771251623353	-0.03936055471680	-0.27438267958169	2.00063483672693
9.45000000000000	-0.45891609306887	0.01865939938436	-0.27503098938880	2.19039041417186
9.46000000000000	-0.44530610842577	0.07739909649838	-0.27017013179972	2.35058418444525
9.47000000000000	-0.42711365806555	0.13661804844865	-0.26006668370616	2.47995748183686
9.48000000000000	-0.40475471675768	0.19598008129319	-0.24508595203415	2.57847499072879
9.49000000000000	-0.37894379789098	0.25481908592314	-0.22577098555918	2.64719861622509
9.50000000000000	-0.35018386424473	0.31256376917887	-0.20265213742810	2.68820583037073
9.51000000000000	-0.31948488300868	0.36766677058090	-0.17636725203267	2.70423491304085
9.52000000000000	-0.28733765178610	0.41941742687819	-0.14761914692701	2.69834147320164
9.53000000000000	-0.25471537783881	0.46626862786966	-0.11718331022034	2.67382208578994
9.54000000000000	-0.22231569118714	0.50778499386894	-0.08593214668156	2.63356151513776
9.55000000000000	-0.19104034177261	0.54325638413857	-0.05478235491172	2.58001480240955
9.56000000000000	-0.16165766380749	0.57269740286137	-0.02466182898354	2.51505087190746
9.57000000000000	-0.13475288180021	0.59679627789424	0.00348932402949	2.43958987745015
9.58000000000000	-0.11094576504325	0.61625676255484	0.02879254457344	2.35388064498411
9.59000000000000	-0.08993726490877	0.63344887132573	0.05045277655181	2.25741950875753
9.60000000000000	-0.07203312284465	0.64915105216980	0.06786388623423	2.14910249568592
9.61000000000000	-0.05629666704630	0.66609104210977	0.08060150621292	2.02748882579890
9.62000000000000	-0.04214096136019	0.68533211335831	0.08853261740012	1.89081098874531
9.63000000000000	-0.02851944578504	0.70826325072775	0.09167266460631	1.73751610475963
9.64000000000000	-0.01432162440925	0.73566843298296	0.09023535194213	1.56644754241115
9.65000000000000	0.00159689267059	0.76789102956200	0.08453995770330	1.37687556635808
9.66000000000000	0.01991649606330	0.80467735177373	0.07508204686415	1.16907542539518
9.67000000000000	0.04129201916724	0.84549729726282	0.06227154605662	0.94422722168750
9.68000000000000	0.06575550150593	0.88878583173688	0.04659982060815	0.70423345580099
9.69000000000000	0.09331920979664	0.93354737318034	0.02865278732547	0.45215567847747
9.70000000000000	0.12329511938989	0.97741257070727	0.00902727854693	0.19160681292467
9.71000000000000	0.15527126356226	1.01899185920784	-0.01167015420187	-0.07313885558668
9.72000000000000	0.18803259270049	1.05572557488464	-0.03280982588676	-0.33696866271547
9.73000000000000	0.22071441243051	1.08633073062189	-0.05380833614859	-0.59459357176700
9.74000000000000	0.25219983881518	1.10895742566530	-0.07424423184483	-0.84030684700573
9.75000000000000	0.28131267936618	1.12266943475754	-0.09375435860467	-1.06828926825739
9.76000000000000	0.30681434812881	1.12691442449984	-0.11202229094195	-1.27343333871909
9.77000000000000	0.32751933241215	1.12161431215645	-0.12886437382349	-1.45104593906838
9.78000000000000	0.34264058878445	1.10733595560594	-0.14414380573681	-1.59754644224009
9.79000000000000	0.35152069158750	1.08480933483326	-0.15769347708262	-1.71070665774364
9.80000000000000	0.35379088150138	1.05519441090011	-0.16934695104618	-1.78926646886602
9.81000000000000	0.34933883227238	1.01965098877368	-0.17894879932602	-1.83342490595802
9.82000000000000	0.33874755580337	0.97952624702548	-0.18640558657303	-1.84433938220899
9.83000000000000	0.32265372703541	0.93588089547072	-0.19158756553845	-1.82377894530030
9.84000000000000	0.30202907729740	0.88977866018227	-0.19431192647055	-1.77441153675582
9.85000000000000	0.27775304191557	0.84190456400657	-0.19456406061227	-1.69912384886075
9.86000000000000	0.25140424835123	0.79284729773593	-0.19226869729978	-1.60042656482379
9.87000000000000	0.22402867659654	0.74317326614423	-0.18749963497571	-1.48110036004664
9.88000000000000	0.19659605416124	0.69301050665936	-0.18037792714934	-1.34341260477747
9.89000000000000	0.16997121607114	0.64292130120775	-0.17109694789508	-1.18915887428319
9.90000000000000	0.14483944482598	0.59302299655836	-0.15994859973986	-1.01997142568389
9.91000000000000	0.12171152742349	0.54403483050918	-0.14722333981146	-0.83722143525136
9.92000000000000	0.10070032609144	0.49657216421833	-0.13325117680656	-0.64210760586767
9.93000000000000	0.08151797736397	0.45123338514092	-0.11840058356128	-0.43591628309642
9.94000000000000	0.06400075389752	0.40874944196765	-0.10295941174236	-0.22012559308828
9.95000000000000	0.04786511198149	0.36966179549474	-0.08726509429122	0.00356940891849
9.96000000000000	0.03215961859104	0.33438642418281	-0.07145901032656	0.23321515480220
9.97000000000000	0.01638298037996	0.30342115686400	-0.05605231651956	0.46661366238073
9.98000000000000	-0.00013820066910	0.27634271282897	-0.04115695051494	0.70132341020327
9.99000000000000	-0.01778509877634	0.25344674955064	-0.02712742164370	0.93492500962855
10.00000000000000	-0.03750292740806	0.23386882681109	-0.01436522879031	1.16517225020504
