# Waketime [ns]	 	DipolX [V/pC/mm]	  	DipolY [V/pC/mm]	 	QuadX [V/pC/mm]	 	QuadY [V/pC/mm]
0.00000000000000	0.00000000000000	0.00000000000000	0.00000000000000	0.00000000000000
0.01000000000000	17.44533092528835	22.32840257921224	-14.23107929774683	9.14039114997339
0.02000000000000	13.65637617745790	15.62097604392753	-11.00409023969080	6.31726612791770
0.03000000000000	13.26746812805971	14.57339427002415	-10.54912994778414	5.91664380557852
0.04000000000000	13.30215542435007	14.26217778820594	-10.44057444279930	5.85826826902600
0.05000000000000	13.49806045520303	14.23890177142205	-10.48798400048607	5.93074954530200
0.06000000000000	13.70324267313805	14.31852078818002	-10.57355718005599	6.05498194775806
0.07000000000000	13.78122092154995	14.31752125419044	-10.58174111438719	6.12361502013193
0.08000000000000	13.83080530694907	14.33464654413086	-10.58707260253815	6.19217115619628
0.09000000000000	13.73476435180951	14.28457711483956	-10.51907579786451	6.19901908525872
0.10000000000000	13.57617046383853	14.20981495847846	-10.42398264912679	6.18171148128496
0.11000000000000	13.33365065760759	14.09232254382833	-10.28750466358238	6.12898292244541
0.12000000000000	12.95721887033254	13.87354373420384	-10.07435679902114	6.01878081584233
0.13000000000000	12.53870886318800	13.62657608804587	-9.84283829411802	5.89570848555554
0.14000000000000	12.02316026879500	13.30363388930836	-9.56020882000833	5.74412444319860
0.15000000000000	11.46866887073606	12.94818889023741	-9.25897654726239	5.59020598675248
0.16000000000000	10.87061772601343	12.54606375016952	-8.93365664783330	5.42634945876074
0.17000000000000	10.23610808094436	12.10180904428908	-8.59005188142426	5.27124634121256
0.18000000000000	9.59316046785229	11.64052832314959	-8.24309880924778	5.12077283536579
0.19000000000000	8.94310814094413	11.15765434234989	-7.89160123009254	4.98236248417188
0.20000000000000	8.29821891872779	10.65951951676957	-7.54195752020561	4.85402964356782
0.21000000000000	7.66344161648546	10.16449768610485	-7.19793789007947	4.73564945676561
0.22000000000000	7.05690051363282	9.66398105328041	-6.86580806420139	4.63165222203242
0.23000000000000	6.46886440512554	9.17106205971049	-6.54252644839744	4.53352918717250
0.24000000000000	5.90960997494679	8.68775538494786	-6.23232037215777	4.44421571226100
0.25000000000000	5.39034661041184	8.22543865495656	-5.94190176802113	4.36429227398072
0.26000000000000	4.89114515239871	7.77354601845110	-5.66010118720556	4.28770522400593
0.27000000000000	4.44259887670717	7.34970232913339	-5.40231827374828	4.21778920405445
0.28000000000000	4.02093377018265	6.94491144078724	-5.15799117806340	4.15158540781813
0.29000000000000	3.62939741735589	6.55908863559250	-4.92723874979994	4.08767012348623
0.30000000000000	3.28118575157987	6.20251229722460	-4.71656917715654	4.02578009692835
0.31000000000000	2.95182342111090	5.85986422306251	-4.51501080904333	3.96509093793109
0.32000000000000	2.66114898459551	5.54409969166017	-4.33097422653867	3.90454030788475
0.33000000000000	2.39713079465833	5.25040096029892	-4.15978469169491	3.84536725264171
0.34000000000000	2.15111410062583	4.96891741606037	-3.99647909688854	3.78515710662874
0.35000000000000	1.94210203324469	4.71784739305346	-3.85038221386823	3.72503325938612
0.36000000000000	1.74594375489545	4.47690735898565	-3.71002248631941	3.66428880154323
0.37000000000000	1.57584152088285	4.25793495330577	-3.58165113794637	3.60316780919415
0.38000000000000	1.42398082828646	4.05322063248484	-3.46092804375877	3.54007694018588
0.39000000000000	1.28371742139221	3.85893461467827	-3.34538945962933	3.47677463713381
0.40000000000000	1.16849395906290	3.68506577457707	-3.24032202235206	3.41080460522047
0.41000000000000	1.06260892500709	3.51974346802260	-3.13927634488682	3.34443546640216
0.42000000000000	0.97095582308242	3.36683122838404	-3.04432412697119	3.27690062428889
0.43000000000000	0.89247877515315	3.22450267557886	-2.95409211395998	3.20700801649617
0.44000000000000	0.82169474899154	3.08962378805022	-2.86734042674997	3.13707979413008
0.45000000000000	0.76552856383025	2.96735479539156	-2.78610299552169	3.06538043957610
0.46000000000000	0.71619013377781	2.85097364116412	-2.70723991250733	2.99288022490020
0.47000000000000	0.67473764561425	2.74174696175017	-2.63150398993308	2.91985376338555
0.48000000000000	0.64270377166558	2.64030580295893	-2.55881956821782	2.84548272998455
0.49000000000000	0.61560555480041	2.54401149918541	-2.48816605484749	2.77139470917240
0.50000000000000	0.59583564539240	2.45355605614542	-2.41968877611916	2.69616377952255
0.51000000000000	0.58113356509278	2.36781667052935	-2.35296333642633	2.62079780915732
0.52000000000000	0.57095035063069	2.28664099940901	-2.28825483359131	2.54581071311692
0.53000000000000	0.56733881156584	2.21182606311984	-2.22600364239493	2.47085866711058
0.54000000000000	0.56549240310246	2.13842323075755	-2.16425992741880	2.39559920260853
0.55000000000000	0.56833791253631	2.07030574223930	-2.10457834257266	2.32085652004595
0.56000000000000	0.57374949509942	2.00492320302702	-2.04618550556361	2.24616812525242
0.57000000000000	0.58074043378841	1.94125895747806	-1.98845690683121	2.17148949842299
0.58000000000000	0.59146996476721	1.88257174264179	-1.93323488847792	2.09759550683799
0.59000000000000	0.60361209999133	1.82622068024504	-1.87928429133077	2.02433272673689
0.60000000000000	0.61734632917004	1.77244477785601	-1.82680093936706	1.95156008712405
0.61000000000000	0.63209002172172	1.72084937979543	-1.77542416083206	1.87899540525542
0.62000000000000	0.64736707786140	1.67040983995827	-1.72483048228938	1.80668939148825
0.63000000000000	0.66374979185226	1.62322334735284	-1.67609350246848	1.73525016985765
0.64000000000000	0.68079748131833	1.57792150875535	-1.62854429267281	1.66445036475661
0.65000000000000	0.69845867714913	1.53464950568521	-1.58221620532021	1.59433508833778
0.66000000000000	0.71667479956791	1.49436218548879	-1.53767506052970	1.52546762487674
0.67000000000000	0.73494995801788	1.45524819475114	-1.49383718476806	1.45718282088409
0.68000000000000	0.75320934972066	1.41843685037297	-1.45137649938060	1.39011421472080
0.69000000000000	0.77181827754661	1.38421040974267	-1.41024138889327	1.32448223482132
0.70000000000000	0.78994234080673	1.35066795361544	-1.36965130860287	1.25948314425503
0.71000000000000	0.80780114330050	1.32030177575348	-1.33084889324814	1.19677566844816
0.72000000000000	0.82574196044773	1.29152260570210	-1.29304332191547	1.13525458779659
0.73000000000000	0.84346024128878	1.26535042633151	-1.25686227507810	1.07586182730484
0.74000000000000	0.86088592259667	1.24172469181860	-1.22230845461687	1.01871861052593
0.75000000000000	0.87791659071446	1.21913332735425	-1.18847410873398	0.96267065144720
0.76000000000000	0.89383182021403	1.19931513008319	-1.15669779268291	0.90980863323305
0.77000000000000	0.90957945370070	1.18101134756309	-1.12591564151346	0.85843273165307
0.78000000000000	0.92443868527583	1.16406478969921	-1.09644456799860	0.80910968364738
0.79000000000000	0.93847216769609	1.14934490511450	-1.06866509489192	0.76262355318539
0.80000000000000	0.95203361717049	1.13544438949422	-1.04165130074841	0.71743108531131
0.81000000000000	0.96455977277088	1.12375352728616	-1.01656244524916	0.67560224341128
0.82000000000000	0.97680284316469	1.11361490442324	-0.99277420890021	0.63589117167080
0.83000000000000	0.98865013994347	1.10512232155818	-0.97024048230568	0.59841278393586
0.84000000000000	0.99933693323545	1.09825981170677	-0.94920691122836	0.56420048155675
0.85000000000000	1.00945570325617	1.09198838133500	-0.92874590949769	0.53135384160589
0.86000000000000	1.01869675886768	1.08745908199197	-0.90972536969040	0.50164393439712
0.87000000000000	1.02746784836382	1.08443820700528	-0.89190863026002	0.47430395775885
0.88000000000000	1.03540343497644	1.08180471571191	-0.87456893321910	0.44840367749260
0.89000000000000	1.04226268143871	1.08099659148000	-0.85879398320817	0.42589152559538
0.90000000000000	1.04890900273398	1.08118615228553	-0.84383600389601	0.40478660896497
0.91000000000000	1.05493264829811	1.08289015568982	-0.83020194759571	0.38614922743511
0.92000000000000	1.06018179595670	1.08558766271962	-0.81765304621362	0.36952686565290
0.93000000000000	1.06523404422225	1.08924011867207	-0.80585820565396	0.35416330094289
0.94000000000000	1.06926111790580	1.09421388086357	-0.79562878991259	0.34149678608996
0.95000000000000	1.07284166412474	1.09953275210592	-0.78594763607419	0.32978245141500
0.96000000000000	1.07560143696869	1.10515871209098	-0.77697353306409	0.31942520508037
0.97000000000000	1.07784824822921	1.11170262200802	-0.76915188376405	0.31090666658736
0.98000000000000	1.07964727825317	1.11833285929756	-0.76179669028163	0.30317407452848
0.99000000000000	1.08083776319633	1.12570663510617	-0.75563363659322	0.29741459029509
1.00000000000000	1.08156323317781	1.13306641096079	-0.74992491880437	0.29255292058773
1.01000000000000	1.08208431615569	1.14092253078046	-0.74497150573410	0.28888048799115
1.02000000000000	1.08214863301930	1.14911368859521	-0.74097935720201	0.28691168356905
1.03000000000000	1.08218122738085	1.15766429165472	-0.73754640169381	0.28577872433144
1.04000000000000	1.08186213094392	1.16649908389334	-0.73492355256017	0.28615553698740
1.05000000000000	1.08113902328452	1.17514613222901	-0.73271503779278	0.28745584171677
1.06000000000000	1.08023774275194	1.18391217501854	-0.73090817168275	0.28954060556069
1.07000000000000	1.07886840230402	1.19264007272657	-0.72985805097377	0.29321471886873
1.08000000000000	1.07727714403235	1.20122614542253	-0.72901631528856	0.29742193415228
1.09000000000000	1.07561325196996	1.21010658808730	-0.72888943147579	0.30290020181706
1.10000000000000	1.07349630438069	1.21862905105168	-0.72913130668949	0.30931651351448
1.11000000000000	1.07129132594421	1.22719173246875	-0.72964366205481	0.31630391701807
1.12000000000000	1.06856978246212	1.23527240224648	-0.73063548222118	0.32448714337933
1.13000000000000	1.06587146390284	1.24348610316274	-0.73200781216077	0.33325679999857
1.14000000000000	1.06296458844646	1.25147876815226	-0.73372769149045	0.34271386822404
1.15000000000000	1.05992775628991	1.25928609321928	-0.73588549811560	0.35290513980852
1.16000000000000	1.05667418651259	1.26670538361792	-0.73813742193351	0.36330491818519
1.17000000000000	1.05337983724266	1.27397319882740	-0.74086256969476	0.37435515529848
1.18000000000000	1.04999717594314	1.28095873277300	-0.74375891507757	0.38559705778392
1.19000000000000	1.04640532914329	1.28743386306000	-0.74669257361032	0.39691657171153
1.20000000000000	1.04268476425793	1.29331751602012	-0.74976437401838	0.40831886942239
1.21000000000000	1.03895507927746	1.29897195919127	-0.75290541422342	0.41973190068597
1.22000000000000	1.03531362844756	1.30430128307019	-0.75620157331013	0.43116355363265
1.23000000000000	1.03168620415344	1.30927893390768	-0.75954424882292	0.44251647780380
1.24000000000000	1.02795497076134	1.31383109547897	-0.76277065452529	0.45370596318321
1.25000000000000	1.02438245673477	1.31798189461672	-0.76598689985268	0.46465358593201
1.26000000000000	1.02086259916314	1.32195369686415	-0.76918307642946	0.47547175468272
1.27000000000000	1.01750203841632	1.32571232834270	-0.77234443909465	0.48606559807372
1.28000000000000	1.01432397491771	1.32929039283208	-0.77545273295014	0.49638035563421
1.29000000000000	1.01125582625790	1.33279594946505	-0.77851781262445	0.50653719586410
1.30000000000000	1.00825786160832	1.33577413337578	-0.78130808105034	0.51607336240511
1.31000000000000	1.00547083609355	1.33884765902492	-0.78408326177095	0.52542577213741
1.32000000000000	1.00270398037805	1.34155158954836	-0.78665451392634	0.53432559091014
1.33000000000000	1.00008298760676	1.34401574205093	-0.78902464672003	0.54267985395058
1.34000000000000	0.99741329176121	1.34618331729139	-0.79118870235826	0.55068541667633
1.35000000000000	0.99481372998583	1.34791063040141	-0.79305888755646	0.55798327378285
1.36000000000000	0.99229846407088	1.34942684125015	-0.79478651007903	0.56488747719961
1.37000000000000	0.98996640385545	1.35090110786201	-0.79646222228064	0.57147510709956
1.38000000000000	0.98768049668840	1.35187637569802	-0.79785397552864	0.57737059605378
1.39000000000000	0.98530795163491	1.35246665070439	-0.79900138572535	0.58288377572997
1.40000000000000	0.98312819793998	1.35279818351717	-0.79999260864543	0.58786229501661
1.41000000000000	0.98100723842746	1.35280590165519	-0.80079855381195	0.59241393057208
1.42000000000000	0.97901483654780	1.35273020825009	-0.80154106973396	0.59672575060536
1.43000000000000	0.97706049874680	1.35201261270281	-0.80192647813101	0.60033168646895
1.44000000000000	0.97522905351075	1.35122702109833	-0.80227275912720	0.60376249218537
1.45000000000000	0.97359902980658	1.35031651214585	-0.80252426344360	0.60687193817586
1.46000000000000	0.97186983278346	1.34880063459820	-0.80242612711554	0.60947961491075
1.47000000000000	0.97029985817594	1.34733516019180	-0.80229686575281	0.61196991910534
1.48000000000000	0.96873772057151	1.34533363412829	-0.80184217413959	0.61394736640562
1.49000000000000	0.96722811365247	1.34320856944130	-0.80127597005146	0.61576185007360
1.50000000000000	0.96570689350601	1.34074957126735	-0.80049145237138	0.61728328583241
1.51000000000000	0.96414802764286	1.33787034876875	-0.79940057047656	0.61842850215842
1.52000000000000	0.96266305436037	1.33493957002557	-0.79826858992062	0.61947341981009
1.53000000000000	0.96121631836533	1.33165996085335	-0.79688203909602	0.62014919487554
1.54000000000000	0.95984297375348	1.32824844466686	-0.79540694845273	0.62064291638516
1.55000000000000	0.95845321810473	1.32460615964756	-0.79377166639242	0.62091465014434
1.56000000000000	0.95710373573018	1.32062573863081	-0.79188456695894	0.62078433569175
1.57000000000000	0.95583441253842	1.31658775563375	-0.78995364465938	0.62052379275579
1.58000000000000	0.95463350206171	1.31229906182701	-0.78785603681555	0.61993299853880
1.59000000000000	0.95353341167312	1.30789480391763	-0.78566355498862	0.61911214237842
1.60000000000000	0.95249170017714	1.30338186508406	-0.78340666688421	0.61812703616331
1.61000000000000	0.95159445010933	1.29870558303892	-0.78100401516175	0.61677577802272
1.62000000000000	0.95079154479777	1.29403147132792	-0.77859030801594	0.61531124141447
1.63000000000000	0.95003982112853	1.28921606674219	-0.77606294928307	0.61357790067717
1.64000000000000	0.94934947250244	1.28431960693802	-0.77345800463358	0.61158840441603
1.65000000000000	0.94873082121978	1.27945161402824	-0.77083083383148	0.60948431590762
1.66000000000000	0.94813534331882	1.27449244584018	-0.76809511007490	0.60703900306744
1.67000000000000	0.94756432490890	1.26956043190901	-0.76532611352176	0.60446606180174
1.68000000000000	0.94693821264249	1.26452395374338	-0.76244794566203	0.60166096512767
1.69000000000000	0.94631468195585	1.25955405407520	-0.75951898133438	0.59864543270901
1.70000000000000	0.94557869322096	1.25443183832994	-0.75647632449342	0.59546018325649
1.71000000000000	0.94484953228609	1.24943527799685	-0.75341622525968	0.59211689928631
1.72000000000000	0.94415511487034	1.24458831567393	-0.75037646792314	0.58874938650900
1.73000000000000	0.94337696804544	1.23969085242805	-0.74726616801584	0.58527924293086
1.74000000000000	0.94249470678036	1.23482060899138	-0.74408443735287	0.58175047393745
1.75000000000000	0.94156773983974	1.22996044897916	-0.74085829445429	0.57820954319232
1.76000000000000	0.94062785678589	1.22522691677540	-0.73764488463281	0.57473381965041
1.77000000000000	0.93964273283249	1.22052232105866	-0.73441469825652	0.57132723824933
1.78000000000000	0.93858881733234	1.21576415621032	-0.73114025816042	0.56793482143187
1.79000000000000	0.93759272700568	1.21122103832552	-0.72795644036490	0.56477308240346
1.80000000000000	0.93657086698446	1.20667041041264	-0.72476851410274	0.56166801779245
1.81000000000000	0.93561581687142	1.20227196432128	-0.72166959081744	0.55874071831923
1.82000000000000	0.93471822725457	1.19800643471191	-0.71863351035824	0.55597339727266
1.83000000000000	0.93386955258458	1.19384361976531	-0.71567207702362	0.55331734500765
1.84000000000000	0.93304795174625	1.18975821038516	-0.71275789190130	0.55080569147689
1.85000000000000	0.93231971306833	1.18583535303772	-0.70992978037890	0.54839628285766
1.86000000000000	0.93165122162773	1.18203590923209	-0.70719223667101	0.54610123807650
1.87000000000000	0.93102302232294	1.17832989371323	-0.70450875963932	0.54387600925230
1.88000000000000	0.93041578761864	1.17468007366370	-0.70186678491849	0.54169008285426
1.89000000000000	0.92984279485602	1.17113717319576	-0.69930028089178	0.53955605177696
1.90000000000000	0.92930602136266	1.16769769155886	-0.69680954736511	0.53746442166063
1.91000000000000	0.92883496668188	1.16440176781819	-0.69442360500805	0.53543690849889
1.92000000000000	0.92834738533345	1.16114481223713	-0.69210725022878	0.53340931623951
1.93000000000000	0.92796508546780	1.15808451947312	-0.68992841425406	0.53146109236833
1.94000000000000	0.92755544092260	1.15504098434905	-0.68783259449958	0.52950344916362
1.95000000000000	0.92716851775500	1.15209036035269	-0.68585528187815	0.52757411627504
1.96000000000000	0.92674774114901	1.14912617305587	-0.68389913358453	0.52562338775516
1.97000000000000	0.92627695522526	1.14614140618422	-0.68205604326298	0.52363797607355
1.98000000000000	0.92583751592571	1.14322545211783	-0.68031446784496	0.52168627361388
1.99000000000000	0.92540793509567	1.14036772616574	-0.67870778448350	0.51976075413960
2.00000000000000	0.92498796659334	1.13756259947423	-0.67722998656497	0.51786840332821
2.01000000000000	0.92456823810970	1.13476857173263	-0.67581797371051	0.51599025593466
2.02000000000000	0.92414736323390	1.13202274075897	-0.67456018566863	0.51417902986423
2.03000000000000	0.92378650508193	1.12937941229916	-0.67343114336210	0.51245340998938
2.04000000000000	0.92342194701028	1.12675236525882	-0.67237797462101	0.51077461424255
2.05000000000000	0.92308732965275	1.12420330276895	-0.67147202250505	0.50922263585021
2.06000000000000	0.92271616838945	1.12161499146083	-0.67059039573376	0.50770148373964
2.07000000000000	0.92242208840855	1.11918203270217	-0.66986824231169	0.50635624382459
2.08000000000000	0.92210701569185	1.11672265995054	-0.66921680015881	0.50509571355743
2.09000000000000	0.92177804898602	1.11427429283037	-0.66860995559912	0.50391314618504
2.10000000000000	0.92149016039502	1.11192976915057	-0.66816029789364	0.50294128960681
2.11000000000000	0.92115566141849	1.10952563272867	-0.66772345671570	0.50201208161613
2.12000000000000	0.92082269378269	1.10715743588552	-0.66739616390346	0.50124025617680
2.13000000000000	0.92049743941138	1.10483544854339	-0.66717826176163	0.50062155923226
2.14000000000000	0.92014004720373	1.10248534537130	-0.66699772394620	0.50007377395074
2.15000000000000	0.91982285766712	1.10023281172243	-0.66702151768921	0.49978793564720
2.16000000000000	0.91949591104102	1.09797102553221	-0.66709764503311	0.49957143538026
2.17000000000000	0.91920804651513	1.09579247459144	-0.66733740319298	0.49953551542293
2.18000000000000	0.91889602105117	1.09361997781208	-0.66769556508964	0.49964976870183
2.19000000000000	0.91852201974036	1.09136900828049	-0.66807495881207	0.49980582495955
2.20000000000000	0.91814432086410	1.08918728195694	-0.66864241382676	0.50017463450208
2.21000000000000	0.91772441601494	1.08697000494319	-0.66925990349749	0.50060630678572
2.22000000000000	0.91731353464150	1.08480951312770	-0.67001007769204	0.50117226272655
2.23000000000000	0.91686888849425	1.08266795647138	-0.67089246732320	0.50188395675771
2.24000000000000	0.91640777685299	1.08052155523000	-0.67183973624668	0.50265853607330
2.25000000000000	0.91596499277175	1.07846244655160	-0.67297057705111	0.50360994585802
2.26000000000000	0.91549671064191	1.07638001096663	-0.67418832980015	0.50463979109377
2.27000000000000	0.91505750770472	1.07436496564921	-0.67551821144116	0.50577262609784
2.28000000000000	0.91457876476973	1.07227519432179	-0.67697743841451	0.50701252275354
2.29000000000000	0.91416086927229	1.07027691631951	-0.67855267269552	0.50834854641606
2.30000000000000	0.91376325962285	1.06828910734104	-0.68028424048653	0.50980797505645
2.31000000000000	0.91333826084433	1.06621415828641	-0.68209783644993	0.51132446536484
2.32000000000000	0.91296212957585	1.06417710621085	-0.68400516149683	0.51290867542641
2.33000000000000	0.91258246451710	1.06204470115296	-0.68607641992314	0.51460731477339
2.34000000000000	0.91224734370622	1.05996156872136	-0.68825116446806	0.51638682046115
2.35000000000000	0.91187174011687	1.05774243097598	-0.69048745335824	0.51820062673889
2.36000000000000	0.91150332407672	1.05547255465146	-0.69284982370240	0.52009675478295
2.37000000000000	0.91113924110812	1.05318425149923	-0.69528018875716	0.52204050391086
2.38000000000000	0.91075396368442	1.05079160746851	-0.69782923051557	0.52406823205229
2.39000000000000	0.91039624671129	1.04841312028221	-0.70046754865056	0.52616988386978
2.40000000000000	0.91002091324816	1.04596516408194	-0.70316810732628	0.52832278832149
2.41000000000000	0.90968360101599	1.04353198426085	-0.70600198312736	0.53059515653396
2.42000000000000	0.90935421853029	1.04108359349821	-0.70888610519231	0.53291166160330
2.43000000000000	0.90904494480042	1.03862778266789	-0.71186915430771	0.53533283382145
2.44000000000000	0.90876705060943	1.03620711256204	-0.71493166768736	0.53784941401829
2.45000000000000	0.90847564395420	1.03375983427692	-0.71801206048744	0.54041391100235
2.46000000000000	0.90815013341560	1.03125152674639	-0.72112389411309	0.54307947654697
2.47000000000000	0.90781299623990	1.02873226401205	-0.72423728553802	0.54578428991346
2.48000000000000	0.90748659996099	1.02624328444160	-0.72740214184265	0.54860252869748
2.49000000000000	0.90715498265915	1.02376676141674	-0.73060142210094	0.55152042606248
2.50000000000000	0.90681122324811	1.02129074151471	-0.73380410811545	0.55448838899736
2.51000000000000	0.90639850035235	1.01876544667129	-0.73700421111960	0.55759186348951
2.52000000000000	0.90597435870350	1.01624134638321	-0.74020335284267	0.56074856216411
2.53000000000000	0.90553525158086	1.01373220507551	-0.74342967206982	0.56401932525557
2.54000000000000	0.90506444411272	1.01120449368692	-0.74666362910639	0.56738870618365
2.55000000000000	0.90456379440356	1.00864095542707	-0.74988560545243	0.57079264957271
2.56000000000000	0.90403725962048	1.00604877454956	-0.75313200278777	0.57430827590807
2.57000000000000	0.90351528425789	1.00345373073692	-0.75639426640996	0.57786994433194
2.58000000000000	0.90299816433650	1.00086249036451	-0.75968641585597	0.58149767750302
2.59000000000000	0.90244384599808	0.99817456216284	-0.76296656738637	0.58514766788443
2.60000000000000	0.90187048411874	0.99542738859992	-0.76622755832344	0.58878986835295
2.61000000000000	0.90136418190059	0.99272591117848	-0.76955828947542	0.59249365236250
2.62000000000000	0.90080790955461	0.98990301704015	-0.77284999009704	0.59615564644176
2.63000000000000	0.90027993610891	0.98708928230735	-0.77616336822928	0.59982832848970
2.64000000000000	0.89976037017412	0.98422843792546	-0.77946836893192	0.60346602335239
2.65000000000000	0.89924114521507	0.98134260238934	-0.78276848840513	0.60708326103463
2.66000000000000	0.89873129526929	0.97842882636161	-0.78606099688488	0.61066306326603
2.67000000000000	0.89820976770688	0.97546447732784	-0.78931982747219	0.61418396456196
2.68000000000000	0.89772207672772	0.97254263886457	-0.79260043679350	0.61770627582633
2.69000000000000	0.89720866050870	0.96953668073363	-0.79582618517367	0.62111928399754
2.70000000000000	0.89670277205785	0.96652306308096	-0.79904373268856	0.62449537164300
2.71000000000000	0.89621023408742	0.96349973525726	-0.80225727961993	0.62781445343847
2.72000000000000	0.89573315452373	0.96047509071551	-0.80545656550131	0.63105807921566
2.73000000000000	0.89527635942060	0.95746495018240	-0.80866907081084	0.63427590829729
2.74000000000000	0.89478354079514	0.95436254350916	-0.81181895957039	0.63735764988076
2.75000000000000	0.89431727152748	0.95128464721693	-0.81497821461079	0.64040637687928
2.76000000000000	0.89379702209737	0.94809508668325	-0.81807325855637	0.64335276233633
2.77000000000000	0.89326933875841	0.94485856349354	-0.82112873688554	0.64620120229062
2.78000000000000	0.89274104775292	0.94160991239327	-0.82417323367864	0.64901497191711
2.79000000000000	0.89218794919181	0.93829519112588	-0.82717193919862	0.65173829578940
2.80000000000000	0.89165036503743	0.93499528961159	-0.83016360604644	0.65443725135403
2.81000000000000	0.89108312714900	0.93163512872549	-0.83311477876288	0.65708503734671
2.82000000000000	0.89049819326636	0.92823606142136	-0.83600053993585	0.65968180694694
2.83000000000000	0.88993735698294	0.92486497412300	-0.83888498854357	0.66228306089619
2.84000000000000	0.88934587581542	0.92143267402228	-0.84170260955954	0.66484768523167
2.85000000000000	0.88877001747904	0.91801298064081	-0.84449062733436	0.66741277430342
2.86000000000000	0.88817718755374	0.91455745296716	-0.84723640325858	0.66995723974023
2.87000000000000	0.88758606150440	0.91109193641534	-0.84991356788499	0.67249442744134
2.88000000000000	0.88702107765993	0.90766916024687	-0.85258323674868	0.67504515016621
2.89000000000000	0.88644469642087	0.90422487803690	-0.85519662349777	0.67758000793986
2.90000000000000	0.88585733045484	0.90076717341648	-0.85775039523793	0.68010235119763
2.91000000000000	0.88525295302032	0.89728769117418	-0.86026281940180	0.68260912426677
2.92000000000000	0.88467429979944	0.89386190393085	-0.86273680507041	0.68511801533257
2.93000000000000	0.88409505558702	0.89044899948695	-0.86518798656252	0.68762267918627
2.94000000000000	0.88349481932361	0.88702280110283	-0.86759249660121	0.69010850728130
2.95000000000000	0.88290411533048	0.88363833622528	-0.86996124320482	0.69258830621754
2.96000000000000	0.88230082733842	0.88024774699599	-0.87229831687172	0.69505167279340
2.97000000000000	0.88170037326068	0.87688297413066	-0.87460349167126	0.69749909370357
2.98000000000000	0.88108185559835	0.87351451489045	-0.87686832519786	0.69992434792809
2.99000000000000	0.88046953900531	0.87017386505489	-0.87912013482964	0.70234643407542
3.00000000000000	0.87984084273642	0.86684674076214	-0.88132024596832	0.70473065972688
3.01000000000000	0.87918418781624	0.86348942335729	-0.88348387169786	0.70708360175300
3.02000000000000	0.87854414791253	0.86019122505976	-0.88563899328871	0.70942733525520
3.03000000000000	0.87788887156109	0.85689224522171	-0.88776404542099	0.71173138811188
3.04000000000000	0.87724028017684	0.85361508850610	-0.88989245932902	0.71402690619192
3.05000000000000	0.87657510374243	0.85035651724893	-0.89198946690940	0.71625753933394
3.06000000000000	0.87591649056659	0.84711485509660	-0.89408861127626	0.71847257980847
3.07000000000000	0.87526251211132	0.84389924303824	-0.89618392990923	0.72065966523962
3.08000000000000	0.87457954687082	0.84064180550401	-0.89823176190209	0.72277556864036
3.09000000000000	0.87387937076688	0.83736228462262	-0.90025953720353	0.72486004227724
3.10000000000000	0.87315110089786	0.83403909133591	-0.90223248473444	0.72686630101893
3.11000000000000	0.87242305300833	0.83070388564538	-0.90418760349910	0.72884477552511
3.12000000000000	0.87172183891753	0.82740461973875	-0.90614424505629	0.73081260026103
3.13000000000000	0.87101269499751	0.82407892911021	-0.90805193419708	0.73273678072269
3.14000000000000	0.87032509283980	0.82078112683142	-0.90995937901597	0.73466159959643
3.15000000000000	0.86964275512074	0.81748435983985	-0.91182866981615	0.73656474000513
3.16000000000000	0.86898313293049	0.81422880343852	-0.91369088313089	0.73847375391966
3.17000000000000	0.86833380733100	0.81098863271779	-0.91553487401011	0.74037641467500
3.18000000000000	0.86771083126489	0.80781517489335	-0.91735775765409	0.74228387681948
3.19000000000000	0.86709659852243	0.80467579255434	-0.91917838918474	0.74419814679217
3.20000000000000	0.86648882626262	0.80158568850102	-0.92097670633109	0.74611137479903
3.21000000000000	0.86590647471411	0.79858881613863	-0.92278653756920	0.74804930335157
3.22000000000000	0.86532147612803	0.79561656904394	-0.92458929515060	0.74998936971268
3.23000000000000	0.86474678422711	0.79276038462588	-0.92638283457798	0.75194572874033
3.24000000000000	0.86416736267319	0.78993795623358	-0.92817326544229	0.75390226062508
3.25000000000000	0.86356096746220	0.78714792616379	-0.92993800756151	0.75584677838582
3.26000000000000	0.86295116685612	0.78445269220277	-0.93170818813984	0.75780077755097
3.27000000000000	0.86230414927356	0.78174091809475	-0.93344571859000	0.75972907160997
3.28000000000000	0.86165480138515	0.77912817070346	-0.93518229906321	0.76165721926904
3.29000000000000	0.86099148359260	0.77654837870635	-0.93691448262224	0.76358027035670
3.30000000000000	0.86031540349692	0.77401118995495	-0.93863095733912	0.76549264643212
3.31000000000000	0.85961855466418	0.77152750258538	-0.94032618733355	0.76738666894972
3.32000000000000	0.85890282439914	0.76905177999898	-0.94199927571206	0.76926296642962
3.33000000000000	0.85817821155859	0.76663708917861	-0.94366013323305	0.77112446414931
3.34000000000000	0.85744449615467	0.76425619610618	-0.94530731500297	0.77297250238049
3.35000000000000	0.85668879516796	0.76187473007822	-0.94692907245656	0.77479748857367
3.36000000000000	0.85592953571102	0.75955874910380	-0.94853894428003	0.77660644922189
3.37000000000000	0.85517332484358	0.75727697384804	-0.95014422152749	0.77841057502502
3.38000000000000	0.85441343930168	0.75503779165594	-0.95174115849527	0.78020032793018
3.39000000000000	0.85365544625583	0.75284061552592	-0.95332215912962	0.78197364744185
3.40000000000000	0.85290854646756	0.75068234216269	-0.95490445677508	0.78374565190170
3.41000000000000	0.85218455574578	0.74861151457471	-0.95648621667278	0.78550609726221
3.42000000000000	0.85147420685664	0.74658416277129	-0.95806691006070	0.78726087031357
3.43000000000000	0.85079311831018	0.74463697675762	-0.95965835613745	0.78901523189658
3.44000000000000	0.85010654282138	0.74272717037475	-0.96122346411806	0.79073393036647
3.45000000000000	0.84943086845850	0.74085558856372	-0.96278691741309	0.79244334712356
3.46000000000000	0.84877377999965	0.73907208537783	-0.96433645951424	0.79412255768644
3.47000000000000	0.84809607955333	0.73728831848481	-0.96585541311028	0.79576443172107
3.48000000000000	0.84743462138906	0.73556791273556	-0.96736623917557	0.79738928705033
3.49000000000000	0.84675831073071	0.73388613109722	-0.96884281060691	0.79896369497059
3.50000000000000	0.84610548420222	0.73227688834387	-0.97033053409242	0.80054022470335
3.51000000000000	0.84544388720359	0.73072461623039	-0.97179648636680	0.80207891779199
3.52000000000000	0.84477120269613	0.72920919507008	-0.97324707300839	0.80359111599257
3.53000000000000	0.84412139001851	0.72777402775831	-0.97471321231074	0.80510694591995
3.54000000000000	0.84343919778441	0.72638629528785	-0.97615151548151	0.80658315902937
3.55000000000000	0.84276498489257	0.72505006183473	-0.97759657763806	0.80805746144428
3.56000000000000	0.84208525826359	0.72378321493996	-0.97903833594125	0.80951566000459
3.57000000000000	0.84140955964860	0.72260541488548	-0.98049487294069	0.81097008929575
3.58000000000000	0.84072094925360	0.72145310683364	-0.98194417697065	0.81241080307160
3.59000000000000	0.84000469141961	0.72038660238213	-0.98337899134552	0.81381993180402
3.60000000000000	0.83929351487219	0.71938873894596	-0.98482370020653	0.81523044429237
3.61000000000000	0.83856614575939	0.71845462511097	-0.98626316281181	0.81662469647871
3.62000000000000	0.83782384792646	0.71761089757179	-0.98769421451791	0.81799973621828
3.63000000000000	0.83706428044027	0.71678936475054	-0.98911477186685	0.81935820640820
3.64000000000000	0.83628032913160	0.71606281515851	-0.99051871791247	0.82069469037125
3.65000000000000	0.83547709772009	0.71536388648166	-0.99190860025893	0.82201301032461
3.66000000000000	0.83464835604748	0.71468872621167	-0.99327430264627	0.82330680640732
3.67000000000000	0.83380866113763	0.71406952023945	-0.99462580556070	0.82457786929777
3.68000000000000	0.83297260121001	0.71347738095524	-0.99597393554332	0.82584005476690
3.69000000000000	0.83213279679404	0.71291897412108	-0.99731795690421	0.82708283723562
3.70000000000000	0.83129441543489	0.71236980002051	-0.99865340344026	0.82830451641687
3.71000000000000	0.83045919657339	0.71182752496960	-0.99998354045009	0.82951042583230
3.72000000000000	0.82963317282624	0.71129003242608	-1.00131597755992	0.83067971743402
3.73000000000000	0.82880907621327	0.71074935117343	-1.00264480592102	0.83182914487388
3.74000000000000	0.82799608188620	0.71021670280964	-1.00398016362639	0.83295054344251
3.75000000000000	0.82719488506345	0.70969880675175	-1.00531581490504	0.83404702729292
3.76000000000000	0.82638997703104	0.70917286703570	-1.00664229400102	0.83512255965766
3.77000000000000	0.82559597173756	0.70868450654755	-1.00796568913851	0.83616909092977
3.78000000000000	0.82480038373081	0.70821521074866	-1.00927809075051	0.83720480337912
3.79000000000000	0.82399928427308	0.70776407082851	-1.01058011527706	0.83822503871262
3.80000000000000	0.82319744235069	0.70736992914811	-1.01186560030267	0.83923435464212
3.81000000000000	0.82238605240582	0.70698574587701	-1.01313548273125	0.84023092056709
3.82000000000000	0.82156073325640	0.70664724226684	-1.01437481469481	0.84120531160607
3.83000000000000	0.82072008819933	0.70632359218031	-1.01559284687970	0.84216483252495
3.84000000000000	0.81989297597036	0.70606248773084	-1.01681270178714	0.84312914332424
3.85000000000000	0.81904445126408	0.70583172012813	-1.01800358139760	0.84406353343085
3.86000000000000	0.81818213568119	0.70560480919337	-1.01917802326334	0.84497851549841
3.87000000000000	0.81729660352998	0.70539196980593	-1.02032194914529	0.84585067827862
3.88000000000000	0.81639897042939	0.70519587920060	-1.02145296672372	0.84669329959368
3.89000000000000	0.81547617794252	0.70498625089907	-1.02256476425233	0.84750629460111
3.90000000000000	0.81450692644789	0.70474614017064	-1.02363737199161	0.84824884600603
3.91000000000000	0.81353804625310	0.70452009428663	-1.02471222380083	0.84897817407874
3.92000000000000	0.81254581766961	0.70427929482568	-1.02577180006116	0.84966549419937
3.93000000000000	0.81152728024160	0.70401801339389	-1.02681351441840	0.85031276380903
3.94000000000000	0.81050462851900	0.70376595981842	-1.02785709083323	0.85094966781569
3.95000000000000	0.80943978277193	0.70347986711554	-1.02886782419741	0.85154048783926
3.96000000000000	0.80838325549154	0.70321806030802	-1.02988586010740	0.85213108154630
3.97000000000000	0.80729214285297	0.70291830545676	-1.03087612848101	0.85269003493307
3.98000000000000	0.80618219478404	0.70261055387523	-1.03184536535035	0.85322494613065
3.99000000000000	0.80506820277679	0.70230616189243	-1.03280816703663	0.85375228927082
4.00000000000000	0.80393556200385	0.70199134738095	-1.03374254198950	0.85425402170627
4.01000000000000	0.80279422495393	0.70166861350324	-1.03465947230362	0.85473746365117
4.02000000000000	0.80164585528205	0.70134010125771	-1.03555649295109	0.85520125052951
4.03000000000000	0.80048813876760	0.70100580707218	-1.03642312872580	0.85563106489436
4.04000000000000	0.79933812593576	0.70068712271700	-1.03728679316463	0.85605450760232
4.05000000000000	0.79818106494154	0.70036125571504	-1.03812180773890	0.85644561891681
4.06000000000000	0.79703013737726	0.70003372256729	-1.03894171700722	0.85681164640111
4.07000000000000	0.79588059617274	0.69970060608563	-1.03975079328573	0.85715959114750
4.08000000000000	0.79473673302084	0.69936506798990	-1.04053592882191	0.85746625805905
4.09000000000000	0.79357834023491	0.69900108506733	-1.04129813651650	0.85774598425432
4.10000000000000	0.79241668185379	0.69862475271251	-1.04203616446161	0.85799234608321
4.11000000000000	0.79124435834602	0.69822172527257	-1.04274711890167	0.85820552751220
4.12000000000000	0.79007654480945	0.69781978030363	-1.04345037202261	0.85840644780209
4.13000000000000	0.78890610201341	0.69740244862003	-1.04412568960770	0.85856864232950
4.14000000000000	0.78772443160665	0.69696395736651	-1.04478412653910	0.85871186692501
4.15000000000000	0.78653196991788	0.69650434737169	-1.04541555504034	0.85882785974951
4.16000000000000	0.78532700994451	0.69601268618827	-1.04601356375755	0.85890994448260
4.17000000000000	0.78409724211731	0.69547450045675	-1.04658295079160	0.85896338158218
4.18000000000000	0.78285982264988	0.69491361883502	-1.04712731249228	0.85898396059994
4.19000000000000	0.78160892604604	0.69432253843944	-1.04765338545457	0.85897917158709
4.20000000000000	0.78034185967308	0.69369531853246	-1.04815814635438	0.85894614005510
4.21000000000000	0.77904748626233	0.69300164251753	-1.04862903172587	0.85886548136304
4.22000000000000	0.77774088299940	0.69227856059689	-1.04908493622870	0.85876541446394
4.23000000000000	0.77641381789167	0.69150003464111	-1.04951663673178	0.85863052637685
4.24000000000000	0.77507303711053	0.69068147968230	-1.04992713577750	0.85846805057299
4.25000000000000	0.77371417780145	0.68981995695668	-1.05032016967762	0.85828256040483
4.26000000000000	0.77233218982122	0.68889546487292	-1.05067069955964	0.85805586521312
4.27000000000000	0.77093553932632	0.68793358770051	-1.05099788787575	0.85781076248722
4.28000000000000	0.76953290101053	0.68694290785039	-1.05129751958116	0.85754866933545
4.29000000000000	0.76812219090005	0.68592436386213	-1.05156893756734	0.85727490116798
4.30000000000000	0.76670883761688	0.68489310084384	-1.05182600765150	0.85699564084825
4.31000000000000	0.76528021938441	0.68382092022249	-1.05203519551758	0.85669991606046
4.32000000000000	0.76384716098688	0.68273668157123	-1.05222689385876	0.85640045293613
4.33000000000000	0.76240399283966	0.68162832651595	-1.05238936908532	0.85609167985977
4.34000000000000	0.76094349918527	0.68048339990284	-1.05251677044959	0.85576481191966
4.35000000000000	0.75947656655204	0.67932422044682	-1.05262875265637	0.85542917570181
4.36000000000000	0.75797802259453	0.67810225927606	-1.05269879027288	0.85506043153897
4.37000000000000	0.75646192286045	0.67683853648191	-1.05274605850144	0.85466818545650
4.38000000000000	0.75494309181206	0.67555649990062	-1.05277943181546	0.85426060413139
4.39000000000000	0.75340751704961	0.67421146595357	-1.05278593304794	0.85381841270854
4.40000000000000	0.75186585049394	0.67284053241554	-1.05277696731602	0.85336099324788
4.41000000000000	0.75031314123734	0.67140566052867	-1.05274093633155	0.85287192087117
4.42000000000000	0.74876775633419	0.66994745286073	-1.05269238447812	0.85237216508968
4.43000000000000	0.74721886336672	0.66845794130000	-1.05262823695067	0.85185825564928
4.44000000000000	0.74566495814968	0.66689941240010	-1.05251831622215	0.85131510325613
4.45000000000000	0.74410779412952	0.66531273955347	-1.05239190749469	0.85076349019637
4.46000000000000	0.74255233575102	0.66368857005739	-1.05223466046616	0.85019878888157
4.47000000000000	0.74099648104394	0.66202525067460	-1.05204500568069	0.84962027435135
4.48000000000000	0.73944130059824	0.66034579873153	-1.05183862172297	0.84903538531839
4.49000000000000	0.73788049915650	0.65862421030512	-1.05159094662152	0.84842945231035
4.50000000000000	0.73631174235292	0.65687684946782	-1.05132195646694	0.84780797090839
4.51000000000000	0.73473847781978	0.65510251502358	-1.05102674258293	0.84716727708315
4.52000000000000	0.73315033506651	0.65328469472786	-1.05069551403573	0.84649595735191
4.53000000000000	0.73156686107131	0.65146818408357	-1.05035852146432	0.84582003193496
4.54000000000000	0.72996487943558	0.64960667781087	-1.04998556611589	0.84511260909151
4.55000000000000	0.72834911237790	0.64770573344095	-1.04958621117600	0.84438118701910
4.56000000000000	0.72673716302199	0.64579766885333	-1.04917464795681	0.84363926199934
4.57000000000000	0.72510822972266	0.64383233216657	-1.04872562270049	0.84286778188462
4.58000000000000	0.72348107565116	0.64185887758173	-1.04826532302706	0.84209180455609
4.59000000000000	0.72183681608187	0.63983330458654	-1.04776940841013	0.84129715709171
4.60000000000000	0.72018717829212	0.63777972403126	-1.04724661829319	0.84049513262866
4.61000000000000	0.71853009372801	0.63569963019813	-1.04670615325243	0.83968634308895
4.62000000000000	0.71686841884148	0.63358172997144	-1.04612993581116	0.83887435017125
4.63000000000000	0.71520947961350	0.63145511425557	-1.04554431246620	0.83806522869661
4.64000000000000	0.71354722440372	0.62930608173585	-1.04493711860699	0.83726007031558
4.65000000000000	0.71186507908873	0.62711247115649	-1.04429267626505	0.83644551726203
4.66000000000000	0.71017700685669	0.62490167401731	-1.04362858416266	0.83562588589525
4.67000000000000	0.70847878843549	0.62265821386704	-1.04292572429171	0.83479722010116
4.68000000000000	0.70676731090787	0.62038295785652	-1.04219664640497	0.83395530571473
4.69000000000000	0.70505588911780	0.61809515820593	-1.04144552218030	0.83310738635860
4.70000000000000	0.70333483184627	0.61577543724827	-1.04065770171946	0.83224162787719
4.71000000000000	0.70160072761377	0.61342624457900	-1.03984473000450	0.83135951035555
4.72000000000000	0.69986148658547	0.61105160839279	-1.03899545702619	0.83045528132098
4.73000000000000	0.69811448827379	0.60865372094870	-1.03811786747554	0.82953319083188
4.74000000000000	0.69636543891815	0.60624235368487	-1.03721799900672	0.82859769537252
4.75000000000000	0.69459812278041	0.60378537449281	-1.03626848536847	0.82763036453011
4.76000000000000	0.69283588696005	0.60133129072517	-1.03530764329751	0.82665883987111
4.77000000000000	0.69106135627268	0.59884626432670	-1.03430830111096	0.82566545067567
4.78000000000000	0.68928699974806	0.59635240211651	-1.03328022351537	0.82466192364663
4.79000000000000	0.68750239526418	0.59383403686818	-1.03222790526195	0.82364527490481
4.80000000000000	0.68572035952528	0.59130429617154	-1.03113981264937	0.82262191461322
4.81000000000000	0.68393714352139	0.58876328138834	-1.03003934275350	0.82159237313786
4.82000000000000	0.68215057732221	0.58619590507309	-1.02891541309478	0.82054871927443
4.83000000000000	0.68037160847313	0.58361504094997	-1.02777457657929	0.81949643970856
4.84000000000000	0.67860141950360	0.58103340692900	-1.02663155354763	0.81844382385342
4.85000000000000	0.67682829308977	0.57840985974380	-1.02546198754121	0.81737338668115
4.86000000000000	0.67505545344661	0.57577346280119	-1.02428114056039	0.81629382066639
4.87000000000000	0.67328083735794	0.57311563567118	-1.02308567751400	0.81520141915291
4.88000000000000	0.67150557765988	0.57043802542035	-1.02186922970101	0.81409210855565
4.89000000000000	0.66972270132297	0.56774038717228	-1.02063722085958	0.81297146168961
4.90000000000000	0.66792183978336	0.56499854048757	-1.01936794912853	0.81182768885922
4.91000000000000	0.66611578783868	0.56224309340116	-1.01807148796638	0.81067745034285
4.92000000000000	0.66431617681762	0.55949254181508	-1.01676319577638	0.80953049139102
4.93000000000000	0.66249925018046	0.55671583607361	-1.01540188343420	0.80837302755586
4.94000000000000	0.66068825130944	0.55395314558501	-1.01402775843069	0.80722044461047
4.95000000000000	0.65886037372766	0.55117266750138	-1.01260842079627	0.80606061786291
4.96000000000000	0.65703429446003	0.54840338984105	-1.01116372091650	0.80490533141984
4.97000000000000	0.65520349448312	0.54563218247906	-1.00969825712281	0.80374873180427
4.98000000000000	0.65336026319603	0.54285353028504	-1.00818085928383	0.80257761031604
4.99000000000000	0.65150906349464	0.54006810441084	-1.00664765254146	0.80139836243764
5.00000000000000	0.64964777729607	0.53727705097363	-1.00508690705833	0.80020547363420
5.01000000000000	0.64778238375684	0.53448546999158	-1.00350755210145	0.79899909677375
5.02000000000000	0.64591334263425	0.53169047288602	-1.00191782211744	0.79778468277177
5.03000000000000	0.64403339993330	0.52888164323113	-1.00030511563289	0.79655043677892
5.04000000000000	0.64215478708485	0.52607419319258	-0.99868855519248	0.79531167230814
5.05000000000000	0.64026710862555	0.52325052548958	-0.99705714079073	0.79405888335985
5.06000000000000	0.63837824656393	0.52041472946561	-0.99541225450754	0.79279577242916
5.07000000000000	0.63648852400084	0.51757177590590	-0.99376169805936	0.79152933436136
5.08000000000000	0.63460658167424	0.51472834868926	-0.99210365858359	0.79026475012415
5.09000000000000	0.63272216510561	0.51186897241955	-0.99043212164133	0.78899512621207
5.10000000000000	0.63084142000848	0.50900828571725	-0.98875356271841	0.78772640047331
5.11000000000000	0.62897203782401	0.50615200249292	-0.98706113842454	0.78645977106434
5.12000000000000	0.62710641314071	0.50329628209228	-0.98536281182296	0.78519315249254
5.13000000000000	0.62524360094319	0.50043590732339	-0.98364793684910	0.78392331631897
5.14000000000000	0.62338443467236	0.49757903097536	-0.98191762694849	0.78265086993460
5.15000000000000	0.62152341354069	0.49471946586883	-0.98017723101021	0.78137623602755
5.16000000000000	0.61966488443906	0.49186898581649	-0.97841088955724	0.78009408306286
5.17000000000000	0.61780053689980	0.48901140274452	-0.97663146865970	0.77880247954386
5.18000000000000	0.61594298598906	0.48617067117685	-0.97484280258886	0.77750657405564
5.19000000000000	0.61408955070642	0.48334429653307	-0.97304142068727	0.77620120858454
5.20000000000000	0.61224212698702	0.48053218139355	-0.97123705033138	0.77489432025215
5.21000000000000	0.61039350288971	0.47773166976578	-0.96941301797609	0.77357515042686
5.22000000000000	0.60853649872280	0.47492603406184	-0.96757213608818	0.77224463597203
5.23000000000000	0.60668053023571	0.47212784612144	-0.96572115319841	0.77090685602531
5.24000000000000	0.60481950428755	0.46934062918070	-0.96385425238748	0.76956172644729
5.25000000000000	0.60295187947385	0.46655020036390	-0.96197766638779	0.76821149123682
5.26000000000000	0.60108176870463	0.46377272021208	-0.96008641483595	0.76685908579010
5.27000000000000	0.59920677489706	0.46099920605444	-0.95818516548724	0.76550681777900
5.28000000000000	0.59732590410289	0.45822676353975	-0.95627344598226	0.76415336034576
5.29000000000000	0.59543049121920	0.45545316052974	-0.95433660987336	0.76279584292533
5.30000000000000	0.59352889725360	0.45267857874458	-0.95238999589786	0.76143653895233
5.31000000000000	0.59162027189468	0.44991069557408	-0.95042689104055	0.76007627818781
5.32000000000000	0.58970614067828	0.44715305312492	-0.94844997012754	0.75871440595178
5.33000000000000	0.58778578886419	0.44439376353379	-0.94646309674081	0.75734866695853
5.34000000000000	0.58586143628380	0.44165738037360	-0.94446002649310	0.75597725773082
5.35000000000000	0.58393653769854	0.43893137346655	-0.94245704300123	0.75460442712607
5.36000000000000	0.58200342784037	0.43620981654339	-0.94044073031497	0.75321884638610
5.37000000000000	0.58006858039673	0.43350291682429	-0.93842024994745	0.75182202368150
5.38000000000000	0.57813810825464	0.43081279707527	-0.93640136385633	0.75042340886291
5.39000000000000	0.57620712763881	0.42814160217149	-0.93437789992515	0.74901243042735
5.40000000000000	0.57428092333876	0.42548807638277	-0.93235852892352	0.74760345578628
5.41000000000000	0.57235191201776	0.42283980120539	-0.93033592044244	0.74618948335575
5.42000000000000	0.57044177515589	0.42022992693260	-0.92832403068462	0.74478615005406
5.43000000000000	0.56853758412550	0.41763205834784	-0.92631363676541	0.74338605485714
5.44000000000000	0.56663689084365	0.41504566770235	-0.92429412472705	0.74198722714123
5.45000000000000	0.56474426106383	0.41247927655964	-0.92227210239006	0.74059550173490
5.46000000000000	0.56285231528758	0.40991906582983	-0.92024285266365	0.73920507056038
5.47000000000000	0.56096403963786	0.40737159615176	-0.91820506933227	0.73781885115346
5.48000000000000	0.55907331585812	0.40482295980273	-0.91615805117046	0.73643055055609
5.49000000000000	0.55718338618505	0.40228213112833	-0.91410156393195	0.73504521523683
5.50000000000000	0.55529006224368	0.39974746560600	-0.91203748862876	0.73365899651887
5.51000000000000	0.55339708692624	0.39721916136921	-0.90996914519885	0.73227233301646
5.52000000000000	0.55150413215804	0.39471779039674	-0.90790441014001	0.73088117730831
5.53000000000000	0.54959703545427	0.39220830953343	-0.90583224693662	0.72947899746525
5.54000000000000	0.54769558665726	0.38973282852811	-0.90376935076766	0.72807701198155
5.55000000000000	0.54577917739267	0.38727563742791	-0.90170666746336	0.72666605866192
5.56000000000000	0.54386088199133	0.38483934690721	-0.89964672724001	0.72525416435013
5.57000000000000	0.54192516277217	0.38243541902534	-0.89758506594689	0.72383043220714
5.58000000000000	0.53998609421487	0.38005434220449	-0.89552231899718	0.72240304463264
5.59000000000000	0.53805342290828	0.37771746627810	-0.89346844835031	0.72097995630367
5.60000000000000	0.53610948948544	0.37541362447779	-0.89141308849978	0.71955659780406
5.61000000000000	0.53416173534989	0.37312366350854	-0.88935579885951	0.71813351234917
5.62000000000000	0.53221819294783	0.37087556325851	-0.88730578769175	0.71672020618835
5.63000000000000	0.53027685861838	0.36864143318923	-0.88525310730978	0.71530675701736
5.64000000000000	0.52834772576278	0.36643418324851	-0.88320832959522	0.71390075136615
5.65000000000000	0.52642809035856	0.36425248300953	-0.88116496659300	0.71249697700643
5.66000000000000	0.52451299833868	0.36208013229056	-0.87912530950614	0.71109561921805
5.67000000000000	0.52260162333988	0.35991600932096	-0.87708713912232	0.70969400082339
5.68000000000000	0.52069935950458	0.35776593626958	-0.87505543140959	0.70829686711268
5.69000000000000	0.51880677732478	0.35563173718916	-0.87303334570089	0.70690692611262
5.70000000000000	0.51692521962539	0.35352940609252	-0.87102627452329	0.70552503329857
5.71000000000000	0.51504083460588	0.35143248255254	-0.86902204636687	0.70414381345355
5.72000000000000	0.51316273317596	0.34936487815274	-0.86703028799851	0.70277159209135
5.73000000000000	0.51128812131428	0.34732809581516	-0.86504987979825	0.70141063019410
5.74000000000000	0.50942497368334	0.34532144244861	-0.86308333704109	0.70006198736701
5.75000000000000	0.50755688498499	0.34334022216260	-0.86112544472278	0.69872550596693
5.76000000000000	0.50569610729730	0.34139086006964	-0.85918067430515	0.69740294584433
5.77000000000000	0.50383139510629	0.33945786298269	-0.85724108623757	0.69608794180365
5.78000000000000	0.50196350360441	0.33755313238853	-0.85530888525536	0.69478334568001
5.79000000000000	0.50009538771212	0.33566360446255	-0.85337874105027	0.69348337096337
5.80000000000000	0.49822109889640	0.33379743683474	-0.85145250408400	0.69219170976844
5.81000000000000	0.49634690464002	0.33195804378239	-0.84953372023100	0.69090972618615
5.82000000000000	0.49446820252535	0.33012968906210	-0.84761634860818	0.68963066535940
5.83000000000000	0.49259130894415	0.32834187388039	-0.84571232254838	0.68836301000985
5.84000000000000	0.49071628544090	0.32657345841705	-0.84381560714354	0.68709973751725
5.85000000000000	0.48882857833927	0.32481691590799	-0.84191916042045	0.68583257514673
5.86000000000000	0.48694030274991	0.32309624935304	-0.84003400323842	0.68456881113832
5.87000000000000	0.48504195491209	0.32137782152607	-0.83814641864917	0.68329894789058
5.88000000000000	0.48314679844544	0.31971400752809	-0.83628224627114	0.68203632041947
5.89000000000000	0.48124929771944	0.31806476352330	-0.83442259604255	0.68077297086845
5.90000000000000	0.47935690018673	0.31645238254130	-0.83257609167669	0.67951330207996
5.91000000000000	0.47746654739005	0.31487896872516	-0.83074466306919	0.67825708772897
5.92000000000000	0.47557679690259	0.31332393758079	-0.82891896904029	0.67700194537228
5.93000000000000	0.47369779560080	0.31182174387903	-0.82711553007676	0.67575561040224
5.94000000000000	0.47182000756515	0.31033673389475	-0.82531732256660	0.67450990639322
5.95000000000000	0.46994516378438	0.30887255215814	-0.82352816761108	0.67326684684511
5.96000000000000	0.46807914793212	0.30744175274518	-0.82175572039956	0.67202899237184
5.97000000000000	0.46621794939273	0.30602601544413	-0.81999132137446	0.67079455494146
5.98000000000000	0.46436380001615	0.30463158734921	-0.81824124279155	0.66956408183433
5.99000000000000	0.46251580175463	0.30325376536172	-0.81649914814985	0.66833849894356
6.00000000000000	0.46067560362686	0.30189511021594	-0.81476897181495	0.66712136355765
6.01000000000000	0.45883457731072	0.30055091791843	-0.81304826874357	0.66590987735097
6.02000000000000	0.45699401025890	0.29921519709891	-0.81133280291746	0.66470208933766
6.03000000000000	0.45515465738391	0.29789724265149	-0.80963163535066	0.66350426160015
6.04000000000000	0.45331678618605	0.29660169671203	-0.80794073212640	0.66231838867179
6.05000000000000	0.45148310786818	0.29532295422387	-0.80626042243978	0.66114227504274
6.06000000000000	0.44964027477279	0.29406990485492	-0.80458768722024	0.65998190836461
6.07000000000000	0.44779581770158	0.29283224393417	-0.80292162908246	0.65883028168377
6.08000000000000	0.44595450312748	0.29162834490514	-0.80127039605878	0.65769627754105
6.09000000000000	0.44410887195599	0.29045221095529	-0.79962868338690	0.65657687437945
6.10000000000000	0.44226645651105	0.28929915296611	-0.79799631483965	0.65546836047248
6.11000000000000	0.44041418423079	0.28817410534623	-0.79636795081688	0.65436919062091
6.12000000000000	0.43855877820732	0.28706701728499	-0.79474479116343	0.65327356234527
6.13000000000000	0.43670190676905	0.28598319747747	-0.79312980571483	0.65218393417836
6.14000000000000	0.43484222585796	0.28493129853681	-0.79152425029107	0.65109760765243
6.15000000000000	0.43298542594273	0.28389795903032	-0.78992714568309	0.65001508528008
6.16000000000000	0.43112401716221	0.28288972821941	-0.78833784808564	0.64893291708983
6.17000000000000	0.42926462970673	0.28190530899945	-0.78676193693209	0.64785354691558
6.18000000000000	0.42740604714323	0.28093719684497	-0.78519368300462	0.64677466319684
6.19000000000000	0.42555682485818	0.28001292997444	-0.78365226961681	0.64570410458915
6.20000000000000	0.42370902294921	0.27910150302896	-0.78212064839589	0.64463689336213
6.21000000000000	0.42186212855078	0.27820939194280	-0.78060114788727	0.64357129698938
6.22000000000000	0.42002882774223	0.27735186283254	-0.77910384563661	0.64251637631720
6.23000000000000	0.41819580273772	0.27650203940209	-0.77761308102405	0.64146277035422
6.24000000000000	0.41637750268905	0.27569611133118	-0.77614686296572	0.64042312093602
6.25000000000000	0.41455710885074	0.27489590947356	-0.77468383904965	0.63938368102387
6.26000000000000	0.41273875834561	0.27411236423967	-0.77322852989317	0.63834705451783
6.27000000000000	0.41093447854708	0.27337514850932	-0.77179276589536	0.63732084807212
6.28000000000000	0.40912535360345	0.27264248126980	-0.77035649331884	0.63629175466761
6.29000000000000	0.40731415048695	0.27193851028455	-0.76892540739460	0.63526196734921
6.30000000000000	0.40550118896385	0.27124847120490	-0.76749624622923	0.63423318248710
6.31000000000000	0.40368882168071	0.27057676208339	-0.76607341264531	0.63320836154595
6.32000000000000	0.40188258495016	0.26994174984147	-0.76466545444360	0.63219711120414
6.33000000000000	0.40007255705506	0.26931056141524	-0.76325845340204	0.63118691554662
6.34000000000000	0.39826915102513	0.26871264298052	-0.76186719336634	0.63019124984504
6.35000000000000	0.39646305927386	0.26812754083397	-0.76048189208779	0.62920299205325
6.36000000000000	0.39465570105268	0.26755219703326	-0.75910133513803	0.62822023682640
6.37000000000000	0.39284988329902	0.26700299226272	-0.75773678043916	0.62725345237274
6.38000000000000	0.39104574485993	0.26646420776891	-0.75637972389431	0.62629247977464
6.39000000000000	0.38924730949897	0.26594706207624	-0.75503858904827	0.62534293800406
6.40000000000000	0.38744918558569	0.26544644128899	-0.75370755887758	0.62439853884063
6.41000000000000	0.38565421222260	0.26496092677245	-0.75238449348186	0.62345952126392
6.42000000000000	0.38386156565383	0.26450590948889	-0.75107538969000	0.62252735685586
6.43000000000000	0.38207213745783	0.26406702608613	-0.74977251742067	0.62159773739308
6.44000000000000	0.38029315380034	0.26365959608292	-0.74848475705422	0.62067571965874
6.45000000000000	0.37851233075256	0.26327029105031	-0.74720086908529	0.61975040156900
6.46000000000000	0.37673890755708	0.26290216187843	-0.74592466951426	0.61882864420569
6.47000000000000	0.37496989924501	0.26256311749639	-0.74465312215615	0.61790583161024
6.48000000000000	0.37320333485567	0.26224016287983	-0.74338571404134	0.61698561265589
6.49000000000000	0.37143727034767	0.26192920036901	-0.74211969994954	0.61606547092877
6.50000000000000	0.36967249237578	0.26163835807496	-0.74086017122681	0.61514921108685
6.51000000000000	0.36791160373653	0.26136120816918	-0.73960829804732	0.61423812934392
6.52000000000000	0.36615247862378	0.26109999741928	-0.73836287418789	0.61332979009272
6.53000000000000	0.36439711752694	0.26084838066799	-0.73712524277160	0.61242492777135
6.54000000000000	0.36265170897276	0.26061581625714	-0.73589939912106	0.61152791444701
6.55000000000000	0.36090833500533	0.26039386366931	-0.73468255056538	0.61063960487247
6.56000000000000	0.35916460099981	0.26017549700225	-0.73346978095959	0.60975421173151
6.57000000000000	0.35741512932426	0.25995683501275	-0.73225621605734	0.60886847340194
6.58000000000000	0.35567181442654	0.25975317079014	-0.73105168562632	0.60798639603742
6.59000000000000	0.35393180505213	0.25955868482649	-0.72985097084077	0.60710617275606
6.60000000000000	0.35219055925463	0.25937262146856	-0.72865236060966	0.60622497138807
6.61000000000000	0.35045013465131	0.25919565344106	-0.72745581279059	0.60534521135525
6.62000000000000	0.34871254610940	0.25903369521301	-0.72626336053352	0.60446811315042
6.63000000000000	0.34697573653182	0.25888869235136	-0.72507553506154	0.60358924397596
6.64000000000000	0.34523741596706	0.25874842136230	-0.72388708894973	0.60270725468127
6.65000000000000	0.34349710268623	0.25862306887622	-0.72270051802451	0.60182031958731
6.66000000000000	0.34175859495352	0.25850883745466	-0.72151771029742	0.60093425335057
6.67000000000000	0.34001471346836	0.25839401549740	-0.72033302018571	0.60004418371514
6.68000000000000	0.33827652970626	0.25829594307026	-0.71915864250429	0.59915755444526
6.69000000000000	0.33653478022237	0.25819311810887	-0.71798180695900	0.59826658162302
6.70000000000000	0.33479924640104	0.25810208871642	-0.71681298388060	0.59737730215874
6.71000000000000	0.33306694367659	0.25801094324887	-0.71564289375818	0.59648662770111
6.72000000000000	0.33134140070362	0.25792676495888	-0.71447537809477	0.59559782359448
6.73000000000000	0.32963063449705	0.25785345635642	-0.71331435228065	0.59471640259555
6.74000000000000	0.32791524454804	0.25776772061144	-0.71214644304350	0.59382985869961
6.75000000000000	0.32621418450965	0.25769664679812	-0.71098571257819	0.59295049347864
6.76000000000000	0.32451662938002	0.25762446898398	-0.70982350094537	0.59207166922687
6.77000000000000	0.32282498263951	0.25755785720235	-0.70866304400254	0.59119525327686
6.78000000000000	0.32114414687289	0.25749868798061	-0.70750428846032	0.59032179009565
6.79000000000000	0.31946082608092	0.25743366523230	-0.70634261580626	0.58944435916087
6.80000000000000	0.31778158722553	0.25737181946603	-0.70518488616181	0.58856730819318
6.81000000000000	0.31610152222034	0.25730809433233	-0.70402997215683	0.58768672280400
6.82000000000000	0.31442806250318	0.25725445428701	-0.70288231771240	0.58680920526019
6.83000000000000	0.31275155345297	0.25719329654546	-0.70173587848487	0.58592490315476
6.84000000000000	0.31107473089051	0.25713080403798	-0.70059050225099	0.58503707614594
6.85000000000000	0.30939848150581	0.25706780458346	-0.69944904114869	0.58414745029965
6.86000000000000	0.30772051605451	0.25700095157237	-0.69830869602966	0.58325174233436
6.87000000000000	0.30604235776147	0.25693087200044	-0.69716891948603	0.58235347607577
6.88000000000000	0.30436122740336	0.25684855100185	-0.69602694023398	0.58144774588679
6.89000000000000	0.30268746461026	0.25676997259628	-0.69488784004401	0.58054188401081
6.90000000000000	0.30101662993108	0.25669018740331	-0.69374983777968	0.57963485419254
6.91000000000000	0.29934769926858	0.25660181077431	-0.69260528013137	0.57872176116147
6.92000000000000	0.29768032191289	0.25651217398635	-0.69145862985541	0.57780823666664
6.93000000000000	0.29601540939133	0.25641726557599	-0.69030639940215	0.57689202987613
6.94000000000000	0.29435545429981	0.25631674242535	-0.68914987425614	0.57597486420661
6.95000000000000	0.29270128663373	0.25621919732524	-0.68799462167866	0.57506030449681
6.96000000000000	0.29104572703816	0.25610255244691	-0.68682985372817	0.57414250953441
6.97000000000000	0.28939782370668	0.25599049164566	-0.68566824792401	0.57322990782306
6.98000000000000	0.28774886879286	0.25586623252646	-0.68450224499256	0.57231699364709
6.99000000000000	0.28610358484156	0.25573249402801	-0.68333531009287	0.57140673431563
7.00000000000000	0.28446465292523	0.25560216745182	-0.68217114823901	0.57050014988005
7.01000000000000	0.28282664145914	0.25545237500683	-0.68100464385225	0.56959008864253
7.02000000000000	0.28119544645968	0.25530044425994	-0.67984210818251	0.56868004339130
7.03000000000000	0.27956579675087	0.25513777598492	-0.67867875544992	0.56776596999253
7.04000000000000	0.27794663692747	0.25496623171942	-0.67752040573537	0.56684691945426
7.05000000000000	0.27632963898445	0.25478711148668	-0.67636187301370	0.56592381953026
7.06000000000000	0.27471878888397	0.25459208069639	-0.67520216711244	0.56499097619377
7.07000000000000	0.27311536051135	0.25438847208514	-0.67404469007141	0.56405368447393
7.08000000000000	0.27151266464507	0.25417257879215	-0.67288571948778	0.56311088082424
7.09000000000000	0.26992327786492	0.25394908511423	-0.67173017573361	0.56216657765913
7.10000000000000	0.26833379373670	0.25371511795140	-0.67057093088744	0.56121963441410
7.11000000000000	0.26675017593980	0.25347257022104	-0.66940972393638	0.56027258991360
7.12000000000000	0.26516672177175	0.25321289638160	-0.66824342337950	0.55932505214901
7.13000000000000	0.26358301318970	0.25294415108258	-0.66707408219704	0.55837722100187
7.14000000000000	0.26200225289663	0.25265906576180	-0.66590131843278	0.55743380317954
7.15000000000000	0.26042036062730	0.25236315099828	-0.66472458248704	0.55648980680215
7.16000000000000	0.25884522069189	0.25206782824509	-0.66355105097359	0.55555257161479
7.17000000000000	0.25727252293376	0.25176186655548	-0.66237515803549	0.55461530612826
7.18000000000000	0.25570052307268	0.25144876256362	-0.66119871238296	0.55367720692155
7.19000000000000	0.25413336287096	0.25112410930111	-0.66002404145616	0.55273848634930
7.20000000000000	0.25256788109901	0.25078932176900	-0.65884956715036	0.55179603718121
7.21000000000000	0.25100504448717	0.25044662871917	-0.65767718123598	0.55085137978433
7.22000000000000	0.24944563256505	0.25008683288147	-0.65650417684761	0.54989731381115
7.23000000000000	0.24788969194919	0.24972217588413	-0.65533284557084	0.54894175745856
7.24000000000000	0.24633656467573	0.24933942912723	-0.65415870274497	0.54797943853328
7.25000000000000	0.24478621888707	0.24893656879838	-0.65297822103773	0.54701264742473
7.26000000000000	0.24324077759982	0.24852522159665	-0.65179794150531	0.54604581899848
7.27000000000000	0.24170076096700	0.24808261364788	-0.65060897143598	0.54507758063581
7.28000000000000	0.24016100058670	0.24762583841121	-0.64941570884034	0.54410848640256
7.29000000000000	0.23862433495301	0.24714868387246	-0.64821624773789	0.54313981599392
7.30000000000000	0.23709536803205	0.24665231030093	-0.64701426803888	0.54217426946093
7.31000000000000	0.23557197782928	0.24614786323545	-0.64581265663694	0.54121099725611
7.32000000000000	0.23406098421591	0.24561911512141	-0.64461184887407	0.54024846640537
7.33000000000000	0.23255679082210	0.24508484035530	-0.64341481074573	0.53928743530890
7.34000000000000	0.23106017596261	0.24454092548767	-0.64222108525306	0.53832703869281
7.35000000000000	0.22957170555527	0.24398843382368	-0.64103234154357	0.53736646243318
7.36000000000000	0.22808421635900	0.24342855947844	-0.63984429289927	0.53640428183416
7.37000000000000	0.22659478538215	0.24284749599716	-0.63864999143288	0.53543275960377
7.38000000000000	0.22510921291159	0.24225966307709	-0.63745502825599	0.53445809367103
7.39000000000000	0.22362486184592	0.24166254587186	-0.63625710624457	0.53347894420306
7.40000000000000	0.22214790268635	0.24105516312324	-0.63505621508126	0.53249931384541
7.41000000000000	0.22066879450455	0.24043587677828	-0.63385007820482	0.53151735754848
7.42000000000000	0.21918826597018	0.23979329175570	-0.63263460167758	0.53053141113647
7.43000000000000	0.21771390789021	0.23914121053122	-0.63141804987980	0.52955076464229
7.44000000000000	0.21623993414667	0.23847782942874	-0.63019760534286	0.52857083835209
7.45000000000000	0.21477050631873	0.23778911521605	-0.62896789956691	0.52759287732580
7.46000000000000	0.21330088115531	0.23708780570535	-0.62773452289644	0.52661399292269
7.47000000000000	0.21183332591043	0.23636697058538	-0.62649598320047	0.52563436352478
7.48000000000000	0.21037151973363	0.23562800043409	-0.62525711708755	0.52465743143833
7.49000000000000	0.20890734896596	0.23487192335412	-0.62401290691690	0.52367792958348
7.50000000000000	0.20744771303027	0.23409185639667	-0.62276596058646	0.52270009784892
7.51000000000000	0.20598878073630	0.23330249891952	-0.62151756715009	0.52172061806685
7.52000000000000	0.20452880419308	0.23249687164756	-0.62026704161791	0.52073791700042
7.53000000000000	0.20307091138745	0.23167618659970	-0.61901348703118	0.51974965267719
7.54000000000000	0.20161696764057	0.23085257805135	-0.61776063995279	0.51876070315577
7.55000000000000	0.20017018925483	0.23001738807614	-0.61650681799134	0.51776856476777
7.56000000000000	0.19872121166488	0.22916137641460	-0.61524758573056	0.51676795788022
7.57000000000000	0.19727927081369	0.22830190088681	-0.61399035104689	0.51576589951054
7.58000000000000	0.19584379596398	0.22742417325303	-0.61273478629465	0.51476012311055
7.59000000000000	0.19441047134392	0.22653754001367	-0.61147853284200	0.51375315466916
7.60000000000000	0.19298696040867	0.22564009630189	-0.61022392346236	0.51274732431270
7.61000000000000	0.19156672512076	0.22472605738511	-0.60896571517253	0.51174238682770
7.62000000000000	0.19015404597230	0.22381157406872	-0.60770987569676	0.51074206783449
7.63000000000000	0.18874906887780	0.22287870050669	-0.60645098932012	0.50974810223555
7.64000000000000	0.18734758117359	0.22194169186984	-0.60519146827221	0.50875668043120
7.65000000000000	0.18595512100942	0.22100160480737	-0.60393295771902	0.50777146512142
7.66000000000000	0.18456497988623	0.22004878434503	-0.60266859135824	0.50678708494864
7.67000000000000	0.18318121260307	0.21909821986433	-0.60140523157509	0.50580656348547
7.68000000000000	0.18180087244538	0.21813524132438	-0.60013381269114	0.50482675632481
7.69000000000000	0.18042255406523	0.21716606772370	-0.59885862991274	0.50384614054203
7.70000000000000	0.17904763908663	0.21619044095751	-0.59757974209796	0.50286525250640
7.71000000000000	0.17767931842520	0.21520785348108	-0.59629735994379	0.50188168032457
7.72000000000000	0.17631068384329	0.21421697644441	-0.59501172910173	0.50089460066351
7.73000000000000	0.17494748672895	0.21322024903347	-0.59372305335754	0.49990284072805
7.74000000000000	0.17358620578223	0.21221870959515	-0.59243316442779	0.49890921094880
7.75000000000000	0.17222531757196	0.21121148586106	-0.59114063682066	0.49791295991577
7.76000000000000	0.17086462505675	0.21018699635580	-0.58983998888297	0.49691211326546
7.77000000000000	0.16950433045993	0.20915451685816	-0.58853636731759	0.49590978015083
7.78000000000000	0.16814874857434	0.20811291912025	-0.58722910937855	0.49490752001624
7.79000000000000	0.16679820466695	0.20706382699313	-0.58592201891252	0.49390925421767
7.80000000000000	0.16544761512558	0.20600592331557	-0.58461254315766	0.49291143511318
7.81000000000000	0.16410217153523	0.20493031818918	-0.58330222687379	0.49192301386575
7.82000000000000	0.16276229086681	0.20385332307306	-0.58199312299850	0.49093898572200
7.83000000000000	0.16142650186852	0.20276423714447	-0.58068309484909	0.48995946649965
7.84000000000000	0.16009589968250	0.20166702513787	-0.57937164999481	0.48898133145037
7.85000000000000	0.15877079389555	0.20057054808614	-0.57806058594873	0.48800465149901
7.86000000000000	0.15745071321922	0.19946665403067	-0.57674516777507	0.48702432332179
7.87000000000000	0.15613403590041	0.19836447571676	-0.57542737084265	0.48604204170160
7.88000000000000	0.15481906622595	0.19725915071428	-0.57410557236035	0.48505569224067
7.89000000000000	0.15351607823629	0.19616820869554	-0.57278595103270	0.48406819500414
7.90000000000000	0.15221412594027	0.19507667959312	-0.57146347379930	0.48307721438464
7.91000000000000	0.15091682059936	0.19398989274581	-0.57013468637145	0.48208037653683
7.92000000000000	0.14962230608048	0.19290486761846	-0.56879980659503	0.48108135702460
7.93000000000000	0.14833303375458	0.19182494185513	-0.56746265346743	0.48008231370432
7.94000000000000	0.14705247085203	0.19075345305446	-0.56612319197334	0.47908772565249
7.95000000000000	0.14577473701007	0.18968355464630	-0.56478247032252	0.47809464955489
7.96000000000000	0.14450391998186	0.18861825228426	-0.56344131134193	0.47710610771286
7.97000000000000	0.14323763712234	0.18755345051111	-0.56210058757718	0.47612063878279
7.98000000000000	0.14197759590023	0.18649518452530	-0.56076303762119	0.47513955556556
7.99000000000000	0.14072230336958	0.18543396807955	-0.55942358450407	0.47416031105759
8.00000000000000	0.13946720700114	0.18436903293345	-0.55808110898596	0.47317957536579
8.01000000000000	0.13821717907958	0.18330494079498	-0.55673774937226	0.47219967643188
8.02000000000000	0.13697358682661	0.18223923861679	-0.55539317974165	0.47121943008861
8.03000000000000	0.13573629158534	0.18117819083207	-0.55405088443651	0.47024128051017
8.04000000000000	0.13450305743474	0.18010787360412	-0.55270425919771	0.46925745556035
8.05000000000000	0.13327709557664	0.17904404800432	-0.55135677296062	0.46827531639249
8.06000000000000	0.13205333311241	0.17797712474525	-0.55000457123677	0.46729150798484
8.07000000000000	0.13083586243955	0.17691180345938	-0.54864287210772	0.46630643339491
8.08000000000000	0.12962334688645	0.17585122098981	-0.54728054760605	0.46532330133890
8.09000000000000	0.12841712382341	0.17479494714868	-0.54591194134976	0.46434069908419
8.10000000000000	0.12721675967192	0.17374371321756	-0.54454160386357	0.46335950844546
8.11000000000000	0.12602083979757	0.17269700471158	-0.54317037651288	0.46238012464636
8.12000000000000	0.12483180142960	0.17166150390979	-0.54179755957422	0.46140180551387
8.13000000000000	0.12364663186284	0.17063256820128	-0.54042457741334	0.46042410256404
8.14000000000000	0.12246766371165	0.16961393527744	-0.53905044883697	0.45944634579454
8.15000000000000	0.12129130220557	0.16860166362122	-0.53767338640712	0.45846575343679
8.16000000000000	0.12011777583954	0.16759570376078	-0.53629601060777	0.45748484155552
8.17000000000000	0.11895158251223	0.16660337261690	-0.53491590852655	0.45649923277377
8.18000000000000	0.11778860448399	0.16561621810640	-0.53353460498458	0.45551059049572
8.19000000000000	0.11663144579131	0.16464049481142	-0.53215185809673	0.45451808101975
8.20000000000000	0.11547909115468	0.16367599721966	-0.53076590810889	0.45352081519115
8.21000000000000	0.11433176011345	0.16272133990136	-0.52938032424681	0.45252316013520
8.22000000000000	0.11319206008943	0.16178283480937	-0.52799270014330	0.45152339878136
8.23000000000000	0.11205903997065	0.16085525853502	-0.52660685821383	0.45052518708854
8.24000000000000	0.11093031804243	0.15993406728418	-0.52522062912047	0.44952630945573
8.25000000000000	0.10980762510357	0.15902297454951	-0.52383101015873	0.44852973598888
8.26000000000000	0.10868321695759	0.15810886957284	-0.52243678187338	0.44753188871168
8.27000000000000	0.10756288293800	0.15719972112548	-0.52103715575333	0.44653649671888
8.28000000000000	0.10644767604985	0.15629567124723	-0.51963557175525	0.44554403013337
8.29000000000000	0.10533484519874	0.15539307414957	-0.51823054965331	0.44455251712058
8.30000000000000	0.10423138188779	0.15450303357475	-0.51682276129430	0.44356385915386
8.31000000000000	0.10312721194605	0.15361127777033	-0.51540997524802	0.44257344145465
8.32000000000000	0.10202883701924	0.15272737198374	-0.51399200012208	0.44158368573560
8.33000000000000	0.10093858875848	0.15185369975766	-0.51257017703917	0.44059298921736
8.34000000000000	0.09984907936156	0.15097850754405	-0.51114386927944	0.43959907673460
8.35000000000000	0.09877253959673	0.15011670796423	-0.50971308918588	0.43859971838816
8.36000000000000	0.09769902831793	0.14926118796747	-0.50828145005414	0.43759805147164
8.37000000000000	0.09662820949791	0.14841289622931	-0.50684604173998	0.43659095362185
8.38000000000000	0.09556202384216	0.14757454260168	-0.50540568007304	0.43557500830815
8.39000000000000	0.09449998210908	0.14674394505228	-0.50396477859697	0.43455612778273
8.40000000000000	0.09344649450148	0.14592881804665	-0.50252147547734	0.43352856637481
8.41000000000000	0.09239693293168	0.14512242127322	-0.50107701859990	0.43249789854801
8.42000000000000	0.09135031761953	0.14432313186461	-0.49963044904228	0.43146279673714
8.43000000000000	0.09031170756075	0.14354562396693	-0.49818387154358	0.43043019087308
8.44000000000000	0.08927496887458	0.14277417587998	-0.49673636076776	0.42939792743331
8.45000000000000	0.08824443200038	0.14201725933284	-0.49528611302452	0.42836644884948
8.46000000000000	0.08722112781665	0.14127312838793	-0.49383721796769	0.42733673074072
8.47000000000000	0.08620308782662	0.14053903623429	-0.49238910726350	0.42630844226709
8.48000000000000	0.08519097363067	0.13981691214824	-0.49093929570945	0.42527795861363
8.49000000000000	0.08418132677007	0.13910010823693	-0.48948756320466	0.42424596317123
8.50000000000000	0.08317605062655	0.13839296180851	-0.48803310910662	0.42321147493767
8.51000000000000	0.08217407851493	0.13769467000782	-0.48657423737229	0.42217326730828
8.52000000000000	0.08117453798601	0.13700171931929	-0.48511294327620	0.42113288899126
8.53000000000000	0.08018165893840	0.13632487164752	-0.48364657462588	0.42008684508494
8.54000000000000	0.07918953747715	0.13565063478344	-0.48217685129936	0.41903817847850
8.55000000000000	0.07820243484259	0.13498671421951	-0.48070399750699	0.41798740186620
8.56000000000000	0.07721945725925	0.13433046684553	-0.47922504158137	0.41693361574129
8.57000000000000	0.07624093773092	0.13368197997269	-0.47774517977869	0.41588036889286
8.58000000000000	0.07526966810735	0.13304460800766	-0.47625933884216	0.41482615279314
8.59000000000000	0.07430401338965	0.13241443818546	-0.47477374764774	0.41377267465515
8.60000000000000	0.07334469185452	0.13179351707924	-0.47328792790862	0.41272022026375
8.61000000000000	0.07239632813060	0.13118717379563	-0.47180306609224	0.41166887158883
8.62000000000000	0.07145098511569	0.13058553019091	-0.47031776161672	0.41061741052382
8.63000000000000	0.07051660159694	0.13000156204086	-0.46883329276784	0.40956737786077
8.64000000000000	0.06958575472848	0.12942551713546	-0.46734695176594	0.40851542320286
8.65000000000000	0.06866075389815	0.12886090122894	-0.46586150333302	0.40746412728333
8.66000000000000	0.06774204865340	0.12831154805108	-0.46437407523102	0.40640787127361
8.67000000000000	0.06682851855507	0.12777260848977	-0.46288708081685	0.40535038138694
8.68000000000000	0.06591961296640	0.12724400810984	-0.46139676007735	0.40428620171581
8.69000000000000	0.06501471159977	0.12672463437690	-0.45990221888268	0.40321510435756
8.70000000000000	0.06411242491064	0.12621122918921	-0.45840564610306	0.40214062227302
8.71000000000000	0.06321927933496	0.12571458908374	-0.45690535029911	0.40105953707622
8.72000000000000	0.06232637203009	0.12521831998238	-0.45540153498189	0.39997359383612
8.73000000000000	0.06143929656662	0.12473140546299	-0.45389706449130	0.39888396660116
8.74000000000000	0.06055975583476	0.12425576177409	-0.45239209432039	0.39779167413626
8.75000000000000	0.05968377739998	0.12378518274473	-0.45088673348910	0.39669827034361
8.76000000000000	0.05881218296344	0.12332115377749	-0.44937422587011	0.39560020577356
8.77000000000000	0.05794468459786	0.12286366511897	-0.44785900610874	0.39450068760153
8.78000000000000	0.05708282920009	0.12241522070512	-0.44634237069045	0.39340074160364
8.79000000000000	0.05622925054045	0.12197845770776	-0.44482459777385	0.39229991010159
8.80000000000000	0.05537747927941	0.12154313004580	-0.44330440608286	0.39119754130900
8.81000000000000	0.05453662039422	0.12112235062567	-0.44178477451725	0.39009778212904
8.82000000000000	0.05369833690573	0.12070467300010	-0.44026305699256	0.38899693727643
8.83000000000000	0.05286363713450	0.12029204737447	-0.43873977239515	0.38789563530381
8.84000000000000	0.05203480926500	0.11989195427768	-0.43721676925461	0.38679011230171
8.85000000000000	0.05121085008767	0.11950114376398	-0.43569538129203	0.38568430517336
8.86000000000000	0.05039236003344	0.11912147013060	-0.43417475393073	0.38457556929297
8.87000000000000	0.04958033782544	0.11875343115702	-0.43265478518125	0.38346521115845
8.88000000000000	0.04876858242418	0.11838606196369	-0.43113205277101	0.38235132843177
8.89000000000000	0.04796710255462	0.11803493062647	-0.42961016770403	0.38123555108467
8.90000000000000	0.04717153336950	0.11769374563942	-0.42808966201546	0.38011965669238
8.91000000000000	0.04638164183387	0.11736245576503	-0.42656890658253	0.37900155951124
8.92000000000000	0.04560150747236	0.11704585073539	-0.42504668131274	0.37788154413964
8.93000000000000	0.04482618003086	0.11673589623854	-0.42352394961950	0.37676111650200
8.94000000000000	0.04406344417879	0.11644310878638	-0.42200087737847	0.37564306750748
8.95000000000000	0.04330666106299	0.11615871166732	-0.42047706400003	0.37452734437500
8.96000000000000	0.04255399991818	0.11587892058768	-0.41895137897604	0.37341265447245
8.97000000000000	0.04180766106195	0.11561090694434	-0.41742191403831	0.37230089491459
8.98000000000000	0.04106426130863	0.11534777658416	-0.41589114065160	0.37118972911440
8.99000000000000	0.04032676276241	0.11509406459730	-0.41435597962587	0.37007767806923
9.00000000000000	0.03959261858415	0.11484407265060	-0.41281821762341	0.36896150845917
9.01000000000000	0.03886561439970	0.11460539062054	-0.41128267409171	0.36784617629308
9.02000000000000	0.03814525816100	0.11437262573435	-0.40974934926875	0.36672348086771
9.03000000000000	0.03743158218474	0.11414867268464	-0.40821921775410	0.36559981643168
9.04000000000000	0.03672351422336	0.11393001499868	-0.40669116448822	0.36447040499972
9.05000000000000	0.03602246022003	0.11372230406164	-0.40516298470598	0.36333657837065
9.06000000000000	0.03532833723658	0.11352482176044	-0.40363762344444	0.36220250506783
9.07000000000000	0.03464344566083	0.11333496737185	-0.40211094071335	0.36106173779609
9.08000000000000	0.03396663706933	0.11315379740289	-0.40058737153693	0.35992217279655
9.09000000000000	0.03329957149560	0.11298183221873	-0.39906682444673	0.35878297971831
9.10000000000000	0.03264081305215	0.11282094574183	-0.39754834305518	0.35764564813547
9.11000000000000	0.03198611227014	0.11266641858185	-0.39603086780378	0.35650984792083
9.12000000000000	0.03133742462738	0.11252142002859	-0.39451100249242	0.35537518161878
9.13000000000000	0.03069379738931	0.11238282150800	-0.39299099994931	0.35424172457990
9.14000000000000	0.03005325047726	0.11224746525244	-0.39146949465236	0.35310827992206
9.15000000000000	0.02941780670351	0.11212158061944	-0.38994519268729	0.35197504816957
9.16000000000000	0.02878262986310	0.11199601394621	-0.38841830222720	0.35084017025643
9.17000000000000	0.02815268478969	0.11187988259512	-0.38688790814067	0.34970411172139
9.18000000000000	0.02752809293093	0.11176972812400	-0.38535690624645	0.34856503822047
9.19000000000000	0.02690784301499	0.11166562188513	-0.38382565740098	0.34742443753304
9.20000000000000	0.02629818632358	0.11157349200926	-0.38229587691039	0.34628191422641
9.21000000000000	0.02569513425341	0.11148989505221	-0.38076839014235	0.34514128018182
9.22000000000000	0.02510002357266	0.11141582055306	-0.37924183612246	0.34400191774021
9.23000000000000	0.02451444569957	0.11135576037937	-0.37771591897158	0.34286499896946
9.24000000000000	0.02393393223065	0.11130293854817	-0.37619072377999	0.34172951529613
9.25000000000000	0.02336804417214	0.11127039583424	-0.37466901868934	0.34059871648619
9.26000000000000	0.02280508856150	0.11124162582166	-0.37314588215591	0.33946776312043
9.27000000000000	0.02224503320305	0.11121617364313	-0.37161956455656	0.33833568232317
9.28000000000000	0.02169488345141	0.11120572155098	-0.37009449905956	0.33720469500708
9.29000000000000	0.02114823108788	0.11120046388316	-0.36856988879519	0.33607303714871
9.30000000000000	0.02060948093577	0.11120621256781	-0.36704676804997	0.33493623897541
9.31000000000000	0.02007507278351	0.11121763813715	-0.36552468126769	0.33379676052977
9.32000000000000	0.01954298231994	0.11123164546862	-0.36400311324589	0.33265396978669
9.33000000000000	0.01901963969966	0.11125711404231	-0.36248429154866	0.33151077595664
9.34000000000000	0.01849706433501	0.11128158984254	-0.36096333568449	0.33036457432947
9.35000000000000	0.01798600328112	0.11132109700509	-0.35944637940099	0.32921973041210
9.36000000000000	0.01747913583904	0.11136572174654	-0.35792849142944	0.32807318410467
9.37000000000000	0.01697716483735	0.11141661739934	-0.35641119994211	0.32692640698445
9.38000000000000	0.01648391841539	0.11147815205870	-0.35489281339572	0.32577974659849
9.39000000000000	0.01599422297117	0.11154437826009	-0.35337397657805	0.32463406639231
9.40000000000000	0.01551160295059	0.11161913765596	-0.35185467818843	0.32349033801946
9.41000000000000	0.01503491150073	0.11170236990861	-0.35033397806703	0.32234799919819
9.42000000000000	0.01456061992939	0.11178933505168	-0.34881250302492	0.32120627313501
9.43000000000000	0.01409469107985	0.11189059284439	-0.34729114712906	0.32006581477677
9.44000000000000	0.01363312881643	0.11199818927686	-0.34577011811264	0.31892532684024
9.45000000000000	0.01317844601060	0.11211540055280	-0.34424986678871	0.31778489917440
9.46000000000000	0.01273036548115	0.11224064381911	-0.34272798613567	0.31664154840847
9.47000000000000	0.01228689178459	0.11237254260379	-0.34120752682432	0.31549836107643
9.48000000000000	0.01185059828462	0.11251472171497	-0.33968670788745	0.31435193407121
9.49000000000000	0.01142284832001	0.11267078034714	-0.33816992897214	0.31320750177426
9.50000000000000	0.01099733322864	0.11283045560734	-0.33665175183960	0.31206060043846
9.51000000000000	0.01058075664786	0.11300281597962	-0.33513359358635	0.31091342275243
9.52000000000000	0.01016820779373	0.11318138640391	-0.33361608488629	0.30976717397764
9.53000000000000	0.00976464786347	0.11337354392518	-0.33209915294255	0.30862281907297
9.54000000000000	0.00936640883030	0.11357563075680	-0.33058350344096	0.30748070511848
9.55000000000000	0.00897144068015	0.11378410241057	-0.32906823449360	0.30633983300567
9.56000000000000	0.00858663632457	0.11400933052778	-0.32755464959382	0.30520243876277
9.57000000000000	0.00820853713918	0.11424459011531	-0.32604332424461	0.30406794606640
9.58000000000000	0.00783568318008	0.11448757650908	-0.32452974774604	0.30293397669606
9.59000000000000	0.00747204773394	0.11474456714430	-0.32301694040753	0.30180251036465
9.60000000000000	0.00711184436578	0.11500673352723	-0.32150361087484	0.30067134406755
9.61000000000000	0.00676027253088	0.11528013956431	-0.31999128063637	0.29953845500856
9.62000000000000	0.00641308431374	0.11555924101161	-0.31848066548231	0.29840432086318
9.63000000000000	0.00607459725542	0.11585143876825	-0.31697426892354	0.29727050137722
9.64000000000000	0.00574395902345	0.11615640823420	-0.31547141428421	0.29613430058476
9.65000000000000	0.00541698862901	0.11646701823678	-0.31396938269495	0.29499648242123
9.66000000000000	0.00510040462779	0.11679307572396	-0.31247115277050	0.29385653781865
9.67000000000000	0.00478838419828	0.11712610644480	-0.31097379047180	0.29271573665623
9.68000000000000	0.00448005852890	0.11746476019687	-0.30947574237322	0.29157312738011
9.69000000000000	0.00418123297999	0.11781904564146	-0.30797930279325	0.29043182218772
9.70000000000000	0.00388428597309	0.11817651627337	-0.30648120584408	0.28929028176391
9.71000000000000	0.00359637067545	0.11854885444919	-0.30498395377941	0.28815290452624
9.72000000000000	0.00331110129330	0.11892633082382	-0.30348379573745	0.28701741244965
9.73000000000000	0.00303057053747	0.11931209900408	-0.30198370662144	0.28588496251067
9.74000000000000	0.00276161887875	0.11971754345993	-0.30048512275501	0.28475807755721
9.75000000000000	0.00249435990374	0.12012478022031	-0.29898386530879	0.28363032427632
9.76000000000000	0.00223519192956	0.12054327405069	-0.29748234115766	0.28250470463545
9.77000000000000	0.00198137479160	0.12097074581609	-0.29597911933308	0.28137585446395
9.78000000000000	0.00173065969542	0.12140295974223	-0.29447592474325	0.28024570976171
9.79000000000000	0.00149159150242	0.12185651067313	-0.29297620562089	0.27911599696842
9.80000000000000	0.00125498973598	0.12231453717261	-0.29147630856300	0.27798416809074
9.81000000000000	0.00102589998755	0.12278600496695	-0.28997939906826	0.27685253678832
9.82000000000000	0.00080424514223	0.12326948498883	-0.28848475235002	0.27571800363489
9.83000000000000	0.00058727860473	0.12376079140429	-0.28699260906929	0.27458379587354
9.84000000000000	0.00037831879671	0.12426403152830	-0.28550295994692	0.27344844006242
9.85000000000000	0.00017429597746	0.12477384138045	-0.28401400379952	0.27231251983321
9.86000000000000	-0.00002379846790	0.12529226440096	-0.28252760351995	0.27117761976278
9.87000000000000	-0.00021444657135	0.12582101352299	-0.28103948446927	0.27004500417438
9.88000000000000	-0.00039969787379	0.12635773380844	-0.27955253850972	0.26891512538184
9.89000000000000	-0.00058087866567	0.12690035874534	-0.27806324382672	0.26778719268442
9.90000000000000	-0.00075670160563	0.12745384142345	-0.27657363174160	0.26666175813445
9.91000000000000	-0.00092818260401	0.12801529421384	-0.27508418092674	0.26553813641067
9.92000000000000	-0.00109220261990	0.12858818573603	-0.27359035123504	0.26441581506497
9.93000000000000	-0.00124924256417	0.12917207439033	-0.27209924538189	0.26329688887043
9.94000000000000	-0.00140082060625	0.12976329678637	-0.27060781348404	0.26217902510517
9.95000000000000	-0.00154300903624	0.13037064956770	-0.26912044073843	0.26106218029679
9.96000000000000	-0.00168276275120	0.13098167081234	-0.26763309386572	0.25994359697413
9.97000000000000	-0.00181013875993	0.13161156319299	-0.26615038373734	0.25882196777397
9.98000000000000	-0.00193073611350	0.13225136244547	-0.26467089020895	0.25769949550679
9.99000000000000	-0.00204666069489	0.13289753566530	-0.26319144604824	0.25657266105135
10.00000000000000	-0.00215471809476	0.13355566635835	-0.26171514565218	0.25544250669082
