
 etall    1, NO =    4, NV =    5, INA =   26
 *********************************************

    I  COEFFICIENT          ORDER   EXPONENTS
     1   0.4614180974298E-01    1     1 0  0 0  0
   4.6141809742983098E-002
     2    21.31429477468        1     0 1  0 0  0
   21.314294774678487     
     3  -0.3564120252133E-01    1     0 0  0 0  1
  -3.5641202521331364E-002
     4   0.3598379163961        2     2 0  0 0  0
  0.35983791639613577     
     5   -16.35046526910        2     1 1  0 0  0
  -16.350465269098528     
     6   -730.3928300363        2     0 2  0 0  0
  -730.39283003627270     
     7    1.343938568942        2     0 0  2 0  0
   1.3439385689421570     
     8    95.79223468090        2     0 0  1 1  0
   95.792234680895504     
     9   0.2467429930282        2     1 0  0 0  1
  0.24674299302824609     
    10    116.3040752768        2     0 1  0 0  1
   116.30407527677140     
    11    1172.271594297        2     0 0  0 2  0
   1172.2715942973557     
    12   -5.472888449531        2     0 0  0 0  2
  -5.4728884495313377     
    13   -102.0218807119        3     3 0  0 0  0
  -102.02188071189340     
    14    4285.313930974        3     2 1  0 0  0
   4285.3139309735325     
    15   -81004.80874697        3     1 2  0 0  0
  -81004.808746967930     
    16    640445.8747509        3     0 3  0 0  0
   640445.87475094968     
    17    153.4004808967        3     1 0  2 0  0
   153.40048089671438     
    18   -1068.325853781        3     0 1  2 0  0
  -1068.3258537810643     
    19    6251.280828253        3     1 0  1 1  0
   6251.2808282526621     
    20   -103409.3898259        3     0 1  1 1  0
  -103409.38982589735     
    21    58.91900801874        3     2 0  0 0  1
   58.919008018742581     
    22   -3150.016359156        3     1 1  0 0  1
  -3150.0163591558617     
    23   -6043.620505959        3     0 2  0 0  1
  -6043.6205059586246     
    24    41.62976672730        3     0 0  2 0  1
   41.629766727299156     
    25    131882.7133609        3     1 0  0 2  0
   131882.71336088027     
    26   -3892317.079361        3     0 1  0 2  0
  -3892317.0793611226     
    27    4360.866783353        3     0 0  1 1  1
   4360.8667833534910     
    28   -696.5840604174        3     1 0  0 0  2
  -696.58406041740682     
    29    7931.327263502        3     0 1  0 0  2
   7931.3272635020867     
    30    98430.67701687        3     0 0  0 2  1
   98430.677016866510     
    31   -157.9450217864        3     0 0  0 0  3
  -157.94502178641926     
    32   -159.4127514265        4     4 0  0 0  0
  -159.41275142648260     
    33    538.8082048330        4     3 1  0 0  0
   538.80820483296520     
    34    4612.580775860        4     2 2  0 0  0
   4612.5807758598239     
    35    2233130.527079        4     1 3  0 0  0
   2233130.5270791957     
    36   -39612197.92148        4     0 4  0 0  0
  -39612197.921481796     
    37    228.6982222482        4     2 0  2 0  0
   228.69822224818077     
    38    1564.587717397        4     1 1  2 0  0
   1564.5877173968545     
    39   -224010.6978661        4     0 2  2 0  0
  -224010.69786612227     
    40   -60.73510552045        4     0 0  4 0  0
  -60.735105520450460     
    41    13724.24515940        4     2 0  1 1  0
   13724.245159398293     
    42    585716.8842629        4     1 1  1 1  0
   585716.88426291174     
    43   -19595530.81691        4     0 2  1 1  0
  -19595530.816908658     
    44   -7079.795416130        4     0 0  3 1  0
  -7079.7954161300995     
    45    2948.500903729        4     3 0  0 0  1
   2948.5009037285190     
    46   -106029.6731346        4     2 1  0 0  1
  -106029.67313463292     
    47    1910364.320210        4     1 2  0 0  1
   1910364.3202103437     
    48   -9748514.295848        4     0 3  0 0  1
  -9748514.2958476450     
    49    1393.826252482        4     1 0  2 0  1
   1393.8262524822833     
    50   -23283.93784285        4     0 1  2 0  1
  -23283.937842845669     
    51    247834.1538414        4     2 0  0 2  0
   247834.15384141583     
    52    10140974.31539        4     1 1  0 2  0
   10140974.315386271     
    53   -233074202.9206        4     0 2  0 2  0
  -233074202.92062855     
    54   -467141.3733966        4     0 0  2 2  0
  -467141.37339655566     
    55    13602.34182753        4     1 0  1 1  1
   13602.341827530170     
    56    425834.5925424        4     0 1  1 1  1
   425834.59254236100     
    57   -562.7571998783        4     2 0  0 0  2
  -562.75719987826267     
    58    46922.59703136        4     1 1  0 0  2
   46922.597031363526     
    59   -961207.3615507        4     0 2  0 0  2
  -961207.36155071470     
    60    550.4426848376        4     0 0  2 0  2
   550.44268483757730     
    61   -14116351.38452        4     0 0  1 3  0
  -14116351.384515192     
    62    406468.8358315        4     1 0  0 2  1
   406468.83583148837     
    63    11938034.83098        4     0 1  0 2  1
   11938034.830984812     
    64    63473.82747462        4     0 0  1 1  2
   63473.827474620026     
    65    8818.462451371        4     1 0  0 0  3
   8818.4624513712806     
    66   -80521.41403000        4     0 1  0 0  3
  -80521.414030001572     
    67   -126242322.7167        4     0 0  0 4  0
  -126242322.71668488     
    68    1734867.518286        4     0 0  0 2  2
   1734867.5182862733     
    69   -1475.995755454        4     0 0  0 0  4
  -1475.9957554544037     
                                      

 etall    1, NO =    4, NV =    5, INA =   29
 *********************************************

    I  COEFFICIENT          ORDER   EXPONENTS
     1  -0.4405290401999E-01    1     1 0  0 0  0
  -4.4052904019986329E-002
     2    1.322952402114        1     0 1  0 0  0
   1.3229524021144778     
     3  -0.1484950340607E-01    1     0 0  0 0  1
  -1.4849503406070443E-002
     4   0.1211654161719E-02    2     2 0  0 0  0
   1.2116541617186501E-003
     5   -3.904491124696        2     1 1  0 0  0
  -3.9044911246963414     
     6    29.92148572930        2     0 2  0 0  0
   29.921485729304948     
     7   0.1067683452111        2     0 0  2 0  0
  0.10676834521114102     
     8    6.310255358510        2     0 0  1 1  0
   6.3102553585101475     
     9   0.2537074705920        2     1 0  0 0  1
  0.25370747059199195     
    10  -0.9181626410566        2     0 1  0 0  1
 -0.91816264105657819     
    11    74.95012310677        2     0 0  0 2  0
   74.950123106770164     
    12  -0.1104531020978        2     0 0  0 0  2
 -0.11045310209784232     
    13   -3.353634987107        3     3 0  0 0  0
  -3.3536349871071200     
    14    96.63697271190        3     2 1  0 0  0
   96.636972711899972     
    15   -1394.052572663        3     1 2  0 0  0
  -1394.0525726634978     
    16   -3656.539360377        3     0 3  0 0  0
  -3656.5393603774173     
    17    7.413866701950        3     1 0  2 0  0
   7.4138667019496429     
    18    122.1587882519        3     0 1  2 0  0
   122.15878825190103     
    19    192.9979259714        3     1 0  1 1  0
   192.99792597138901     
    20    10764.29756099        3     0 1  1 1  0
   10764.297560992925     
    21   0.2648127066283        3     2 0  0 0  1
  0.26481270662833012     
    22   -175.1195970784        3     1 1  0 0  1
  -175.11959707836513     
    23    1221.781070626        3     0 2  0 0  1
   1221.7810706256430     
    24    6.840046876792        3     0 0  2 0  1
   6.8400468767920586     
    25    531.9782919925        3     1 0  0 2  0
   531.97829199249645     
    26    190010.9056725        3     0 1  0 2  0
   190010.90567247945     
    27    434.1827553663        3     0 0  1 1  1
   434.18275536629022     
    28   -28.43044990417        3     1 0  0 0  2
  -28.430449904172150     
    29   -88.67596626980        3     0 1  0 0  2
  -88.675966269804235     
    30    6211.763220211        3     0 0  0 2  1
   6211.7632202107070     
    31   -11.76796903778        3     0 0  0 0  3
  -11.767969037778585     
    32    2.779527993171        4     4 0  0 0  0
   2.7795279931707899     
    33   -712.4164337665        4     3 1  0 0  0
  -712.41643376646562     
    34    18201.89731331        4     2 2  0 0  0
   18201.897313310634     
    35   -148779.2367659        4     1 3  0 0  0
  -148779.23676591419     
    36    311300.7120103        4     0 4  0 0  0
   311300.71201027627     
    37   0.1752164972951        4     2 0  2 0  0
  0.17521649729506983     
    38    458.8099440286        4     1 1  2 0  0
   458.80994402860011     
    39   -5674.612014387        4     0 2  2 0  0
  -5674.6120143869393     
    40   -4.679215137495        4     0 0  4 0  0
  -4.6792151374945945     
    41    198.1237209939        4     2 0  1 1  0
   198.12372099394611     
    42    39525.09058930        4     1 1  1 1  0
   39525.090589302068     
    43   -789596.0494877        4     0 2  1 1  0
  -789596.04948774399     
    44   -443.9307203396        4     0 0  3 1  0
  -443.93072033955576     
    45    105.5816353228        4     3 0  0 0  1
   105.58163532277686     
    46   -2124.030881561        4     2 1  0 0  1
  -2124.0308815614453     
    47    21728.14426904        4     1 2  0 0  1
   21728.144269042285     
    48    66977.13406639        4     0 3  0 0  1
   66977.134066392377     
    49   -26.82979713288        4     1 0  2 0  1
  -26.829797132883698     
    50   -3011.162681050        4     0 1  2 0  1
  -3011.1626810504949     
    51   -6542.948510963        4     2 0  0 2  0
  -6542.9485109634188     
    52    1226403.849573        4     1 1  0 2  0
   1226403.8495729298     
    53   -20520349.45983        4     0 2  0 2  0
  -20520349.459834769     
    54   -22743.41436336        4     0 0  2 2  0
  -22743.414363362645     
    55   -24.06950325818        4     1 0  1 1  1
  -24.069503258184227     
    56   -211001.3084648        4     0 1  1 1  1
  -211001.30846477766     
    57    75.99025047395        4     2 0  0 0  2
   75.990250473947754     
    58   -2098.222323652        4     1 1  0 0  2
  -2098.2223236516634     
    59    19064.24746556        4     0 2  0 0  2
   19064.247465555956     
    60   -77.80221248425        4     0 0  2 0  2
  -77.802212484253744     
    61   -668616.8144122        4     0 0  1 3  0
  -668616.81441221654     
    62    61991.89762124        4     1 0  0 2  1
   61991.897621244898     
    63   -3843150.769013        4     0 1  0 2  1
  -3843150.7690125611     
    64   -5445.783674090        4     0 0  1 1  2
  -5445.7836740896937     
    65    468.1029311397        4     1 0  0 0  3
   468.10293113972853     
    66   -1169.386179880        4     0 1  0 0  3
  -1169.3861798795328     
    67   -7601480.676633        4     0 0  0 4  0
  -7601480.6766327117     
    68   -85582.19162036        4     0 0  0 2  2
  -85582.191620358455     
    69    112.8225275039        4     0 0  0 0  4
   112.82252750393761     
                                      

 etall    1, NO =    4, NV =    5, INA =   30
 *********************************************

    I  COEFFICIENT          ORDER   EXPONENTS
     1    2.143616192300        1     0 0  1 0  0
   2.1436161923002950     
     2    68.83305068300        1     0 0  0 1  0
   68.833050682998078     
     3  -0.8414029773468        2     1 0  1 0  0
 -0.84140297734679381     
     4    51.86383080342        2     0 1  1 0  0
   51.863830803416043     
     5    74.28447336513        2     1 0  0 1  0
   74.284473365134232     
     6    334.8407954430        2     0 1  0 1  0
   334.84079544303091     
     7   -30.28608242433        2     0 0  1 0  1
  -30.286082424331685     
     8   -1080.903433508        2     0 0  0 1  1
  -1080.9034335083588     
     9    191.1038084858        3     2 0  1 0  0
   191.10380848583114     
    10    2707.983122131        3     1 1  1 0  0
   2707.9831221311761     
    11   -116313.0384047        3     0 2  1 0  0
  -116313.03840466903     
    12    1.527178961568        3     0 0  3 0  0
   1.5271789615683540     
    13   -2469.595318737        3     2 0  0 1  0
  -2469.5953187370433     
    14    418223.7467881        3     1 1  0 1  0
   418223.74678807810     
    15   -7245672.560035        3     0 2  0 1  0
  -7245672.5600352939     
    16   -1074.929366455        3     0 0  2 1  0
  -1074.9293664548177     
    17   -155.4052213841        3     1 0  1 0  1
  -155.40522138410688     
    18    4294.862861043        3     0 1  1 0  1
   4294.8628610434189     
    19   -87442.07809131        3     0 0  1 2  0
  -87442.078091306408     
    20   -7124.894129518        3     1 0  0 1  1
  -7124.8941295184486     
    21    239553.2955050        3     0 1  0 1  1
   239553.29550495656     
    22    309.2766090115        3     0 0  1 0  2
   309.27660901154809     
    23   -1597149.048639        3     0 0  0 3  0
  -1597149.0486392793     
    24    24189.25988414        3     0 0  0 1  2
   24189.259884141378     
    25    19.06136346068        4     3 0  1 0  0
   19.061363460681832     
    26    2559.803325860        4     2 1  1 0  0
   2559.8033258598280     
    27    570726.0714652        4     1 2  1 0  0
   570726.07146522438     
    28   -3546300.628708        4     0 3  1 0  0
  -3546300.6287080348     
    29    91.18669760379        4     1 0  3 0  0
   91.186697603786342     
    30   -5187.136395598        4     0 1  3 0  0
  -5187.1363955982260     
    31   -4899.205511033        4     3 0  0 1  0
  -4899.2055110334650     
    32    75263.13127714        4     2 1  0 1  0
   75263.131277141962     
    33    13142023.84403        4     1 2  0 1  0
   13142023.844028901     
    34    28366205.34107        4     0 3  0 1  0
   28366205.341065537     
    35    22789.11694158        4     1 0  2 1  0
   22789.116941575681     
    36   -978076.7862309        4     0 1  2 1  0
  -978076.78623085539     
    37   -595.0712259247        4     2 0  1 0  1
  -595.07122592472035     
    38   -251678.6466737        4     1 1  1 0  1
  -251678.64667372851     
    39    4173845.933684        4     0 2  1 0  1
   4173845.9336842070     
    40   -509.2393125472        4     0 0  3 0  1
  -509.23931254720912     
    41    1010326.885263        4     1 0  1 2  0
   1010326.8852634884     
    42   -44674370.46676        4     0 1  1 2  0
  -44674370.466762714     
    43    27584.36836586        4     2 0  0 1  1
   27584.368365864437     
    44   -9267142.854656        4     1 1  0 1  1
  -9267142.8546558358     
    45    118199055.4376        4     0 2  0 1  1
   118199055.43759428     
    46    35132.29110239        4     0 0  2 1  1
   35132.291102387855     
    47    391.7338335422        4     1 0  1 0  2
   391.73383354218748     
    48    32212.16387640        4     0 1  1 0  2
   32212.163876396011     
    49    7825653.077214        4     1 0  0 3  0
   7825653.0772143807     
    50   -505339474.6509        4     0 1  0 3  0
  -505339474.65086216     
    51    3531731.531454        4     0 0  1 2  1
   3531731.5314539904     
    52   -4561.635992668        4     1 0  0 1  2
  -4561.6359926684927     
    53    1421653.628753        4     0 1  0 1  2
   1421653.6287530651     
    54   -7014.971389234        4     0 0  1 0  3
  -7014.9713892337259     
    55    71669212.78540        4     0 0  0 3  1
   71669212.785403579     
    56   -542842.6543979        4     0 0  0 1  3
  -542842.65439792420     
                                      

 etall    1, NO =    4, NV =    5, INA =   31
 *********************************************

    I  COEFFICIENT          ORDER   EXPONENTS
     1  -0.5476548801770E-01    1     0 0  1 0  0
  -5.4765488017702167E-002
     2   -1.292057609170        1     0 0  0 1  0
  -1.2920576091700067     
     3   0.8133060769718E-01    2     1 0  1 0  0
   8.1330607697175109E-002
     4  -0.8606473315168        2     0 1  1 0  0
 -0.86064733151681372     
     5   0.2065982184920        2     1 0  0 1  0
  0.20659821849203253     
     6   -4.929820818137        2     0 1  0 1  0
  -4.9298208181366618     
     7   0.6712969984159        2     0 0  1 0  1
  0.67129699841589430     
     8    30.91610398407        2     0 0  0 1  1
   30.916103984070418     
     9   -1.535949223082        3     2 0  1 0  0
  -1.5359492230815839     
    10   -106.1976826688        3     1 1  1 0  0
  -106.19768266876301     
    11    4735.279607924        3     0 2  1 0  0
   4735.2796079239615     
    12   0.2571421924591        3     0 0  3 0  0
  0.25714219245913156     
    13    131.8599321773        3     2 0  0 1  0
   131.85993217729600     
    14   -12486.76457756        3     1 1  0 1  0
  -12486.764577562808     
    15    267044.4878671        3     0 2  0 1  0
   267044.48786711588     
    16    56.62499271858        3     0 0  2 1  0
   56.624992718575328     
    17    6.567873356633        3     1 0  1 0  1
   6.5678733566329646     
    18   -8.268092011204        3     0 1  1 0  1
  -8.2680920112040042     
    19    3427.140878557        3     0 0  1 2  0
   3427.1408785566337     
    20    296.5637835296        3     1 0  0 1  1
   296.56378352962065     
    21   -4075.747884172        3     0 1  0 1  1
  -4075.7478841722859     
    22   -9.473701688537        3     0 0  1 0  2
  -9.4737016885366572     
    23    59986.12511728        3     0 0  0 3  0
   59986.125117278098     
    24   -637.4820160028        3     0 0  0 1  2
  -637.48201600279765     
    25   0.4506797940690        4     3 0  1 0  0
  0.45067979406901248     
    26    507.8572406874        4     2 1  1 0  0
   507.85724068735914     
    27   -32072.61534481        4     1 2  1 0  0
  -32072.615344808764     
    28    155298.1260303        4     0 3  1 0  0
   155298.12603031989     
    29   -2.216990400027        4     1 0  3 0  0
  -2.2169904000273220     
    30   -142.7421425987        4     0 1  3 0  0
  -142.74214259865988     
    31    37.54039168142        4     3 0  0 1  0
   37.540391681415031     
    32    20953.90968369        4     2 1  0 1  0
   20953.909683691083     
    33   -892571.4447240        4     1 2  0 1  0
  -892571.44472401543     
    34   -955249.8470797        4     0 3  0 1  0
  -955249.84707973024     
    35   -482.9771687916        4     1 0  2 1  0
  -482.97716879157406     
    36   -5540.423915001        4     0 1  2 1  0
  -5540.4239150012872     
    37    71.89944072878        4     2 0  1 0  1
   71.899440728780107     
    38    4668.803692218        4     1 1  1 0  1
   4668.8036922183474     
    39   -93514.15527759        4     0 2  1 0  1
  -93514.155277592916     
    40   -46.44716515400        4     0 0  3 0  1
  -46.447165153997993     
    41   -17639.06847669        4     1 0  1 2  0
  -17639.068476692984     
    42   -85201.10196627        4     0 1  1 2  0
  -85201.101966265589     
    43    441.9129275795        4     2 0  0 1  1
   441.91292757953443     
    44    207167.1860090        4     1 1  0 1  1
   207167.18600903766     
    45   -2702129.061230        4     0 2  0 1  1
  -2702129.0612304253     
    46   -6028.193150399        4     0 0  2 1  1
  -6028.1931503990436     
    47    3.357260380441        4     1 0  1 0  2
   3.3572603804407422     
    48   -247.2925989993        4     0 1  1 0  2
  -247.29259899926001     
    49   -12777.58129930        4     1 0  0 3  0
  -12777.581299304205     
    50   -4640421.716616        4     0 1  0 3  0
  -4640421.7166158147     
    51   -248049.4689766        4     0 0  1 2  1
  -248049.46897656037     
    52    1658.169341071        4     1 0  0 1  2
   1658.1693410705943     
    53   -60241.00759283        4     0 1  0 1  2
  -60241.007592833659     
    54    387.3657878842        4     0 0  1 0  3
   387.36578788420121     
    55   -3520010.716125        4     0 0  0 3  1
  -3520010.7161250119     
    56    20963.98522629        4     0 0  0 1  3
   20963.985226289406     
                                      

 etall    1, NO =    4, NV =    5, INA =   32
 *********************************************

    I  COEFFICIENT          ORDER   EXPONENTS
     1    1.000000000000        1     0 0  0 0  1
   1.0000000000000000     
                                      

 etall    1, NO =    4, NV =    5, INA =   42
 *********************************************

    I  COEFFICIENT          ORDER   EXPONENTS
     1   0.8695266728864E-12    0     0 0  0 0  0
   8.6952667288642260E-013
     2  -0.2255281434770E-02    1     1 0  0 0  0
  -2.2552814347695516E-003
     3  -0.2693550783647        1     0 1  0 0  0
 -0.26935507836474437     
     4    13.09994781587        1     0 0  0 0  1
   13.099947815865990     
     5   0.5987904060158E-02    2     2 0  0 0  0
   5.9879040601581567E-003
     6    5.184802110190        2     1 1  0 0  0
   5.1848021101904065     
     7   -74.80496392283        2     0 2  0 0  0
  -74.804963922831618     
     8  -0.1259659523755        2     0 0  2 0  0
 -0.12596595237550967     
     9    5.878495041023        2     0 0  1 1  0
   5.8784950410226413     
    10  -0.4870078427785        2     1 0  0 0  1
 -0.48700784277847403     
    11    8.012499705242        2     0 1  0 0  1
   8.0124997052422380     
    12    350.9937846912        2     0 0  0 2  0
   350.99378469123116     
    13    7.664866663405        2     0 0  0 0  2
   7.6648666634054052     
    14    2.325367195888        3     3 0  0 0  0
   2.3253671958883442     
    15   -135.6781023581        3     2 1  0 0  0
  -135.67810235810754     
    16    1412.452245013        3     1 2  0 0  0
   1412.4522450128368     
    17   -167.9328191802        3     0 3  0 0  0
  -167.93281918024235     
    18    2.034196615843        3     1 0  2 0  0
   2.0341966158425566     
    19    119.6849679537        3     0 1  2 0  0
   119.68496795366448     
    20    244.2147119990        3     1 0  1 1  0
   244.21471199904698     
    21    6152.934235178        3     0 1  1 1  0
   6152.9342351781015     
    22   -32.93009086486        3     2 0  0 0  1
  -32.930090864859423     
    23    662.2878313890        3     1 1  0 0  1
   662.28783138904430     
    24   -11760.68141491        3     0 2  0 0  1
  -11760.681414910516     
    25   -2.872911663786        3     0 0  2 0  1
  -2.8729116637860579     
    26    5203.245935393        3     1 0  0 2  0
   5203.2459353925105     
    27    71774.75724380        3     0 1  0 2  0
   71774.757243795961     
    28   -295.6531041947        3     0 0  1 1  1
  -295.65310419474298     
    29   -10.44964655308        3     1 0  0 0  2
  -10.449646553083380     
    30   -282.2957295030        3     0 1  0 0  2
  -282.29572950298427     
    31   -13304.74132830        3     0 0  0 2  1
  -13304.741328301046     
    32   -83.84339166812        3     0 0  0 0  3
  -83.843391668115814     
    33    17.37648424745        4     4 0  0 0  0
   17.376484247452041     
    34   -394.6300726720        4     3 1  0 0  0
  -394.63007267201431     
    35    13611.41774403        4     2 2  0 0  0
   13611.417744032842     
    36   -271887.8358118        4     1 3  0 0  0
  -271887.83581184770     
    37    3702568.995864        4     0 4  0 0  0
   3702568.9958638023     
    38    132.9738954649        4     2 0  2 0  0
   132.97389546492411     
    39   -3864.748621061        4     1 1  2 0  0
  -3864.7486210612360     
    40    40546.93281799        4     0 2  2 0  0
   40546.932817991445     
    41   -22.14459942361        4     0 0  4 0  0
  -22.144599423614803     
    42    8031.089765525        4     2 0  1 1  0
   8031.0897655253339     
    43   -162571.0350745        4     1 1  1 1  0
  -162571.03507445191     
    44    1459152.988874        4     0 2  1 1  0
   1459152.9888735386     
    45   -2379.876123728        4     0 0  3 1  0
  -2379.8761237275457     
    46   -75.93559511295        4     3 0  0 0  1
  -75.935595112952342     
    47    1157.270946922        4     2 1  0 0  1
   1157.2709469217391     
    48   -17957.19327912        4     1 2  0 0  1
  -17957.193279121617     
    49    808712.5581752        4     0 3  0 0  1
   808712.55817521492     
    50    118.2800052595        4     1 0  2 0  1
   118.28000525952572     
    51    54.67848882775        4     0 1  2 0  1
   54.678488827751103     
    52    103178.6358783        4     2 0  0 2  0
   103178.63587826757     
    53   -577901.2215912        4     1 1  0 2  0
  -577901.22159124969     
    54    1680517.059043        4     0 2  0 2  0
   1680517.0590425127     
    55   -107630.1352409        4     0 0  2 2  0
  -107630.13524086114     
    56    6715.685208075        4     1 0  1 1  1
   6715.6852080748713     
    57   -85333.26282937        4     0 1  1 1  1
  -85333.262829370302     
    58    688.7922725109        4     2 0  0 0  2
   688.79227251086809     
    59   -14190.93062705        4     1 1  0 0  2
  -14190.930627046891     
    60    190511.3813717        4     0 2  0 0  2
   190511.38137171397     
    61    766.8011828172        4     0 0  2 0  2
   766.80118281719797     
    62   -2459806.116465        4     0 0  1 3  0
  -2459806.1164651290     
    63    89954.88900963        4     1 0  0 2  1
   89954.889009628940     
    64   -1988155.928765        4     0 1  0 2  1
  -1988155.9287648152     
    65    53348.52373220        4     0 0  1 1  2
   53348.523732198955     
    66   -399.3394087366        4     1 0  0 0  3
  -399.33940873655433     
    67    11319.89096815        4     0 1  0 0  3
   11319.890968145768     
    68   -24270943.17829        4     0 0  0 4  0
  -24270943.178285941     
    69    1094620.708894        4     0 0  0 2  2
   1094620.7088942949     
    70    206.9638179819        4     0 0  0 0  4
   206.96381798191402     
                                      
