
 etall    1, NO =    4, NV =    5, INA =   27
 *********************************************

    I  COEFFICIENT          ORDER   EXPONENTS
     1   0.4614180974359E-01    1     1 0  0 0  0
  4.61418097435861707E-002
     2    21.31429477467        1     0 1  0 0  0
   21.314294774669499     
     3  -0.3564120252125E-01    1     0 0  0 0  1
 -3.56412025212462374E-002
     4   0.3691051209731        2     2 0  0 0  0
  0.36910512097312431     
     5   -16.80483474423        2     1 1  0 0  0
  -16.804834744225353     
     6   -752.6157181180        2     0 2  0 0  0
  -752.61571811804015     
     7    1.380656618371        2     0 0  2 0  0
   1.3806566183710856     
     8    98.32612086371        2     0 0  1 1  0
   98.326120863713783     
     9   -8.167582053837        2     1 0  0 0  1
  -8.1675820538372133     
    10    247.9498146947        2     0 1  0 0  1
   247.94981469471108     
    11    1202.448689822        2     0 0  0 2  0
   1202.4486898224409     
    12   -7.051884033598        2     0 0  0 0  2
  -7.0518840335977435     
    13   -109.1842995515        3     3 0  0 0  0
  -109.18429955147893     
    14    4584.839520535        3     2 1  0 0  0
   4584.8395205348188     
    15   -86672.26620231        3     1 2  0 0  0
  -86672.266202313534     
    16    684532.8125921        3     0 3  0 0  0
   684532.81259206298     
    17    166.6578019005        3     1 0  2 0  0
   166.65780190053906     
    18   -1162.196011897        3     0 1  2 0  0
  -1162.1960118968605     
    19    6796.430739293        3     1 0  1 1  0
   6796.4307392929659     
    20   -110947.5645720        3     0 1  1 1  0
  -110947.56457198091     
    21    54.88276562279        3     2 0  0 0  1
   54.882765622792029     
    22   -3072.597340522        3     1 1  0 0  1
  -3072.5973405221403     
    23   -13146.41220397        3     0 2  0 0  1
  -13146.412203973327     
    24    47.92857146799        3     0 0  2 0  1
   47.928571467985307     
    25    143109.7123776        3     1 0  0 2  0
   143109.71237760002     
    26   -4171187.253324        3     0 1  0 2  0
  -4171187.2533242498     
    27    5123.414731378        3     0 0  1 1  1
   5123.4147313778158     
    28   -727.6239824833        3     1 0  0 0  2
  -727.62398248333511     
    29    8585.699014765        3     0 1  0 0  2
   8585.6990147646393     
    30    116469.4536257        3     0 0  0 2  1
   116469.45362571627     
    31   -214.0750880214        3     0 0  0 0  3
  -214.07508802138858     
    32   -173.2553658368        4     4 0  0 0  0
  -173.25536583681676     
    33    406.3560900894        4     3 1  0 0  0
   406.35609008938991     
    34    9266.758852783        4     2 2  0 0  0
   9266.7588527828339     
    35    2423151.990410        4     1 3  0 0  0
   2423151.9904101891     
    36   -43551519.36488        4     0 4  0 0  0
  -43551519.364878453     
    37    253.6283707618        4     2 0  2 0  0
   253.62837076179719     
    38    1524.917657364        4     1 1  2 0  0
   1524.9176573635455     
    39   -242931.6351721        4     0 2  2 0  0
  -242931.63517211634     
    40   -61.22225276412        4     0 0  4 0  0
  -61.222252764118906     
    41    15303.10140317        4     2 0  1 1  0
   15303.101403168515     
    42    631252.3396874        4     1 1  1 1  0
   631252.33968740422     
    43   -21370722.42193        4     0 2  1 1  0
  -21370722.421929233     
    44   -6686.485295500        4     0 0  3 1  0
  -6686.4852954995567     
    45    3101.914517570        4     3 0  0 0  1
   3101.9145175695812     
    46   -124400.2612210        4     2 1  0 0  1
  -124400.26122096578     
    47    2350320.609049        4     1 2  0 0  1
   2350320.6090489244     
    48   -14716679.41587        4     0 3  0 0  1
  -14716679.415874351     
    49    2402.909550999        4     1 0  2 0  1
   2402.9095509987733     
    50    6583.292025724        4     0 1  2 0  1
   6583.2920257237965     
    51    274836.9668597        4     2 0  0 2  0
   274836.96685968176     
    52    11030721.42947        4     1 1  0 2  0
   11030721.429466419     
    53   -253750796.7129        4     0 2  0 2  0
  -253750796.71285319     
    54   -447873.7144566        4     0 0  2 2  0
  -447873.71445662645     
    55    47085.43593306        4     1 0  1 1  1
   47085.435933056913     
    56    3122992.794267        4     0 1  1 1  1
   3122992.7942673517     
    57   -1230.258985439        4     2 0  0 0  2
  -1230.2589854385842     
    58    85159.44293906        4     1 1  0 0  2
   85159.442939056345     
    59   -1479444.850947        4     0 2  0 0  2
  -1479444.8509470008     
    60    706.4448638163        4     0 0  2 0  2
   706.44486381627121     
    61   -13880874.42600        4     0 0  1 3  0
  -13880874.425996536     
    62    490516.3009231        4     1 0  0 2  1
   490516.30092311488     
    63    67360037.43414        4     0 1  0 2  1
   67360037.434135824     
    64    59160.86642228        4     0 0  1 1  2
   59160.866422283390     
    65    9303.584853430        4     1 0  0 0  3
   9303.5848534304405     
    66   -165268.6091386        4     0 1  0 0  3
  -165268.60913860580     
    67   -124002527.2128        4     0 0  0 4  0
  -124002527.21275455     
    68    1676256.500922        4     0 0  0 2  2
   1676256.5009222184     
    69   -2891.723483083        4     0 0  0 0  4
  -2891.7234830827938     
                                      

 etall    1, NO =    4, NV =    5, INA =   30
 *********************************************

    I  COEFFICIENT          ORDER   EXPONENTS
     1  -0.4405290401997E-01    1     1 0  0 0  0
 -4.40529040199675453E-002
     2    1.322952402115        1     0 1  0 0  0
   1.3229524021145276     
     3  -0.1484950340606E-01    1     0 0  0 0  1
 -1.48495034060617051E-002
     4   0.1191594156086E-02    2     2 0  0 0  0
  1.19159415608632163E-003
     5   -4.020632559305        2     1 1  0 0  0
  -4.0206325593054659     
     6    30.82740952832        2     0 2  0 0  0
   30.827409528317830     
     7   0.1095759369701        2     0 0  2 0  0
  0.10957593697008119     
     8    6.472008839509        2     0 0  1 1  0
   6.4720088395090896     
     9   0.1870346994918E-02    2     1 0  0 0  1
  1.87034699491817058E-003
    10   -1.684415157852        2     0 1  0 0  1
  -1.6844151578521842     
    11    76.81755276059        2     0 0  0 2  0
   76.817552760592520     
    12  -0.2333731197556        2     0 0  0 0  2
 -0.23337311975558414     
    13   -3.589457485942        3     3 0  0 0  0
  -3.5894574859420225     
    14    103.3586895483        3     2 1  0 0  0
   103.35868954826478     
    15   -1493.062171913        3     1 2  0 0  0
  -1493.0621719128462     
    16   -3895.077592691        3     0 3  0 0  0
  -3895.0775926906936     
    17    8.054954992557        3     1 0  2 0  0
   8.0549549925574411     
    18    131.7799435825        3     0 1  2 0  0
   131.77994358245380     
    19    212.8233146508        3     1 0  1 1  0
   212.82331465075217     
    20    11598.80863424        3     0 1  1 1  0
   11598.808634242259     
    21   0.7270916405836        3     2 0  0 0  1
  0.72709164058359521     
    22   -214.5290795382        3     1 1  0 0  1
  -214.52907953817717     
    23    1367.234361634        3     0 2  0 0  1
   1367.2343616337957     
    24    7.820234348508        3     0 0  2 0  1
   7.8202343485077002     
    25    683.0041973595        3     1 0  0 2  0
   683.00419735950072     
    26    204619.1936609        3     0 1  0 2  0
   204619.19366086778     
    27    513.8133821839        3     0 0  1 1  1
   513.81338218393125     
    28   -27.07492446094        3     1 0  0 0  2
  -27.074924460943983     
    29   -129.8138715999        3     0 1  0 0  2
  -129.81387159985309     
    30    7752.499106000        3     0 0  0 2  1
   7752.4991060004722     
    31   -12.27995131831        3     0 0  0 0  3
  -12.279951318309248     
    32    3.119238213929        4     4 0  0 0  0
   3.1192382139293162     
    33   -791.3071072839        4     3 1  0 0  0
  -791.30710728392148     
    34    20206.49297234        4     2 2  0 0  0
   20206.492972343480     
    35   -166087.7608273        4     1 3  0 0  0
  -166087.76082733710     
    36    360623.2078542        4     0 4  0 0  0
   360623.20785423741     
    37  -0.3047720072710E-01    4     2 0  2 0  0
 -3.04772007270965872E-002
    38    513.3284580859        4     1 1  2 0  0
   513.32845808593811     
    39   -6165.770685510        4     0 2  2 0  0
  -6165.7706855104170     
    40   -4.770959081758        4     0 0  4 0  0
  -4.7709590817576881     
    41    209.2384095826        4     2 0  1 1  0
   209.23840958261508     
    42    44004.78510049        4     1 1  1 1  0
   44004.785100494206     
    43   -867178.3307628        4     0 2  1 1  0
  -867178.33076275769     
    44   -418.6234065632        4     0 0  3 1  0
  -418.62340656324443     
    45    132.4828325124        4     3 0  0 0  1
   132.48283251243342     
    46   -3480.124535385        4     2 1  0 0  1
  -3480.1245353852482     
    47    50618.67190774        4     1 2  0 0  1
   50618.671907744676     
    48   -211643.9104097        4     0 3  0 0  1
  -211643.91040965426     
    49   -28.54587972905        4     1 0  2 0  1
  -28.545879729051180     
    50   -2249.662229119        4     0 1  2 0  1
  -2249.6622291186804     
    51   -7332.892180734        4     2 0  0 2  0
  -7332.8921807337392     
    52    1364287.437805        4     1 1  0 2  0
   1364287.4378047979     
    53   -22656404.54539        4     0 2  0 2  0
  -22656404.545394234     
    54   -20885.35107900        4     0 0  2 2  0
  -20885.351078996944     
    55    158.4780914636        4     1 0  1 1  1
   158.47809146357577     
    56   -143580.8289298        4     0 1  1 1  1
  -143580.82892984644     
    57    93.77568646479        4     2 0  0 0  2
   93.775686464789956     
    58   -1420.633879918        4     1 1  0 0  2
  -1420.6338799175974     
    59    2567.539355018        4     0 2  0 0  2
   2567.5393550179579     
    60   -129.8863639278        4     0 0  2 0  2
  -129.88636392775396     
    61   -631026.7249153        4     0 0  1 3  0
  -631026.72491531912     
    62    47727.44127375        4     1 0  0 2  1
   47727.441273752280     
    63   -2029404.118433        4     0 1  0 2  1
  -2029404.1184333377     
    64   -8723.350786092        4     0 0  1 1  2
  -8723.3507860923964     
    65    644.4255349201        4     1 0  0 0  3
   644.42553492006743     
    66   -5964.493462375        4     0 1  0 0  3
  -5964.4934623754698     
    67   -7415062.806482        4     0 0  0 4  0
  -7415062.8064823095     
    68   -131915.1112422        4     0 0  0 2  2
  -131915.11124220345     
    69    129.7113972985        4     0 0  0 0  4
   129.71139729845615     
                                      

 etall    1, NO =    4, NV =    5, INA =   31
 *********************************************

    I  COEFFICIENT          ORDER   EXPONENTS
     1    2.143616192300        1     0 0  1 0  0
   2.1436161923003092     
     2    68.83305068299        1     0 0  0 1  0
   68.833050682994397     
     3  -0.8561690681713        2     1 0  1 0  0
 -0.85616906817130978     
     4    53.21011358082        2     0 1  1 0  0
   53.210113580818330     
     5    76.41289355133        2     1 0  0 1  0
   76.412893551326221     
     6    341.9250519027        2     0 1  0 1  0
   341.92505190270577     
     7   -32.05459095874        2     0 0  1 0  1
  -32.054590958742736     
     8   -919.2944799701        2     0 0  0 1  1
  -919.29447997005548     
     9    206.9995303392        3     2 0  1 0  0
   206.99953033917106     
    10    2813.737917189        3     1 1  1 0  0
   2813.7379171885204     
    11   -123428.8485931        3     0 2  1 0  0
  -123428.84859311681     
    12  -0.8049051529301        3     0 0  3 0  0
 -0.80490515293009324     
    13   -2673.159714527        3     2 0  0 1  0
  -2673.1597145273963     
    14    447828.1840293        3     1 1  0 1  0
   447828.18402931048     
    15   -7756265.058660        3     0 2  0 1  0
  -7756265.0586604616     
    16   -1120.233222563        3     0 0  2 1  0
  -1120.2332225630264     
    17   -176.8551208297        3     1 0  1 0  1
  -176.85512082971562     
    18    4852.875550540        3     0 1  1 0  1
   4852.8755505398149     
    19   -86352.11556657        3     0 0  1 2  0
  -86352.115566568871     
    20   -7948.014102429        3     1 0  0 1  1
  -7948.0141024288814     
    21    266720.2305371        3     0 1  0 1  1
   266720.23053714033     
    22    169.2192558708        3     0 0  1 0  2
   169.21925587075512     
    23   -1517824.590461        3     0 0  0 3  0
  -1517824.5904609554     
    24    19665.42150314        3     0 0  0 1  2
   19665.421503138179     
    25    20.97621237222        4     3 0  1 0  0
   20.976212372220772     
    26    3143.099817405        4     2 1  1 0  0
   3143.0998174052202     
    27    618999.9416257        4     1 2  1 0  0
   618999.94162566564     
    28   -3838249.650328        4     0 3  1 0  0
  -3838249.6503283735     
    29    105.0275499389        4     1 0  3 0  0
   105.02754993889029     
    30   -5530.154796300        4     0 1  3 0  0
  -5530.1547962995146     
    31   -5308.003076336        4     3 0  0 1  0
  -5308.0030763361574     
    32    73268.01080509        4     2 1  0 1  0
   73268.010805085360     
    33    14533008.39522        4     1 2  0 1  0
   14533008.395218246     
    34    32633174.83416        4     0 3  0 1  0
   32633174.834160633     
    35    25421.68391940        4     1 0  2 1  0
   25421.683919396273     
    36   -1062917.809873        4     0 1  2 1  0
  -1062917.8098727698     
    37    325.7680928207        4     2 0  1 0  1
   325.76809282073970     
    38   -276590.5132432        4     1 1  1 0  1
  -276590.51324316126     
    39    5506451.193545        4     0 2  1 0  1
   5506451.1935454533     
    40   -573.7662245474        4     0 0  3 0  1
  -573.76622454742551     
    41    1150498.252421        4     1 0  1 2  0
   1150498.2524211805     
    42   -48890742.50969        4     0 1  1 2  0
  -48890742.509686783     
    43    42888.34455981        4     2 0  0 1  1
   42888.344559811194     
    44   -10291690.39681        4     1 1  0 1  1
  -10291690.396809254     
    45    171158462.3602        4     0 2  0 1  1
   171158462.36024871     
    46    58603.87611264        4     0 0  2 1  1
   58603.876112642312     
    47    2711.163382784        4     1 0  1 0  2
   2711.1633827835153     
    48    15835.73113343        4     0 1  1 0  2
   15835.731133426545     
    49    9841245.000011        4     1 0  0 3  0
   9841245.0000107531     
    50   -555700322.8263        4     0 1  0 3  0
  -555700322.82633674     
    51    4915045.800772        4     0 0  1 2  1
   4915045.8007718911     
    52    6130.721344709        4     1 0  0 1  2
   6130.7213447085069     
    53    1604787.126791        4     0 1  0 1  2
   1604787.1267910514     
    54   -7756.469549347        4     0 0  1 0  3
  -7756.4695493465460     
    55    93266723.29734        4     0 0  0 3  1
   93266723.297335938     
    56   -565467.8608546        4     0 0  0 1  3
  -565467.86085458437     
                                      

 etall    1, NO =    4, NV =    5, INA =   32
 *********************************************

    I  COEFFICIENT          ORDER   EXPONENTS
     1  -0.5476548801770E-01    1     0 0  1 0  0
 -5.47654880176992043E-002
     2   -1.292057609170        1     0 0  0 1  0
  -1.2920576091698068     
     3   0.8333788881858E-01    2     1 0  1 0  0
  8.33378888185778849E-002
     4  -0.8845315604996        2     0 1  1 0  0
 -0.88453156049959381     
     5   0.2077759820127        2     1 0  0 1  0
  0.20777598201269187     
     6   -5.066282840010        2     0 1  0 1  0
  -5.0662828400102349     
     7   0.5345973092478        2     0 0  1 0  1
  0.53459730924778803     
     8    21.33180208153        2     0 0  0 1  1
   21.331802081530142     
     9   -1.653934246674        3     2 0  1 0  0
  -1.6539342466738729     
    10   -112.2348836043        3     1 1  1 0  0
  -112.23488360431917     
    11    5064.295771446        3     0 2  1 0  0
   5064.2957714461427     
    12   0.9561802446319E-01    3     0 0  3 0  0
  9.56180244631940901E-002
    13    143.0073426643        3     2 0  0 1  0
   143.00734266428498     
    14   -13374.58392838        3     1 1  0 1  0
  -13374.583928375048     
    15    286364.9387500        3     0 2  0 1  0
   286364.93875000923     
    16    38.09092265585        3     0 0  2 1  0
   38.090922655852083     
    17    7.020180587268        3     1 0  1 0  1
   7.0201805872678804     
    18  -0.6364222830479E-01    3     0 1  1 0  1
 -6.36422283047863857E-002
    19    2778.028026038        3     0 0  1 2  0
   2778.0280260376421     
    20    316.8254580532        3     1 0  0 1  1
   316.82545805315419     
    21   -4031.868004180        3     0 1  0 1  1
  -4031.8680041803564     
    22   -5.942055155995        3     0 0  1 0  2
  -5.9420551559946038     
    23    51234.23734827        3     0 0  0 3  0
   51234.237348265364     
    24   -501.5008429981        3     0 0  0 1  2
  -501.50084299811431     
    25   0.5879509499026        4     3 0  1 0  0
  0.58795094990256402     
    26    549.4300069777        4     2 1  1 0  0
   549.43000697770651     
    27   -35027.30966604        4     1 2  1 0  0
  -35027.309666042711     
    28    167809.8217518        4     0 3  1 0  0
   167809.82175176754     
    29   -1.485229692274        4     1 0  3 0  0
  -1.4852296922739012     
    30   -179.7783918968        4     0 1  3 0  0
  -179.77839189675461     
    31    41.30396828334        4     3 0  0 1  0
   41.303968283339316     
    32    23238.78507052        4     2 1  0 1  0
   23238.785070516908     
    33   -981671.5178728        4     1 2  0 1  0
  -981671.51787278778     
    34   -1150446.147322        4     0 3  0 1  0
  -1150446.1473224894     
    35   -467.2324644308        4     1 0  2 1  0
  -467.23246443075925     
    36   -7782.551693172        4     0 1  2 1  0
  -7782.5516931719467     
    37    43.81372788944        4     2 0  1 0  1
   43.813727889441580     
    38    4990.823642821        4     1 1  1 0  1
   4990.8236428211421     
    39   -117809.8746102        4     0 2  1 0  1
  -117809.87461016417     
    40   -53.04270623558        4     0 0  3 0  1
  -53.042706235582635     
    41   -19011.46111744        4     1 0  1 2  0
  -19011.461117442574     
    42   -130285.2083600        4     0 1  1 2  0
  -130285.20836002869     
    43    713.6371121717        4     2 0  0 1  1
   713.63711217166633     
    44    192701.0144071        4     1 1  0 1  1
   192701.01440711919     
    45   -3430999.687224        4     0 2  0 1  1
  -3430999.6872239653     
    46   -7163.294487930        4     0 0  2 1  1
  -7163.2944879303859     
    47   -88.34455088259        4     1 0  1 0  2
  -88.344550882588692     
    48    201.5425901695        4     0 1  1 0  2
   201.54259016950948     
    49   -42125.49971545        4     1 0  0 3  0
  -42125.499715446436     
    50   -5250908.877937        4     0 1  0 3  0
  -5250908.8779371269     
    51   -298188.2578805        4     0 0  1 2  1
  -298188.25788054528     
    52    481.5446655405        4     1 0  0 1  2
   481.54466554049475     
    53   -63235.06670873        4     0 1  0 1  2
  -63235.066708733721     
    54    396.4280007369        4     0 0  1 0  3
   396.42800073694661     
    55   -4242937.162583        4     0 0  0 3  1
  -4242937.1625834228     
    56    20770.55143841        4     0 0  0 1  3
   20770.551438408824     
                                      

 etall    1, NO =    4, NV =    5, INA =   33
 *********************************************

    I  COEFFICIENT          ORDER   EXPONENTS
     1    1.000000000000        1     0 0  0 0  1
   1.0000000000000000     
                                      

 etall    1, NO =    4, NV =    5, INA =   43
 *********************************************

    I  COEFFICIENT          ORDER   EXPONENTS
     1  -0.2255281434774E-02    1     1 0  0 0  0
 -2.25528143477382245E-003
     2  -0.2693550783645        1     0 1  0 0  0
 -0.26935507836453598     
     3    13.09994781709        1     0 0  0 0  1
   13.099947817088513     
     4  -0.1852982614513        2     2 0  0 0  0
 -0.18529826145129899     
     5    10.95143069623        2     1 1  0 0  0
   10.951430696234947     
     6   -169.6892664599        2     0 2  0 0  0
  -169.68926645994651     
     7  -0.3213535812959        2     0 0  2 0  0
 -0.32135358129586689     
     8   -5.847838363526        2     0 0  1 1  0
  -5.8478383635258329     
     9  -0.5214972582223        2     1 0  0 0  1
 -0.52149725822232951     
    10    4.968280709841        2     0 1  0 0  1
   4.9682807098405624     
    11    125.1578970022        2     0 0  0 2  0
   125.15789700222901     
    12    6.801849308613        2     0 0  0 0  2
   6.8018493086127432     
    13    2.317446755505        3     3 0  0 0  0
   2.3174467555050278     
    14   -154.3788803583        3     2 1  0 0  0
  -154.37888035829178     
    15    1742.996030101        3     1 2  0 0  0
   1742.9960301009037     
    16    956.8182523684        3     0 3  0 0  0
   956.81825236843702     
    17    2.498191466712        3     1 0  2 0  0
   2.4981914667120546     
    18    125.3230768354        3     0 1  2 0  0
   125.32307683539345     
    19    261.9299676384        3     1 0  1 1  0
   261.92996763839568     
    20    6576.765005986        3     0 1  1 1  0
   6576.7650059860271     
    21   -34.24777533049        3     2 0  0 0  1
  -34.247775330490725     
    22    746.8820968020        3     1 1  0 0  1
   746.88209680195337     
    23   -13095.35150063        3     0 2  0 0  1
  -13095.351500629786     
    24   -3.002086131170        3     0 0  2 0  1
  -3.0020861311698059     
    25    5208.798965196        3     1 0  0 2  0
   5208.7989651960052     
    26    83024.91287022        3     0 1  0 2  0
   83024.912870224507     
    27   -200.7885516071        3     0 0  1 1  1
  -200.78855160705405     
    28   -16.31330635918        3     1 0  0 0  2
  -16.313306359179634     
    29   -207.1883844212        3     0 1  0 0  2
  -207.18838442116390     
    30   -10042.00206718        3     0 0  0 2  1
  -10042.002067181804     
    31   -88.76381913129        3     0 0  0 0  3
  -88.763819131291740     
    32    16.33470141796        4     4 0  0 0  0
   16.334701417958758     
    33   -252.9338422047        4     3 1  0 0  0
  -252.93384220472979     
    34    10136.65979951        4     2 2  0 0  0
   10136.659799511543     
    35   -259616.7427418        4     1 3  0 0  0
  -259616.74274178600     
    36    3946871.524870        4     0 4  0 0  0
   3946871.5248698043     
    37    146.3909767015        4     2 0  2 0  0
   146.39097670154962     
    38   -4532.599557983        4     1 1  2 0  0
  -4532.5995579832588     
    39    50830.01141098        4     0 2  2 0  0
   50830.011410981075     
    40   -30.79372799203        4     0 0  4 0  0
  -30.793727992025104     
    41    8412.368114128        4     2 0  1 1  0
   8412.3681141276247     
    42   -181359.2688559        4     1 1  1 1  0
  -181359.26885586433     
    43    1879751.111703        4     0 2  1 1  0
   1879751.1117032927     
    44   -3227.205110441        4     0 0  3 1  0
  -3227.2051104411380     
    45   -84.40476234436        4     3 0  0 0  1
  -84.404762344357920     
    46    1867.468896883        4     2 1  0 0  1
   1867.4688968830865     
    47   -23183.12613829        4     1 2  0 0  1
  -23183.126138292911     
    48    849606.9944779        4     0 3  0 0  1
   849606.99447791476     
    49    97.86515668504        4     1 0  2 0  1
   97.865156685037874     
    50   -903.8971200659        4     0 1  2 0  1
  -903.89712006593390     
    51    100581.7100336        4     2 0  0 2  0
   100581.71003357483     
    52   -419520.2747291        4     1 1  0 2  0
  -419520.27472909307     
    53    3281045.121442        4     0 2  0 2  0
   3281045.1214423603     
    54   -139921.6362099        4     0 0  2 2  0
  -139921.63620994956     
    55    4527.322505877        4     1 0  1 1  1
   4527.3225058770386     
    56   -132608.4894579        4     0 1  1 1  1
  -132608.48945786204     
    57    764.0430384989        4     2 0  0 0  2
   764.04303849894609     
    58   -17509.88411820        4     1 1  0 0  2
  -17509.884118204165     
    59    223411.6961967        4     0 2  0 0  2
   223411.69619668898     
    60    779.8208324987        4     0 0  2 0  2
   779.82083249869788     
    61   -3083536.225022        4     0 0  1 3  0
  -3083536.2250222662     
    62    46127.63665518        4     1 0  0 2  1
   46127.636655175484     
    63   -2340503.585549        4     0 1  0 2  1
  -2340503.5855490142     
    64    54139.91785578        4     0 0  1 1  2
   54139.917855781292     
    65   -340.9492910277        4     1 0  0 0  3
  -340.94929102769822     
    66    12548.43660157        4     0 1  0 0  3
   12548.436601570202     
    67   -30081382.75140        4     0 0  0 4  0
  -30081382.751397356     
    68    1099809.808935        4     0 0  0 2  2
   1099809.8089345009     
    69    227.2311591805        4     0 0  0 0  4
   227.23115918053239     
                                      
