
 etall    1, NO =    4, NV =    5, INA =   26
 *********************************************

    I  COEFFICIENT          ORDER   EXPONENTS
     1   0.4614180974359E-01    1     1 0  0 0  0
  4.61418097435861707E-002
     2    21.31429477467        1     0 1  0 0  0
   21.314294774669499     
     3  -0.3564120252124E-01    1     0 0  0 0  1
 -3.56412025212357042E-002
     4   0.3691051209731        2     2 0  0 0  0
  0.36910512097312703     
     5   -16.80483474423        2     1 1  0 0  0
  -16.804834744225531     
     6   -752.6157181180        2     0 2  0 0  0
  -752.61571811803219     
     7    1.380656618371        2     0 0  2 0  0
   1.3806566183710836     
     8    98.32612086371        2     0 0  1 1  0
   98.326120863714166     
     9   -8.167582053837        2     1 0  0 0  1
  -8.1675820538371298     
    10    247.9498146947        2     0 1  0 0  1
   247.94981469471881     
    11    1202.448689822        2     0 0  0 2  0
   1202.4486898224445     
    12   -7.051884033599        2     0 0  0 0  2
  -7.0518840335988884     
    13   -89.52446092591        3     3 0  0 0  0
  -89.524460925910248     
    14    3827.483018077        3     2 1  0 0  0
   3827.4830180771060     
    15   -74726.16348579        3     1 2  0 0  0
  -74726.163485792102     
    16    622643.3216137        3     0 3  0 0  0
   622643.32161369175     
    17    19.81939703511        3     1 0  2 0  0
   19.819397035108384     
    18   -450.4350545490        3     0 1  2 0  0
  -450.43505454896393     
    19    1198.037449892        3     1 0  1 1  0
   1198.0374498918350     
    20   -73380.45855362        3     0 1  1 1  0
  -73380.458553616976     
    21    97.06425353831        3     2 0  0 0  1
   97.064253538310354     
    22   -5361.700744329        3     1 1  0 0  1
  -5361.7007443285520     
    23    5925.720801104        3     0 2  0 0  1
   5925.7208011043549     
    24    89.76746135323        3     0 0  2 0  1
   89.767461353228413     
    25    14210.59622663        3     1 0  0 2  0
   14210.596226629405     
    26   -2119894.463115        3     0 1  0 2  0
  -2119894.4631151757     
    27    7727.282492607        3     0 0  1 1  1
   7727.2824926066824     
    28   -669.6055005424        3     1 0  0 0  2
  -669.60550054243743     
    29    7358.286758858        3     0 1  0 0  2
   7358.2867588581912     
    30    101989.2586666        3     0 0  0 2  1
   101989.25866663206     
    31   -208.4616905670        3     0 0  0 0  3
  -208.46169056698989     
    32   -272.2750341836        4     4 0  0 0  0
  -272.27503418360754     
    33    9846.129200794        4     3 1  0 0  0
   9846.1292007937245     
    34   -190442.9566673        4     2 2  0 0  0
  -190442.95666726254     
    35    3705523.476626        4     1 3  0 0  0
   3705523.4766257326     
    36   -41848722.98224        4     0 4  0 0  0
  -41848722.982242838     
    37    89.43630876484        4     2 0  2 0  0
   89.436308764839978     
    38    6869.988093755        4     1 1  2 0  0
   6869.9880937547641     
    39   -229413.0663229        4     0 2  2 0  0
  -229413.06632294928     
    40   -344.1284490056        4     0 0  4 0  0
  -344.12844900558957     
    41    6281.054867771        4     2 0  1 1  0
   6281.0548677714032     
    42    612369.3862006        4     1 1  1 1  0
   612369.38620055013     
    43   -16509541.06381        4     0 2  1 1  0
  -16509541.063808199     
    44   -62458.00819969        4     0 0  3 1  0
  -62458.008199687931     
    45    2597.556736967        4     3 0  0 0  1
   2597.5567369670966     
    46   -97849.08499999        4     2 1  0 0  1
  -97849.084999985120     
    47    1978609.834932        4     1 2  0 0  1
   1978609.8349315822     
    48   -13333934.94106        4     0 3  0 0  1
  -13333934.941060698     
    49    949.2260180603        4     1 0  2 0  1
   949.22601806026682     
    50   -8442.513676607        4     0 1  2 0  1
  -8442.5136766070809     
    51    224483.5528270        4     2 0  0 2  0
   224483.55282704104     
    52    5952506.049550        4     1 1  0 2  0
   5952506.0495504420     
    53   -215197569.0810        4     0 2  0 2  0
  -215197569.08095285     
    54   -3692687.018733        4     0 0  2 2  0
  -3692687.0187332388     
    55    129615.3413121        4     1 0  1 1  1
   129615.34131210929     
    56    194508.5898533        4     0 1  1 1  1
   194508.58985331375     
    57   -1257.428035919        4     2 0  0 0  2
  -1257.4280359189602     
    58    97787.29109229        4     1 1  0 0  2
   97787.291092291023     
    59   -1547550.229531        4     0 2  0 0  2
  -1547550.2295305717     
    60   -1761.635411386        4     0 0  2 0  2
  -1761.6354113860193     
    61   -92440733.59102        4     0 0  1 3  0
  -92440733.591024995     
    62    2018553.939779        4     1 0  0 2  1
   2018553.9397794895     
    63    29192432.25451        4     0 1  0 2  1
   29192432.254508484     
    64   -4912.397352921        4     0 0  1 1  2
  -4912.3973529209579     
    65    9543.700693217        4     1 0  0 0  3
   9543.7006932165659     
    66   -167560.0346336        4     0 1  0 0  3
  -167560.03463359369     
    67   -829004653.9265        4     0 0  0 4  0
  -829004653.92650676     
    68    377674.6285227        4     0 0  0 2  2
   377674.62852270971     
    69   -2465.706721675        4     0 0  0 0  4
  -2465.7067216750838     
                                      

 etall    1, NO =    4, NV =    5, INA =   29
 *********************************************

    I  COEFFICIENT          ORDER   EXPONENTS
     1  -0.4405290401997E-01    1     1 0  0 0  0
 -4.40529040199675453E-002
     2    1.322952402115        1     0 1  0 0  0
   1.3229524021145276     
     3  -0.1484950340606E-01    1     0 0  0 0  1
 -1.48495034060621318E-002
     4   0.1191594156087E-02    2     2 0  0 0  0
  1.19159415608659225E-003
     5   -4.020632559305        2     1 1  0 0  0
  -4.0206325593054615     
     6    30.82740952832        2     0 2  0 0  0
   30.827409528318228     
     7   0.1095759369701        2     0 0  2 0  0
  0.10957593697008038     
     8    6.472008839509        2     0 0  1 1  0
   6.4720088395090682     
     9   0.1870346994941E-02    2     1 0  0 0  1
  1.87034699494093015E-003
    10   -1.684415157852        2     0 1  0 0  1
  -1.6844151578521949     
    11    76.81755276059        2     0 0  0 2  0
   76.817552760591951     
    12  -0.2333731197556        2     0 0  0 0  2
 -0.23337311975562094     
    13   -2.906517883492        3     3 0  0 0  0
  -2.9065178834918135     
    14    81.81183434822        3     2 1  0 0  0
   81.811834348220913     
    15   -1136.984577853        3     1 2  0 0  0
  -1136.9845778533004     
    16   -4150.428540421        3     0 3  0 0  0
  -4150.4285404214097     
    17   0.1246506217964        3     1 0  2 0  0
  0.12465062179636177     
    18  -0.9361710455035        3     0 1  2 0  0
 -0.93617104550347108     
    19   -79.35405595667        3     1 0  1 1  0
  -79.354055956673577     
    20    1280.902340577        3     0 1  1 1  0
   1280.9023405772741     
    21   0.9160693009756        3     2 0  0 0  1
  0.91606930097562778     
    22   -273.2761872427        3     1 1  0 0  1
  -273.27618724267853     
    23    2405.945099860        3     0 2  0 0  1
   2405.9450998595894     
    24   0.4801185600031        3     0 0  2 0  1
  0.48011856000308439     
    25   -3432.350545342        3     1 0  0 2  0
  -3432.3505453416174     
    26    40908.81490007        3     0 1  0 2  0
   40908.814900071578     
    27   -49.56423108866        3     0 0  1 1  1
  -49.564231088659369     
    28   -26.00346174213        3     1 0  0 0  2
  -26.003461742132327     
    29   -126.5011172605        3     0 1  0 0  2
  -126.50111726048891     
    30   -3895.399230467        3     0 0  0 2  1
  -3895.3992304665999     
    31   -12.12784871667        3     0 0  0 0  3
  -12.127848716674986     
    32  -0.4488612738815        4     4 0  0 0  0
 -0.44886127388146413     
    33   -341.7408024073        4     3 1  0 0  0
  -341.74080240731280     
    34    9424.310712300        4     2 2  0 0  0
   9424.3107123002992     
    35   -53114.05096023        4     1 3  0 0  0
  -53114.050960228895     
    36   -330163.8516296        4     0 4  0 0  0
  -330163.85162958549     
    37    5.078110757785        4     2 0  2 0  0
   5.0781107577854581     
    38    87.62051973408        4     1 1  2 0  0
   87.620519734081086     
    39   -6446.000138145        4     0 2  2 0  0
  -6446.0001381449301     
    40   -22.38895879162        4     0 0  4 0  0
  -22.388958791618300     
    41    441.5224705828        4     2 0  1 1  0
   441.52247058282887     
    42   -1094.803212480        4     1 1  1 1  0
  -1094.8032124797610     
    43   -410914.8685470        4     0 2  1 1  0
  -410914.86854701571     
    44   -3829.204643693        4     0 0  3 1  0
  -3829.2046436933001     
    45    107.7923869785        4     3 0  0 0  1
   107.79238697851386     
    46   -2310.020853831        4     2 1  0 0  1
  -2310.0208538305947     
    47    26667.39498219        4     1 2  0 0  1
   26667.394982194586     
    48   -129103.0197012        4     0 3  0 0  1
  -129103.01970116328     
    49   -2.016140001324        4     1 0  2 0  1
  -2.0161400013244943     
    50   -2346.204902228        4     0 1  2 0  1
  -2346.2049022278816     
    51    6666.100324483        4     2 0  0 2  0
   6666.1003244833610     
    52   -182782.4183001        4     1 1  0 2  0
  -182782.41830013518     
    53   -4767914.642076        4     0 2  0 2  0
  -4767914.6420755144     
    54   -222571.6559778        4     0 0  2 2  0
  -222571.65597776201     
    55    6462.013926998        4     1 0  1 1  1
   6462.0139269981455     
    56   -188592.8306415        4     0 1  1 1  1
  -188592.83064145624     
    57    106.5953452714        4     2 0  0 0  2
   106.59534527142830     
    58   -907.3276465141        4     1 1  0 0  2
  -907.32764651405432     
    59   -12032.64903014        4     0 2  0 0  2
  -12032.649030141620     
    60   -56.03597355648        4     0 0  2 0  2
  -56.035973556484961     
    61   -5620591.174597        4     0 0  1 3  0
  -5620591.1745965155     
    62    165875.1269185        4     1 0  0 2  1
   165875.12691845879     
    63   -2992791.474175        4     0 1  0 2  1
  -2992791.4741750639     
    64    859.7024839737        4     0 0  1 1  2
   859.70248397365117     
    65    634.8711546375        4     1 0  0 0  3
   634.87115463754139     
    66   -6662.451745248        4     0 1  0 0  3
  -6662.4517452484579     
    67   -51359422.66011        4     0 0  0 4  0
  -51359422.660107985     
    68    65292.31451160        4     0 0  0 2  2
   65292.314511596902     
    69    118.6499131107        4     0 0  0 0  4
   118.64991311065273     
                                      

 etall    1, NO =    4, NV =    5, INA =   30
 *********************************************

    I  COEFFICIENT          ORDER   EXPONENTS
     1    2.143616192300        1     0 0  1 0  0
   2.1436161923003092     
     2    68.83305068299        1     0 0  0 1  0
   68.833050682994397     
     3  -0.8561690681713        2     1 0  1 0  0
 -0.85616906817132610     
     4    53.21011358082        2     0 1  1 0  0
   53.210113580818010     
     5    76.41289355133        2     1 0  0 1  0
   76.412893551327144     
     6    341.9250519027        2     0 1  0 1  0
   341.92505190271095     
     7   -32.05459095875        2     0 0  1 0  1
  -32.054590958745443     
     8   -919.2944799702        2     0 0  0 1  1
  -919.29447997015825     
     9    15.33963114167        3     2 0  1 0  0
   15.339631141673568     
    10    3760.234096766        3     1 1  1 0  0
   3760.2340967656833     
    11   -93976.17599604        3     0 2  1 0  0
  -93976.175996039616     
    12    118.8936663204        3     0 0  3 0  0
   118.89366632039673     
    13    954.1778032340        3     2 0  0 1  0
   954.17780323397517     
    14    173940.0564327        3     1 1  0 1  0
   173940.05643270025     
    15   -3738454.713871        3     0 2  0 1  0
  -3738454.7138710953     
    16   -2056.711857124        3     0 0  2 1  0
  -2056.7118571239625     
    17   -159.9108793858        3     1 0  1 0  1
  -159.91087938581103     
    18    8820.010725393        3     0 1  1 0  1
   8820.0107253929200     
    19   -395973.0223905        3     0 0  1 2  0
  -395973.02239051473     
    20    3197.347379250        3     1 0  0 1  1
   3197.3473792497866     
    21    185305.9476010        3     0 1  0 1  1
   185305.94760099042     
    22    133.8951345572        3     0 0  1 0  2
   133.89513455724668     
    23   -10080258.75818        3     0 0  0 3  0
  -10080258.758181190     
    24    28849.06642133        3     0 0  0 1  2
   28849.066421331474     
    25   -61.12223065315        4     3 0  1 0  0
  -61.122230653145039     
    26   -4663.867925492        4     2 1  1 0  0
  -4663.8679254918461     
    27    569925.4817268        4     1 2  1 0  0
   569925.48172677751     
    28   -4447052.968054        4     0 3  1 0  0
  -4447052.9680537190     
    29   -74.36242133529        4     1 0  3 0  0
  -74.362421335291401     
    30   -13870.18666608        4     0 1  3 0  0
  -13870.186666083704     
    31   -8647.526858340        4     3 0  0 1  0
  -8647.5268583398829     
    32    609838.4799947        4     2 1  0 1  0
   609838.47999467771     
    33    2758388.745899        4     1 2  0 1  0
   2758388.7458994025     
    34   -39838992.28246        4     0 3  0 1  0
  -39838992.282457136     
    35    3369.208944103        4     1 0  2 1  0
   3369.2089441025892     
    36   -1339846.780739        4     0 1  2 1  0
  -1339846.7807386187     
    37   -3208.418724667        4     2 0  1 0  1
  -3208.4187246667298     
    38   -166763.3950679        4     1 1  1 0  1
  -166763.39506791302     
    39    3417807.433381        4     0 2  1 0  1
   3417807.4333811803     
    40    10922.39958792        4     0 0  3 0  1
   10922.399587920961     
    41   -1099458.177279        4     1 0  1 2  0
  -1099458.1772785618     
    42   -42485041.57785        4     0 1  1 2  0
  -42485041.577846996     
    43   -927.7919653833        4     2 0  0 1  1
  -927.79196538331598     
    44   -7668893.481955        4     1 1  0 1  1
  -7668893.4819553755     
    45    119828556.6780        4     0 2  0 1  1
   119828556.67795861     
    46    838508.3971867        4     0 0  2 1  1
   838508.39718666067     
    47   -6752.080147130        4     1 0  1 0  2
  -6752.0801471295563     
    48    13960.39133342        4     0 1  1 0  2
   13960.391333419093     
    49   -52810300.78677        4     1 0  0 3  0
  -52810300.786769375     
    50   -359116951.1764        4     0 1  0 3  0
  -359116951.17644095     
    51    28967309.85405        4     0 0  1 2  1
   28967309.854049340     
    52   -148442.2568784        4     1 0  0 1  2
  -148442.25687840965     
    53   -1268573.035169        4     0 1  0 1  2
  -1268573.0351690382     
    54   -19336.28112729        4     0 0  1 0  3
  -19336.281127294551     
    55    302672129.0113        4     0 0  0 3  1
   302672129.01129550     
    56   -800766.2338061        4     0 0  0 1  3
  -800766.23380607006     
                                      

 etall    1, NO =    4, NV =    5, INA =   31
 *********************************************

    I  COEFFICIENT          ORDER   EXPONENTS
     1  -0.5476548801770E-01    1     0 0  1 0  0
 -5.47654880176992043E-002
     2   -1.292057609170        1     0 0  0 1  0
  -1.2920576091698068     
     3   0.8333788881858E-01    2     1 0  1 0  0
  8.33378888185784261E-002
     4  -0.8845315604996        2     0 1  1 0  0
 -0.88453156049958759     
     5   0.2077759820127        2     1 0  0 1  0
  0.20777598201266523     
     6   -5.066282840010        2     0 1  0 1  0
  -5.0662828400103255     
     7   0.5345973092479        2     0 0  1 0  1
  0.53459730924785109     
     8    21.33180208153        2     0 0  0 1  1
   21.331802081533180     
     9   0.5428720391062E-01    3     2 0  1 0  0
  5.42872039106233606E-002
    10   -112.8751914776        3     1 1  1 0  0
  -112.87519147757050     
    11    2552.947767860        3     0 2  1 0  0
   2552.9477678600188     
    12    8.882062947332        3     0 0  3 0  0
   8.8820629473320842     
    13   -10.33468189719        3     2 0  0 1  0
  -10.334681897192603     
    14   -5827.304581086        3     1 1  0 1  0
  -5827.3045810858675     
    15    120828.5240487        3     0 2  0 1  0
   120828.52404873568     
    16    1124.877117937        3     0 0  2 1  0
   1124.8771179374135     
    17    7.990931370045        3     1 0  1 0  1
   7.9909313700453772     
    18   -299.0269543775        3     0 1  1 0  1
  -299.02695437750833     
    19    45021.30147384        3     0 0  1 2  0
   45021.301473840889     
    20    73.46636763813        3     1 0  0 1  1
   73.466367638132667     
    21   -9160.629734535        3     0 1  0 1  1
  -9160.6297345351522     
    22   -15.67124298539        3     0 0  1 0  2
  -15.671242985394784     
    23    659935.0867405        3     0 0  0 3  0
   659935.08674045606     
    24   -1069.828922809        3     0 0  0 1  2
  -1069.8289228091678     
    25   -2.328754665810        4     3 0  1 0  0
  -2.3287546658098215     
    26    576.8355463743        4     2 1  1 0  0
   576.83554637432337     
    27   -28233.16292943        4     1 2  1 0  0
  -28233.162929426042     
    28    235154.3652251        4     0 3  1 0  0
   235154.36522509350     
    29   -50.95997597957        4     1 0  3 0  0
  -50.959975979565328     
    30    1077.181644745        4     0 1  3 0  0
   1077.1816447447882     
    31    142.7257652821        4     3 0  0 1  0
   142.72576528208123     
    32    85.68768004100        4     2 1  0 1  0
   85.687680040999112     
    33   -566748.9483577        4     1 2  0 1  0
  -566748.94835768733     
    34    4616793.905474        4     0 3  0 1  0
   4616793.9054737184     
    35   -3728.568786500        4     1 0  2 1  0
  -3728.5687865003947     
    36    84418.82193781        4     0 1  2 1  0
   84418.821937808520     
    37    114.3870918595        4     2 0  1 0  1
   114.38709185950410     
    38    2847.550078519        4     1 1  1 0  1
   2847.5500785187342     
    39   -96572.94563562        4     0 2  1 0  1
  -96572.945635621669     
    40   -145.9881059555        4     0 0  3 0  1
  -145.98810595551208     
    41   -42128.60375628        4     1 0  1 2  0
  -42128.603756279670     
    42    1970798.723436        4     0 1  1 2  0
   1970798.7234356327     
    43    2124.380420284        4     2 0  0 1  1
   2124.3804202841993     
    44    143859.7206569        4     1 1  0 1  1
   143859.72065693160     
    45   -3263455.108732        4     0 2  0 1  1
  -3263455.1087318417     
    46   -14048.33440468        4     0 0  2 1  1
  -14048.334404676578     
    47    139.5753832616        4     1 0  1 0  2
   139.57538326158854     
    48   -734.8497922744        4     0 1  1 0  2
  -734.84979227440772     
    49    1172083.561661        4     1 0  0 3  0
   1172083.5616608509     
    50    8307637.970432        4     0 1  0 3  0
   8307637.9704324659     
    51   -563670.5540584        4     0 0  1 2  1
  -563670.55405836133     
    52    4387.535425580        4     1 0  0 1  2
   4387.5354255796774     
    53   -20606.11683294        4     0 1  0 1  2
  -20606.116832941399     
    54    652.4982559157        4     0 0  1 0  3
   652.49825591573676     
    55   -5592681.190103        4     0 0  0 3  1
  -5592681.1901030913     
    56    26340.61898259        4     0 0  0 1  3
   26340.618982589916     
                                      

 etall    1, NO =    4, NV =    5, INA =   32
 *********************************************

    I  COEFFICIENT          ORDER   EXPONENTS
     1    1.000000000000        1     0 0  0 0  1
   1.0000000000000000     
                                      

 etall    1, NO =    4, NV =    5, INA =   42
 *********************************************

    I  COEFFICIENT          ORDER   EXPONENTS
     1   0.8695266728864E-12    0     0 0  0 0  0
  8.69526672886422602E-013
     2  -0.2255281434774E-02    1     1 0  0 0  0
 -2.25528143477402715E-003
     3  -0.2693550783646        1     0 1  0 0  0
 -0.26935507836455769     
     4    13.09994781587        1     0 0  0 0  1
   13.099947815866036     
     5  -0.1852982614513        2     2 0  0 0  0
 -0.18529826145129671     
     6    10.95143069624        2     1 1  0 0  0
   10.951430696235366     
     7   -169.6892664600        2     0 2  0 0  0
  -169.68926645995242     
     8  -0.3213535812959        2     0 0  2 0  0
 -0.32135358129587771     
     9   -5.847838363525        2     0 0  1 1  0
  -5.8478383635253497     
    10  -0.5214972582224        2     1 0  0 0  1
 -0.52149725822242732     
    11    4.968280709842        2     0 1  0 0  1
   4.9682807098417436     
    12    125.1578970023        2     0 0  0 2  0
   125.15789700226014     
    13    6.801849310448        2     0 0  0 0  2
   6.8018493104481230     
    14    2.672160973491        3     3 0  0 0  0
   2.6721609734905942     
    15   -195.6766434285        3     2 1  0 0  0
  -195.67664342850310     
    16    2466.404208757        3     1 2  0 0  0
   2466.4042087565708     
    17    836.0330071567        3     0 3  0 0  0
   836.03300715668070     
    18    5.900461649976        3     1 0  2 0  0
   5.9004616499762035     
    19   -101.7766333162        3     0 1  2 0  0
  -101.77663331621120     
    20    423.3624489406        3     1 0  1 1  0
   423.36244894058024     
    21   -9801.620078845        3     0 1  1 1  0
  -9801.6200788452534     
    22   -32.26209224265        3     2 0  0 0  1
  -32.262092242653772     
    23    670.9438923865        3     1 1  0 0  1
   670.94389238651695     
    24   -11647.12529003        3     0 2  0 0  1
  -11647.125290025788     
    25   -26.67517073394        3     0 0  2 0  1
  -26.675170733938110     
    26    5800.860890010        3     1 0  0 2  0
   5800.8608900101190     
    27   -182380.7311137        3     0 1  0 2  0
  -182380.73111369106     
    28   -1690.195107799        3     0 0  1 1  1
  -1690.1951077985816     
    29   -16.37374953885        3     1 0  0 0  2
  -16.373749538846482     
    30   -201.3967452754        3     0 1  0 0  2
  -201.39674527543960     
    31   -37496.08069211        3     0 0  0 2  1
  -37496.080692111020     
    32   -88.92983759467        3     0 0  0 0  3
  -88.929837594665187     
    33    16.05929795319        4     4 0  0 0  0
   16.059297953193461     
    34   -247.0865002475        4     3 1  0 0  0
  -247.08650024747152     
    35    8313.935578821        4     2 2  0 0  0
   8313.9355788213452     
    36   -259095.2012373        4     1 3  0 0  0
  -259095.20123726330     
    37    3320288.421684        4     0 4  0 0  0
   3320288.4216841194     
    38    33.49550492397        4     2 0  2 0  0
   33.495504923973087     
    39   -2377.486428601        4     1 1  2 0  0
  -2377.4864286014022     
    40    8663.821249850        4     0 2  2 0  0
   8663.8212498500907     
    41    332.2357952991        4     0 0  4 0  0
   332.23579529910359     
    42    3289.262040700        4     2 0  1 1  0
   3289.2620407002041     
    43   -109345.4437093        4     1 1  1 1  0
  -109345.44370933727     
    44   -179692.8385485        4     0 2  1 1  0
  -179692.83854847925     
    45    39278.75141071        4     0 0  3 1  0
   39278.751410713397     
    46   -76.76707442225        4     3 0  0 0  1
  -76.767074422246907     
    47    2247.208523680        4     2 1  0 0  1
   2247.2085236798739     
    48   -26497.23809296        4     1 2  0 0  1
  -26497.238092956439     
    49    660474.4664385        4     0 3  0 0  1
   660474.46643852105     
    50   -10.95529416714        4     1 0  2 0  1
  -10.955294167143173     
    51   -3519.484038466        4     0 1  2 0  1
  -3519.4840384662220     
    52    42957.97361112        4     2 0  0 2  0
   42957.973611119320     
    53   -29397.15683565        4     1 1  0 2  0
  -29397.156835647038     
    54   -21445376.60588        4     0 2  0 2  0
  -21445376.605882049     
    55    1797910.187383        4     0 0  2 2  0
   1797910.1873827213     
    56   -763.9698448339        4     1 0  1 1  1
  -763.96984483391179     
    57   -260421.2595666        4     0 1  1 1  1
  -260421.25956664325     
    58    758.8045268520        4     2 0  0 0  2
   758.80452685199691     
    59   -18191.55789081        4     1 1  0 0  2
  -18191.557890806605     
    60    210397.3839552        4     0 2  0 0  2
   210397.38395516024     
    61    732.3241329600        4     0 0  2 0  2
   732.32413296004381     
    62    37657720.16070        4     0 0  1 3  0
   37657720.160698079     
    63   -47921.70169724        4     1 0  0 2  1
  -47921.701697240875     
    64   -2891475.814127        4     0 1  0 2  1
  -2891475.8141267039     
    65    60287.70894013        4     0 0  1 1  2
   60287.708940131612     
    66   -287.5545822326        4     1 0  0 0  3
  -287.55458223264060     
    67    10121.23621446        4     0 1  0 0  3
   10121.236214459712     
    68    299481082.4722        4     0 0  0 4  0
   299481082.47223932     
    69    1250213.316934        4     0 0  0 2  2
   1250213.3169340414     
    70    183.6957586735        4     0 0  0 0  4
   183.69575867350875     
                                      
