
 etall    1, NO =    4, NV =    5, INA =   26
 *********************************************

    I  COEFFICIENT          ORDER   EXPONENTS
     1   0.4614180974710E-01    1     1 0  0 0  0
  4.61418097471000266E-002
     2    21.31429477462        1     0 1  0 0  0
   21.314294774616354     
     3  -0.3564120252064E-01    1     0 0  0 0  1
 -3.56412025206427063E-002
     4   0.3835137447547        2     2 0  0 0  0
  0.38351374475474587     
     5   -9.938391242955        2     1 1  0 0  0
  -9.9383912429553050     
     6   -915.3912154196        2     0 2  0 0  0
  -915.39121541961833     
     7    1.517611964425        2     0 0  2 0  0
   1.5176119644245101     
     8    113.4987811835        2     0 0  1 1  0
   113.49878118349586     
     9   -41.38229738664        2     1 0  0 0  1
  -41.382297386644488     
    10    758.0870362125        2     0 1  0 0  1
   758.08703621254244     
    11    1471.356614070        2     0 0  0 2  0
   1471.3566140696998     
    12   -12.72356945774        2     0 0  0 0  2
  -12.723569457736399     
    13   -661.5206278082        3     3 0  0 0  0
  -661.52062780817653     
    14    28909.90094849        3     2 1  0 0  0
   28909.900948492756     
    15   -621814.1313674        3     1 2  0 0  0
  -621814.13136740273     
    16    5065481.273142        3     0 3  0 0  0
   5065481.2731423685     
    17    472.1733392024        3     1 0  2 0  0
   472.17333920238627     
    18   -3530.335121545        3     0 1  2 0  0
  -3530.3351215449311     
    19    20832.18249767        3     1 0  1 1  0
   20832.182497665533     
    20   -357293.9498929        3     0 1  1 1  0
  -357293.94989294087     
    21   -169.7255235532        3     2 0  0 0  1
  -169.72552355321528     
    22   -6314.340535739        3     1 1  0 0  1
  -6314.3405357391830     
    23   -78103.86679885        3     0 2  0 0  1
  -78103.866798847652     
    24    146.1715707030        3     0 0  2 0  1
   146.17157070298865     
    25    515360.4108027        3     1 0  0 2  0
   515360.41080266488     
    26   -13342904.85214        3     0 1  0 2  0
  -13342904.852143686     
    27    9813.224798526        3     0 0  1 1  1
   9813.2247985263875     
    28   -2306.215207561        3     1 0  0 0  2
  -2306.2152075606741     
    29    14214.15741171        3     0 1  0 0  2
   14214.157411705830     
    30    234603.1864677        3     0 0  0 2  1
   234603.18646765698     
    31   -1161.431219100        3     0 0  0 0  3
  -1161.4312190997509     
    32   -538.3307846929        4     4 0  0 0  0
  -538.33078469286079     
    33   -12881.82557695        4     3 1  0 0  0
  -12881.825576946245     
    34    246852.5504368        4     2 2  0 0  0
   246852.55043675238     
    35    24742780.29722        4     1 3  0 0  0
   24742780.297224075     
    36   -491464948.0058        4     0 4  0 0  0
  -491464948.00576282     
    37    590.0236067930        4     2 0  2 0  0
   590.02360679299397     
    38   -36624.34545636        4     1 1  2 0  0
  -36624.345456358133     
    39    101831.9948451        4     0 2  2 0  0
   101831.99484510254     
    40   -149.0669802094        4     0 0  4 0  0
  -149.06698020937893     
    41    5912.814752904        4     2 0  1 1  0
   5912.8147529037597     
    42   -632959.2317917        4     1 1  1 1  0
  -632959.23179173749     
    43    4330026.538688        4     0 2  1 1  0
   4330026.5386880860     
    44    3043.168622951        4     0 0  3 1  0
   3043.1686229506158     
    45   -158672.8135081        4     3 0  0 0  1
  -158672.81350814793     
    46    7103394.933126        4     2 1  0 0  1
   7103394.9331260333     
    47   -157783309.9072        4     1 2  0 0  1
  -157783309.90723738     
    48    1239598564.621        4     0 3  0 0  1
   1239598564.6211357     
    49    38559.55279340        4     1 0  2 0  1
   38559.552793400318     
    50    86102.49671802        4     0 1  2 0  1
   86102.496718021823     
    51   -199217.9040593        4     2 0  0 2  0
  -199217.90405933512     
    52   -1289004.280369        4     1 1  0 2  0
  -1289004.2803686187     
    53    555079091.5883        4     0 2  0 2  0
   555079091.58834410     
    54    118209.4492260        4     0 0  2 2  0
   118209.44922601990     
    55    1863470.373636        4     1 0  1 1  1
   1863470.3736363717     
    56    5525025.611901        4     0 1  1 1  1
   5525025.6119005214     
    57   -110422.8915133        4     2 0  0 0  2
  -110422.89151329112     
    58    4393158.525087        4     1 1  0 0  2
   4393158.5250868313     
    59   -55867748.42749        4     0 2  0 0  2
  -55867748.427492902     
    60    6035.881867956        4     0 0  2 0  2
   6035.8818679557417     
    61   -3643763.666074        4     0 0  1 3  0
  -3643763.6660737395     
    62    31678599.06158        4     1 0  0 2  1
   31678599.061583016     
    63   -64862186.76924        4     0 1  0 2  1
  -64862186.769238621     
    64    818213.3001239        4     0 0  1 1  2
   818213.30012391973     
    65   -463369.4505025        4     1 0  0 0  3
  -463369.45050253428     
    66    6173215.142345        4     0 1  0 0  3
   6173215.1423454108     
    67    72701557.06237        4     0 0  0 4  0
   72701557.062365770     
    68    31255502.22403        4     0 0  0 2  2
   31255502.224025164     
    69   -114118.8181725        4     0 0  0 0  4
  -114118.81817249343     
                                      

 etall    1, NO =    4, NV =    5, INA =   29
 *********************************************

    I  COEFFICIENT          ORDER   EXPONENTS
     1  -0.4405290401986E-01    1     1 0  0 0  0
 -4.40529040198585214E-002
     2    1.322952402115        1     0 1  0 0  0
   1.3229524021148320     
     3  -0.1484950340601E-01    1     0 0  0 0  1
 -1.48495034060118422E-002
     4   0.8911304883305E-02    2     2 0  0 0  0
  8.91130488330510451E-003
     5   -4.270519666620        2     1 1  0 0  0
  -4.2705196666199132     
     6    30.08319650997        2     0 2  0 0  0
   30.083196509967635     
     7   0.1294831196123        2     0 0  2 0  0
  0.12948311961233910     
     8    7.918546647048        2     0 0  1 1  0
   7.9185466470482186     
     9   -1.012781015112        2     1 0  0 0  1
  -1.0127810151122150     
    10   -5.111173831461        2     0 1  0 0  1
  -5.1111738314607109     
    11    98.25473668581        2     0 0  0 2  0
   98.254736685807046     
    12  -0.7134620599953        2     0 0  0 0  2
 -0.71346205999530876     
    13   -20.83441204826        3     3 0  0 0  0
  -20.834412048260916     
    14    494.1699857900        3     2 1  0 0  0
   494.16998578999369     
    15   -7806.568762265        3     1 2  0 0  0
  -7806.5687622646801     
    16   -34618.93188790        3     0 3  0 0  0
  -34618.931887895655     
    17    22.85016582526        3     1 0  2 0  0
   22.850165825263833     
    18    503.9165430614        3     0 1  2 0  0
   503.91654306142715     
    19    629.4831600968        3     1 0  1 1  0
   629.48316009684322     
    20    38196.44193703        3     0 1  1 1  0
   38196.441937030941     
    21   -14.40433708263        3     2 0  0 0  1
  -14.404337082628231     
    22   -780.6576790577        3     1 1  0 0  1
  -780.65767905769872     
    23   -3775.413248447        3     0 2  0 0  1
  -3775.4132484466504     
    24    32.74041977551        3     0 0  2 0  1
   32.740419775511413     
    25    5667.465734067        3     1 0  0 2  0
   5667.4657340670019     
    26    602336.0386558        3     0 1  0 2  0
   602336.03865579551     
    27    2008.524998774        3     0 0  1 1  1
   2008.5249987744642     
    28   -71.26864722920        3     1 0  0 0  2
  -71.268647229203381     
    29   -1592.724532180        3     0 1  0 0  2
  -1592.7245321795913     
    30    32409.50501434        3     0 0  0 2  1
   32409.505014341066     
    31   -78.03670752244        3     0 0  0 0  3
  -78.036707522443038     
    32    47.41885671886        4     4 0  0 0  0
   47.418856718858528     
    33   -5606.568433507        4     3 1  0 0  0
  -5606.5684335074611     
    34    141635.4639832        4     2 2  0 0  0
   141635.46398324793     
    35   -1771788.614775        4     1 3  0 0  0
  -1771788.6147749920     
    36    10182998.82555        4     0 4  0 0  0
   10182998.825554300     
    37   -58.45695603753        4     2 0  2 0  0
  -58.456956037527362     
    38    2026.518588593        4     1 1  2 0  0
   2026.5185885929186     
    39   -61200.72928196        4     0 2  2 0  0
  -61200.729281959524     
    40    76.06107667619        4     0 0  4 0  0
   76.061076676191874     
    41   -5359.669785748        4     2 0  1 1  0
  -5359.6697857477875     
    42    265141.0761709        4     1 1  1 1  0
   265141.07617085299     
    43   -6579211.083024        4     0 2  1 1  0
  -6579211.0830242038     
    44    12891.40013785        4     0 0  3 1  0
   12891.400137847315     
    45   -3854.526557749        4     3 0  0 0  1
  -3854.5265577486371     
    46    71997.66113202        4     2 1  0 0  1
   71997.661132015986     
    47   -972632.2709424        4     1 2  0 0  1
  -972632.27094241697     
    48   -15882215.88678        4     0 3  0 0  1
  -15882215.886775546     
    49    463.5475866635        4     1 0  2 0  1
   463.54758666349812     
    50    17363.00519220        4     0 1  2 0  1
   17363.005192204822     
    51   -147297.1303083        4     2 0  0 2  0
  -147297.13030830800     
    52    8311808.434519        4     1 1  0 2  0
   8311808.4345191903     
    53   -150457590.0653        4     0 2  0 2  0
  -150457590.06527919     
    54    721566.2646142        4     0 0  2 2  0
   721566.26461422886     
    55    8503.741498659        4     1 0  1 1  1
   8503.7414986587100     
    56    1273979.858962        4     0 1  1 1  1
   1273979.8589615657     
    57   -911.6288653811        4     2 0  0 0  2
  -911.62886538114162     
    58    56897.01021293        4     1 1  0 0  2
   56897.010212925234     
    59   -2845469.851516        4     0 2  0 0  2
  -2845469.8515158882     
    60    55.12035635924        4     0 0  2 0  2
   55.120356359235842     
    61    17312282.02641        4     0 0  1 3  0
   17312282.026407383     
    62   -246635.6752545        4     1 0  0 2  1
  -246635.67525445460     
    63    30382804.53849        4     0 1  0 2  1
   30382804.538493045     
    64    23928.25668443        4     0 0  1 1  2
   23928.256684425462     
    65   -9594.288780035        4     1 0  0 0  3
  -9594.2887800349345     
    66   -206961.0880683        4     0 1  0 0  3
  -206961.08806828613     
    67    155490455.7667        4     0 0  0 4  0
   155490455.76671675     
    68    843285.4862011        4     0 0  0 2  2
   843285.48620105814     
    69   -6776.922230505        4     0 0  0 0  4
  -6776.9222305045250     
                                      

 etall    1, NO =    4, NV =    5, INA =   30
 *********************************************

    I  COEFFICIENT          ORDER   EXPONENTS
     1    2.143616192300        1     0 0  1 0  0
   2.1436161923001058     
     2    68.83305068306        1     0 0  0 1  0
   68.833050683060932     
     3   -1.475007220639        2     1 0  1 0  0
  -1.4750072206388005     
     4    63.61614212937        2     0 1  1 0  0
   63.616142129368953     
     5    71.98718645857        2     1 0  0 1  0
   71.987186458573149     
     6    648.7929234575        2     0 1  0 1  0
   648.79292345752344     
     7   -36.51240461826        2     0 0  1 0  1
  -36.512404618264696     
     8   -175.1893521460        2     0 0  0 1  1
  -175.18935214596658     
     9    499.4267806899        3     2 0  1 0  0
   499.42678068991893     
    10    11350.99184650        3     1 1  1 0  0
   11350.991846498971     
    11   -318273.7679660        3     0 2  1 0  0
  -318273.76796598057     
    12   -129.7837820018        3     0 0  3 0  0
  -129.78378200183687     
    13   -16313.54795729        3     2 0  0 1  0
  -16313.547957287970     
    14    1438599.171118        3     1 1  0 1  0
   1438599.1711181044     
    15   -21234022.91131        3     0 2  0 1  0
  -21234022.911311254     
    16    7.776242251181        3     0 0  2 1  0
   7.7762422511805198     
    17    69.44054799596        3     1 0  1 0  1
   69.440547995956337     
    18    6393.710386212        3     0 1  1 0  1
   6393.7103862120493     
    19    251858.7088528        3     0 0  1 2  0
   251858.70885281352     
    20   -14059.53852686        3     1 0  0 1  1
  -14059.538526856646     
    21    531283.1599641        3     0 1  0 1  1
   531283.15996409988     
    22   -942.0207741858        3     0 0  1 0  2
  -942.02077418583963     
    23    7811844.741197        3     0 0  0 3  0
   7811844.7411971316     
    24   -38050.50978760        3     0 0  0 1  2
  -38050.509787603944     
    25   -46.69140819893        4     3 0  1 0  0
  -46.691408198933573     
    26    20121.28265119        4     2 1  1 0  0
   20121.282651192319     
    27    305846.5603654        4     1 2  1 0  0
   305846.56036542472     
    28    14409793.17247        4     0 3  1 0  0
   14409793.172468785     
    29    881.1361319409        4     1 0  3 0  0
   881.13613194094182     
    30   -58471.08146528        4     0 1  3 0  0
  -58471.081465281677     
    31   -25354.29277623        4     3 0  0 1  0
  -25354.292776231236     
    32    183726.5642835        4     2 1  0 1  0
   183726.56428352813     
    33   -17298063.34982        4     1 2  0 1  0
  -17298063.349820130     
    34    1171523308.616        4     0 3  0 1  0
   1171523308.6163435     
    35    176096.7223279        4     1 0  2 1  0
   176096.72232791473     
    36   -8684929.725213        4     0 1  2 1  0
  -8684929.7252126802     
    37    15404.65682500        4     2 0  1 0  1
   15404.656824996728     
    38    325191.6539938        4     1 1  1 0  1
   325191.65399380028     
    39    12023324.98464        4     0 2  1 0  1
   12023324.984643288     
    40   -30779.12634385        4     0 0  3 0  1
  -30779.126343846994     
    41    8213696.922565        4     1 0  1 2  0
   8213696.9225653242     
    42   -360832664.8003        4     0 1  1 2  0
  -360832664.80034685     
    43   -172106.5369092        4     2 0  0 1  1
  -172106.53690923229     
    44    19978073.23709        4     1 1  0 1  1
   19978073.237089861     
    45    197553871.2432        4     0 2  0 1  1
   197553871.24320912     
    46   -5179286.987983        4     0 0  2 1  1
  -5179286.9879829213     
    47   -46897.21307135        4     1 0  1 0  2
  -46897.213071348895     
    48    1471061.566884        4     0 1  1 0  2
   1471061.5668837209     
    49    100974315.0179        4     1 0  0 3  0
   100974315.01794355     
    50   -4058192795.547        4     0 1  0 3  0
  -4058192795.5469589     
    51   -245702817.1458        4     0 0  1 2  1
  -245702817.14581689     
    52   -3449360.766793        4     1 0  0 1  2
  -3449360.7667932929     
    53    89713815.17570        4     0 1  0 1  2
   89713815.175699443     
    54    37764.78354105        4     0 0  1 0  3
   37764.783541045210     
    55   -4365352839.957        4     0 0  0 3  1
  -4365352839.9565916     
    56    490024.1305458        4     0 0  0 1  3
   490024.13054579427     
                                      

 etall    1, NO =    4, NV =    5, INA =   31
 *********************************************

    I  COEFFICIENT          ORDER   EXPONENTS
     1  -0.5476548801775E-01    1     0 0  1 0  0
 -5.47654880177535358E-002
     2   -1.292057609173        1     0 0  0 1  0
  -1.2920576091733706     
     3   0.1056341571028        2     1 0  1 0  0
  0.10563415710282201     
     4  -0.9235529684612        2     0 1  1 0  0
 -0.92355296846118629     
     5   0.6637912115011        2     1 0  0 1  0
  0.66379121150107867     
     6   -7.887003708230        2     0 1  0 1  0
  -7.8870037082295035     
     7  -0.6500270858288E-01    2     0 0  1 0  1
 -6.50027085828790430E-002
     8   -19.61924654980        2     0 0  0 1  1
  -19.619246549800248     
     9   -2.530363079890        3     2 0  1 0  0
  -2.5303630798897778     
    10   -411.0586175456        3     1 1  1 0  0
  -411.05861754561573     
    11    15167.42817779        3     0 2  1 0  0
   15167.428177790844     
    12   -9.685787760790        3     0 0  3 0  0
  -9.6857877607895038     
    13    640.5616755456        3     2 0  0 1  0
   640.56167554558033     
    14   -43135.37086455        3     1 1  0 1  0
  -43135.370864553181     
    15    837643.6456672        3     0 2  0 1  0
   837643.64566718251     
    16   -1165.432234185        3     0 0  2 1  0
  -1165.4322341846400     
    17    3.921998312044        3     1 0  1 0  1
   3.9219983120439768     
    18    388.4759469690        3     0 1  1 0  1
   388.47594696895840     
    19   -43814.07808382        3     0 0  1 2  0
  -43814.078083823973     
    20    513.9793826068        3     1 0  0 1  1
   513.97938260682088     
    21    3258.417179114        3     0 1  0 1  1
   3258.4171791142144     
    22    47.02052021995        3     0 0  1 0  2
   47.020520219946349     
    23   -617787.9468195        3     0 0  0 3  0
  -617787.94681946607     
    24    1585.319893682        3     0 0  0 1  2
   1585.3198936820204     
    25   -31.52230613375        4     3 0  1 0  0
  -31.522306133746095     
    26    2474.049456771        4     2 1  1 0  0
   2474.0494567713140     
    27   -76512.57181147        4     1 2  1 0  0
  -76512.571811470232     
    28   -479949.2096910        4     0 3  1 0  0
  -479949.20969101950     
    29    35.65255998685        4     1 0  3 0  0
   35.652559986851195     
    30    2716.877743295        4     0 1  3 0  0
   2716.8777432947250     
    31   -995.3591007602        4     3 0  0 1  0
  -995.35910076019002     
    32    99859.57442522        4     2 1  0 1  0
   99859.574425223298     
    33   -1115007.723861        4     1 2  0 1  0
  -1115007.7238608932     
    34   -48947078.35390        4     0 3  0 1  0
  -48947078.353895083     
    35   -571.2704681407        4     1 0  2 1  0
  -571.27046814066398     
    36    384429.6815004        4     0 1  2 1  0
   384429.68150044419     
    37    142.9559118399        4     2 0  1 0  1
   142.95591183987051     
    38   -34266.79393784        4     1 1  1 0  1
  -34266.793937838142     
    39    213966.2778830        4     0 2  1 0  1
   213966.27788303263     
    40    3208.869814359        4     0 0  3 0  1
   3208.8698143592014     
    41   -136606.0669521        4     1 0  1 2  0
  -136606.06695205637     
    42    15717771.56108        4     0 1  1 2  0
   15717771.561081020     
    43    34226.75730629        4     2 0  0 1  1
   34226.757306287604     
    44   -2023860.376904        4     1 1  0 1  1
  -2023860.3769038199     
    45    19645003.16773        4     0 2  0 1  1
   19645003.167733159     
    46    365471.4029957        4     0 0  2 1  1
   365471.40299567609     
    47    223.6827091647        4     1 0  1 0  2
   223.68270916468555     
    48   -8697.720835292        4     0 1  1 0  2
  -8697.7208352917587     
    49   -2227630.491928        4     1 0  0 3  0
  -2227630.4919279497     
    50    184551621.0407        4     0 1  0 3  0
   184551621.04070562     
    51    14246398.23367        4     0 0  1 2  1
   14246398.233665092     
    52    77622.89890579        4     1 0  0 1  2
   77622.898905790804     
    53   -1638366.015638        4     0 1  0 1  2
  -1638366.0156381601     
    54    334.2361465769        4     0 0  1 0  3
   334.23614657686016     
    55    205903847.2243        4     0 0  0 3  1
   205903847.22434348     
    56    36668.10994007        4     0 0  0 1  3
   36668.109940074894     
                                      

 etall    1, NO =    4, NV =    5, INA =   32
 *********************************************

    I  COEFFICIENT          ORDER   EXPONENTS
     1    1.000000000000        1     0 0  0 0  1
   1.0000000000000000     
                                      

 etall    1, NO =    4, NV =    5, INA =   42
 *********************************************

    I  COEFFICIENT          ORDER   EXPONENTS
     1   0.8695266728864E-12    0     0 0  0 0  0
  8.69526672886422602E-013
     2  -0.2255281434794E-02    1     1 0  0 0  0
 -2.25528143479369891E-003
     3  -0.2693550783635        1     0 1  0 0  0
 -0.26935507836346806     
     4    13.09994781587        1     0 0  0 0  1
   13.099947815866551     
     5  -0.9402483409419        2     2 0  0 0  0
 -0.94024834094186116     
     6    33.15547035276        2     1 1  0 0  0
   33.155470352761050     
     7   -541.2617593583        2     0 2  0 0  0
  -541.26175935829031     
     8   -1.087401108087        2     0 0  2 0  0
  -1.0874011080869133     
     9   -53.05363896371        2     0 0  1 1  0
  -53.053638963713624     
    10  -0.6084513967686        2     1 0  0 0  1
 -0.60845139676859072     
    11   -8.187912167253        2     0 1  0 0  1
  -8.1879121672527955     
    12   -806.7506618894        2     0 0  0 2  0
  -806.75066188936557     
    13    3.373852516753        2     0 0  0 0  2
   3.3738525167525730     
    14    6.353744409279        3     3 0  0 0  0
   6.3537444092786366     
    15   -660.8228584541        3     2 1  0 0  0
  -660.82285845406125     
    16    8628.711458307        3     1 2  0 0  0
   8628.7114583067523     
    17   -80919.23777771        3     0 3  0 0  0
  -80919.237777707967     
    18    5.705688724196        3     1 0  2 0  0
   5.7056887241956691     
    19    536.9884813152        3     0 1  2 0  0
   536.98848131515331     
    20    305.0677614442        3     1 0  1 1  0
   305.06776144419712     
    21    34754.82522374        3     0 1  1 1  0
   34754.825223735119     
    22   -103.1974675037        3     2 0  0 0  1
  -103.19746750369390     
    23    2056.105779077        3     1 1  0 0  1
   2056.1057790767677     
    24   -49655.48541251        3     0 2  0 0  1
  -49655.485412507638     
    25    49.32951160268        3     0 0  2 0  1
   49.329511602676284     
    26    3083.488781797        3     1 0  0 2  0
   3083.4887817967929     
    27    585909.8386860        3     0 1  0 2  0
   585909.83868600009     
    28    3299.298337642        3     0 0  1 1  1
   3299.2983376423417     
    29   -99.31244940786        3     1 0  0 0  2
  -99.312449407864733     
    30   -1859.974722568        3     0 1  0 0  2
  -1859.9747225680044     
    31    58031.11449380        3     0 0  0 2  1
   58031.114493800065     
    32   -234.1014134840        3     0 0  0 0  3
  -234.10141348401012     
    33   -1928.435373301        4     4 0  0 0  0
  -1928.4353733006189     
    34    118340.3586176        4     3 1  0 0  0
   118340.35861764572     
    35   -3875852.512841        4     2 2  0 0  0
  -3875852.5128411818     
    36    62244751.85647        4     1 3  0 0  0
   62244751.856474146     
    37   -483783084.5532        4     0 4  0 0  0
  -483783084.55318165     
    38    962.7116021818        4     2 0  2 0  0
   962.71160218178113     
    39   -31221.60944346        4     1 1  2 0  0
  -31221.609443458416     
    40    497837.1763079        4     0 2  2 0  0
   497837.17630789359     
    41    1059.631255977        4     0 0  4 0  0
   1059.6312559766507     
    42    58810.20480290        4     2 0  1 1  0
   58810.204802900902     
    43   -2241114.224222        4     1 1  1 1  0
  -2241114.2242221637     
    44    35291039.16353        4     0 2  1 1  0
   35291039.163530260     
    45    141527.4622035        4     0 0  3 1  0
   141527.46220345661     
    46   -788.8508292036        4     3 0  0 0  1
  -788.85082920359650     
    47    65735.69442628        4     2 1  0 0  1
   65735.694426281378     
    48   -1333623.383783        4     1 2  0 0  1
  -1333623.3837832659     
    49   -15780792.26062        4     0 3  0 0  1
  -15780792.260616001     
    50   -1119.308347608        4     1 0  2 0  1
  -1119.3083476084964     
    51    47158.64248684        4     0 1  2 0  1
   47158.642486835495     
    52    1011862.468498        4     2 0  0 2  0
   1011862.4684981814     
    53   -43290002.25450        4     1 1  0 2  0
  -43290002.254498780     
    54    688649986.0254        4     0 2  0 2  0
   688649986.02540493     
    55    7646898.687324        4     0 0  2 2  0
   7646898.6873237770     
    56   -9569.362296463        4     1 0  1 1  1
  -9569.3622964629794     
    57    2077720.137786        4     0 1  1 1  1
   2077720.1377857656     
    58   -29552.28199239        4     2 0  0 0  2
  -29552.281992388474     
    59    927006.8166290        4     1 1  0 0  2
   927006.81662901177     
    60   -18371847.33455        4     0 2  0 0  2
  -18371847.334553298     
    61    3920.766010903        4     0 0  2 0  2
   3920.7660109031249     
    62    192182965.9311        4     0 0  1 3  0
   192182965.93107060     
    63    1302315.218544        4     1 0  0 2  1
   1302315.2185443412     
    64    7034747.531428        4     0 1  0 2  1
   7034747.5314281713     
    65    249151.6580983        4     0 0  1 1  2
   249151.65809832947     
    66   -7184.605770831        4     1 0  0 0  3
  -7184.6057708306853     
    67   -329029.2211746        4     0 1  0 0  3
  -329029.22117460473     
    68    1953836183.374        4     0 0  0 4  0
   1953836183.3741534     
    69    4277333.297290        4     0 0  0 2  2
   4277333.2972900840     
    70   -37510.47637194        4     0 0  0 0  4
  -37510.476371942117     
                                      
