# Waketime [ns]	 	DipolX [V/pC/mm]	  	DipolY [V/pC/mm]	 	QuadX [V/pC/mm]	 	QuadY [V/pC/mm]
0.00000000000000	0.00000000000000	0.00000000000000	0.00000000000000	0.00000000000000
0.01000000000000	15.75732640032516	10.40325842214189	-7.92495796277118	2.61197192672458
0.02000000000000	16.34656923109513	11.42691200953254	-8.66580597430574	2.98496104465574
0.03000000000000	16.64092259042931	12.38023826723945	-9.36666398437804	3.37325590201184
0.04000000000000	16.58554912615386	13.16526161989598	-9.93405876175207	3.75582843554952
0.05000000000000	16.36958205543263	13.85726185891214	-10.43482288689970	4.12181325531695
0.06000000000000	16.01524040949852	14.41937063184418	-10.82766402338302	4.45461760801478
0.07000000000000	15.56622560658250	14.83895535244232	-11.09133628841952	4.72172768201183
0.08000000000000	15.17783262115813	15.17289865876165	-11.28382683650307	4.95192434819190
0.09000000000000	14.73031426161264	15.34927889769306	-11.32221242968505	5.08178902200776
0.10000000000000	14.34850707396574	15.44132853007318	-11.28468848610486	5.15988951995007
0.11000000000000	14.01542676766732	15.44147664402431	-11.16026100567700	5.17625435829085
0.12000000000000	13.65551433416873	15.32304435178589	-10.93190524595515	5.12314706416104
0.13000000000000	13.33252859968836	15.14774639949226	-10.65833263803550	5.03905876978198
0.14000000000000	12.94481534655536	14.86604772560405	-10.30701239395591	4.91047874860064
0.15000000000000	12.52597314009199	14.51759380775752	-9.91888475273221	4.76604699291324
0.16000000000000	12.05641344532831	14.11151985230579	-9.50196220088910	4.60989813670069
0.17000000000000	11.51382091988612	13.62506188873504	-9.05277802774362	4.45346652827943
0.18000000000000	10.93365789613062	13.10853269976194	-8.59843812090309	4.30144968490435
0.19000000000000	10.30972656893224	12.54924189448246	-8.13692314486100	4.16103166719639
0.20000000000000	9.66497662705200	11.97032991525379	-7.68110797060482	4.03495394191737
0.21000000000000	9.00454226836530	11.38418165613952	-7.23014250719157	3.91924700556700
0.22000000000000	8.36547376615408	10.79697799947600	-6.79880001877957	3.82365103152036
0.23000000000000	7.73253929654717	10.22179880751598	-6.38006178689122	3.73766332021827
0.24000000000000	7.12052245413086	9.66192217109069	-5.98020451245041	3.66446371574072
0.25000000000000	6.54364963567561	9.12663975334255	-5.60514626748308	3.60260942926994
0.26000000000000	5.97794613291834	8.60775933265197	-5.24458832730179	3.54856000802721
0.27000000000000	5.45843394505744	8.12060662826967	-4.91566228403303	3.50413146679154
0.28000000000000	4.95423821107328	7.65266112210767	-4.60502481981508	3.46567525564596
0.29000000000000	4.47277700680120	7.20436488417732	-4.31540176319882	3.43336808979105
0.30000000000000	4.03159594482054	6.78493643546275	-4.05453469645636	3.40578703980394
0.31000000000000	3.60417152082361	6.37676276480627	-3.80853471280336	3.38187738088482
0.32000000000000	3.21791195882906	5.99371564600925	-3.58875163478997	3.35978197014452
0.33000000000000	2.85786148823642	5.62524482853154	-3.38643905795753	3.33803876858678
0.34000000000000	2.52031659957618	5.26706811654823	-3.19833019811074	3.31550736859763
0.35000000000000	2.22427892492145	4.93208987556630	-3.03248132468463	3.28893344213111
0.36000000000000	1.94361338682001	4.60295120993431	-2.87548968931877	3.25884214281321
0.37000000000000	1.69112808831804	4.29064578206964	-2.73286881543601	3.22295436975504
0.38000000000000	1.46072261860007	3.99319589150076	-2.60090700715249	3.18089657675000
0.39000000000000	1.24324923712488	3.70576564631110	-2.47454640229335	3.13364485996623
0.40000000000000	1.05529168165374	3.44293511826607	-2.36087810173865	3.07849147643788
0.41000000000000	0.87977496970300	3.19185185688156	-2.25072494443380	3.01836045614305
0.42000000000000	0.72424578413839	2.95813946165266	-2.14697386664728	2.95258351012837
0.43000000000000	0.58980468843811	2.74245011297133	-2.04984289253165	2.88146504557653
0.44000000000000	0.46920417837964	2.53837922721902	-1.95626261559084	2.80707131254357
0.45000000000000	0.37047562966551	2.35328183287782	-1.87092956331806	2.72873469182092
0.46000000000000	0.28365405058083	2.18039633011083	-1.79105606184672	2.64916742838774
0.47000000000000	0.20798762071512	2.02124393896188	-1.71830448210255	2.56929629924144
0.48000000000000	0.14385594795792	1.87910070692501	-1.65481231409709	2.48988447093409
0.49000000000000	0.08199368693216	1.74888713501598	-1.59937478487793	2.41343319839031
0.50000000000000	0.02447910094630	1.63481235879874	-1.55460729734098	2.34035257324282
0.51000000000000	-0.03415892829769	1.53353630974309	-1.51972434916288	2.27171655299810
0.52000000000000	-0.09591486682195	1.44332936841912	-1.49423658162626	2.20830401861016
0.53000000000000	-0.15820198857784	1.36595734565641	-1.47907132467084	2.14922049449043
0.54000000000000	-0.22519167796129	1.29521934333531	-1.47139342188749	2.09426494270360
0.55000000000000	-0.29391465306539	1.23112855301213	-1.47067840459713	2.04193644024980
0.56000000000000	-0.36377293461740	1.17034601084253	-1.47462079047798	1.99068412236064
0.57000000000000	-0.43495150500743	1.10884190893272	-1.48064708926603	1.93919045035427
0.58000000000000	-0.50381173111992	1.04752029904735	-1.48831393223802	1.88614966791113
0.59000000000000	-0.57100890480959	0.98133915966456	-1.49404569844323	1.83030532456385
0.60000000000000	-0.63374627034775	0.91033089712213	-1.49656732550703	1.77060853118216
0.61000000000000	-0.69086108523448	0.83442785178151	-1.49483135998310	1.70675855305766
0.62000000000000	-0.74135589313440	0.75238812077877	-1.48677078655843	1.63829546577924
0.63000000000000	-0.78301304135143	0.66732245308995	-1.47282453378065	1.56560497423461
0.64000000000000	-0.81498305862289	0.57864169962434	-1.45150292553754	1.48881534440215
0.65000000000000	-0.83618308009269	0.48822422265330	-1.42287560268328	1.40850705884890
0.66000000000000	-0.84599728454930	0.39848024049401	-1.38761737076861	1.32572370953963
0.67000000000000	-0.84459231223071	0.30866615362169	-1.34498504999786	1.24042284820129
0.68000000000000	-0.83177396959854	0.22161689596164	-1.29634073844387	1.15395012133479
0.69000000000000	-0.80917855750421	0.13735237706094	-1.24166295769290	1.06655888313509
0.70000000000000	-0.77799186211815	0.05664355796976	-1.18134290529593	0.97831369563056
0.71000000000000	-0.73971795415520	-0.01721168316184	-1.11703567997749	0.89096761670887
0.72000000000000	-0.69508782099459	-0.08491708419113	-1.04852038266715	0.80332038394073
0.73000000000000	-0.64592977382973	-0.14400747191118	-0.97709486924654	0.71629114292608
0.74000000000000	-0.59384865457628	-0.19397045923068	-0.90364906354735	0.63011098030694
0.75000000000000	-0.53945961431591	-0.23553635587348	-0.82864213792882	0.54417680679423
0.76000000000000	-0.48418443111632	-0.26643883153521	-0.75484285482325	0.46199265826639
0.77000000000000	-0.42857111621382	-0.28936110200000	-0.68219574808418	0.38232996591857
0.78000000000000	-0.37324051797770	-0.30376897253054	-0.61255875328539	0.30727284365735
0.79000000000000	-0.31847122968073	-0.30969289552588	-0.54738811519520	0.23838700609057
0.80000000000000	-0.26299129132850	-0.30854295510973	-0.48680850238510	0.17441353731545
0.81000000000000	-0.20758335685217	-0.29927756652675	-0.43231046938013	0.11736605041298
0.82000000000000	-0.15125013626871	-0.28366608720813	-0.38317911016500	0.06469647929310
0.83000000000000	-0.09370895382749	-0.26247115732456	-0.33939928296676	0.01551926189037
0.84000000000000	-0.03516341086914	-0.23575938890942	-0.30134913751615	-0.02953358712156
0.85000000000000	0.02453191161487	-0.20544354541939	-0.26779039756999	-0.07359296317344
0.86000000000000	0.08426327382775	-0.17057742734946	-0.23898439923426	-0.11517322977561
0.87000000000000	0.14350408711705	-0.13114146562226	-0.21423443217484	-0.15534924265116
0.88000000000000	0.20145570974360	-0.08625463860933	-0.19322264748404	-0.19440752458833
0.89000000000000	0.25634769746859	-0.03360390109871	-0.17620321702606	-0.22994132542508
0.90000000000000	0.30792294964261	0.02645780661144	-0.16191844528778	-0.26409983823486
0.91000000000000	0.35510532483416	0.09490328654128	-0.15058721158813	-0.29495355980559
0.92000000000000	0.39765347190472	0.17119047351122	-0.14201006743094	-0.32209240409200
0.93000000000000	0.43597716725850	0.25365339449054	-0.13546059692430	-0.34591929880659
0.94000000000000	0.46954657189527	0.34148506819429	-0.13171482591541	-0.36363233455188
0.95000000000000	0.49947634677275	0.43206803521042	-0.12987734544579	-0.37652114501572
0.96000000000000	0.52573634771712	0.52389503440123	-0.13012244088342	-0.38352429737188
0.97000000000000	0.54869033729560	0.61486857780941	-0.13236178039150	-0.38445464735388
0.98000000000000	0.56929595224352	0.70239701242555	-0.13573596573474	-0.38108614671329
0.99000000000000	0.58760937178341	0.78451974058275	-0.14029595902862	-0.37320894076968
1.00000000000000	0.60401848278772	0.85853799628660	-0.14476932456729	-0.36348333071298
1.01000000000000	0.61908756158130	0.92338617964850	-0.14859232495378	-0.35328569850081
1.02000000000000	0.63229835093026	0.97713145379246	-0.15136100981166	-0.34331910502754
1.03000000000000	0.64393760024651	1.02043231047099	-0.15196351413330	-0.33591082271781
1.04000000000000	0.65278625682595	1.05273680406246	-0.15012752023970	-0.33089179731018
1.05000000000000	0.65922378822216	1.07532228511760	-0.14544473212134	-0.32862231644377
1.06000000000000	0.66338684881187	1.08863396010105	-0.13788193242000	-0.32852125290458
1.07000000000000	0.66531873556262	1.09293918905808	-0.12796383691455	-0.32821146293347
1.08000000000000	0.66596529588166	1.08891820518337	-0.11555312144602	-0.32722285680956
1.09000000000000	0.66607324135962	1.07602936286760	-0.10123525295818	-0.32343012853339
1.10000000000000	0.66650877381329	1.05444789589817	-0.08517914467959	-0.31599373781286
1.11000000000000	0.66812296009658	1.02429364573460	-0.06717868474564	-0.30536051450250
1.12000000000000	0.67099526407576	0.98551270970696	-0.04740284025037	-0.29130239933346
1.13000000000000	0.67604224280963	0.93857029951292	-0.02533112273556	-0.27606964077923
1.14000000000000	0.68354881025941	0.88395610243122	-0.00103076629380	-0.26095261218667
1.15000000000000	0.69368879494153	0.82202896986435	0.02522745082204	-0.24746532469344
1.16000000000000	0.70688129520161	0.75416307914617	0.05301138391263	-0.23721665881014
1.17000000000000	0.72307149137149	0.68054173887964	0.08089486758712	-0.23038508994465
1.18000000000000	0.74227103317915	0.60185837173860	0.10742184988436	-0.22719618854405
1.19000000000000	0.76438770609038	0.51925813238669	0.13047846709170	-0.22681466972805
1.20000000000000	0.78867745436241	0.43230900687303	0.14773526238046	-0.22803142923582
1.21000000000000	0.81482979527139	0.34310068206221	0.15695963319569	-0.22943723828878
1.22000000000000	0.84149528604033	0.25122096975469	0.15606123975673	-0.22956930775785
1.23000000000000	0.86795290531046	0.15901880139119	0.14349415877618	-0.22719345337825
1.24000000000000	0.89269168896025	0.06712705766170	0.11806191702303	-0.22101289501045
1.25000000000000	0.91480732262052	-0.02285641072138	0.07940305101537	-0.21041742071851
1.26000000000000	0.93316940677074	-0.10973350963077	0.02773058436063	-0.19451477116507
1.27000000000000	0.94697013147477	-0.19269193432125	-0.03607010524801	-0.17291193942653
1.28000000000000	0.95549710552234	-0.27099585236872	-0.11075949106446	-0.14514322615234
1.29000000000000	0.95828334069373	-0.34430354181896	-0.19468390754473	-0.11075687477272
1.30000000000000	0.95532589748699	-0.41312013491835	-0.28548364951962	-0.07043317273882
1.31000000000000	0.94702858485769	-0.47644483178119	-0.38105447499264	-0.02423942606586
1.32000000000000	0.93345532922810	-0.53639587236415	-0.47898585174683	0.02670295927891
1.33000000000000	0.91596514974477	-0.59226899652655	-0.57678531405537	0.08082083121949
1.34000000000000	0.89525750376366	-0.64532665474539	-0.67234772781684	0.13685913044977
1.35000000000000	0.87279045583050	-0.69503751650923	-0.76353195482949	0.19272380701473
1.36000000000000	0.84968771022098	-0.74097522825974	-0.84871149363105	0.24715279034512
1.37000000000000	0.82658670534324	-0.78201230634321	-0.92641354187154	0.29877398269552
1.38000000000000	0.80387916516195	-0.81695045475840	-0.99527391850538	0.34606589657531
1.39000000000000	0.78110046652345	-0.84474984120119	-1.05431484215015	0.38852813498085
1.40000000000000	0.75777376159404	-0.86415459862659	-1.10243735924181	0.42512251239609
1.41000000000000	0.73267171686615	-0.87533707341110	-1.13869672440064	0.45547163356735
1.42000000000000	0.70483735900285	-0.87801709024449	-1.16229119982715	0.47943428312846
1.43000000000000	0.67332178630333	-0.87354690421215	-1.17221633137180	0.49620135768701
1.44000000000000	0.63728544587875	-0.86184486108989	-1.16798089429856	0.50606424739473
1.45000000000000	0.59652024958936	-0.84403123210613	-1.14891063837008	0.50843810023662
1.46000000000000	0.55146619956230	-0.82037242078860	-1.11486144781595	0.50324560061746
1.47000000000000	0.50286948146719	-0.79086999716462	-1.06623193815973	0.49086697371015
1.48000000000000	0.45204025113610	-0.75612638752629	-1.00360711533659	0.47146425007102
1.49000000000000	0.40073446996452	-0.71575136842356	-0.92849328995819	0.44640849243094
1.50000000000000	0.35071518132562	-0.67017394646258	-0.84269478578912	0.41688042200688
1.51000000000000	0.30390356050369	-0.61966021859674	-0.74839838784761	0.38435513462708
1.52000000000000	0.26186275903859	-0.56486826895717	-0.64824653820033	0.35066131736699
1.53000000000000	0.22601149087157	-0.50654357271376	-0.54476405001467	0.31711018453234
1.54000000000000	0.19713515433706	-0.44576126659236	-0.44070111919579	0.28520649871146
1.55000000000000	0.17590246499836	-0.38357991465285	-0.33861086159197	0.25609459135750
1.56000000000000	0.16190469954492	-0.32158482423354	-0.24095354544378	0.23049066460156
1.57000000000000	0.15485803280678	-0.26103538396818	-0.14998412818787	0.20912329617612
1.58000000000000	0.15432696016585	-0.20366251923756	-0.06744714590606	0.19190517327918
1.59000000000000	0.15960610377329	-0.15066344563121	0.00501162374850	0.17897315174995
1.60000000000000	0.16979833255882	-0.10288490560216	0.06603891372850	0.17046283330809
1.61000000000000	0.18447085256954	-0.06098203573614	0.11467700624517	0.16616472913480
1.62000000000000	0.20292920981906	-0.02491237518465	0.15016698180212	0.16643550256277
1.63000000000000	0.22455556645337	0.00599049087948	0.17233901178395	0.17105239624216
1.64000000000000	0.24848881446637	0.03174814750313	0.18159408722351	0.17943804730016
1.65000000000000	0.27312362716839	0.05318445195147	0.17860250233265	0.19113908543969
1.66000000000000	0.29716316470092	0.07058676755020	0.16478709306769	0.20494216488003
1.67000000000000	0.31901004576908	0.08443812812064	0.14167771235821	0.22024572790344
1.68000000000000	0.33721394485197	0.09529953872125	0.11100224028412	0.23636589667662
1.69000000000000	0.35043632490671	0.10347946538447	0.07451096438850	0.25283567118929
1.70000000000000	0.35825966061440	0.10999515589526	0.03388423788519	0.26949315236821
1.71000000000000	0.36039510363565	0.11485815841233	-0.00930429075474	0.28588510059535
1.72000000000000	0.35752594987879	0.11923416975356	-0.05377754761311	0.30176299612570
1.73000000000000	0.35042639124504	0.12280981433197	-0.09854337253327	0.31676433271567
1.74000000000000	0.34015720199563	0.12668320324583	-0.14301270224581	0.33064418946799
1.75000000000000	0.32720218239588	0.13085764226958	-0.18709385145709	0.34342472966329
1.76000000000000	0.31269568777411	0.13643792597669	-0.23085534841525	0.35508507623360
1.77000000000000	0.29727138669095	0.14470611457657	-0.27461316895592	0.36565045992109
1.78000000000000	0.28101487804048	0.15717090995996	-0.31873966775928	0.37500140992515
1.79000000000000	0.26410102827660	0.17560943621756	-0.36350016896551	0.38305193391350
1.80000000000000	0.24678932737430	0.20198823048426	-0.40891419349997	0.38943322111831
1.81000000000000	0.22874058299763	0.23708997529965	-0.45489241204991	0.39415735659836
1.82000000000000	0.21015213218744	0.28271359861581	-0.50116149851043	0.39732059535562
1.83000000000000	0.19094416883592	0.33822166440418	-0.54710740864551	0.39923265611110
1.84000000000000	0.17141385546088	0.40438607326472	-0.59201150035136	0.40041178956200
1.85000000000000	0.15179454824051	0.47946302587891	-0.63491631511477	0.40143031058934
1.86000000000000	0.13258703915554	0.56262753876539	-0.67482324545739	0.40293521815663
1.87000000000000	0.11397896352109	0.65185750539707	-0.71071434177658	0.40548027079362
1.88000000000000	0.09606166197690	0.74500805768165	-0.74149344699004	0.40933998229509
1.89000000000000	0.07863754821019	0.84003664503667	-0.76626626260998	0.41450624651453
1.90000000000000	0.06069798591117	0.93409124802476	-0.78413802248631	0.42050757592282
1.91000000000000	0.04164066044861	1.02509836046506	-0.79442619632220	0.42647272759202
1.92000000000000	0.02086372606417	1.11054548749750	-0.79689649070310	0.43148892981710
1.93000000000000	-0.00165363761540	1.18896008187827	-0.79140555631004	0.43454256866766
1.94000000000000	-0.02528105466167	1.25903267738931	-0.77840835599373	0.43492810644836
1.95000000000000	-0.04851662400554	1.31990650528248	-0.75868634289330	0.43238687985709
1.96000000000000	-0.06928154683470	1.37079872182340	-0.73337908872310	0.42717498110692
1.97000000000000	-0.08502649843550	1.41102077202289	-0.70399095635851	0.41980775225057
1.98000000000000	-0.09342706902777	1.43976142936271	-0.67177669152965	0.41087773073565
1.99000000000000	-0.09250893132896	1.45638196969126	-0.63817175035923	0.40097899340229
2.00000000000000	-0.08070445572901	1.46078405164328	-0.60438871174195	0.39055841325774
2.01000000000000	-0.05760351881940	1.45275956372472	-0.57135112299977	0.37988468237030
2.02000000000000	-0.02405832347780	1.43357534026486	-0.53987470054512	0.36911275509505
2.03000000000000	0.01835264337672	1.40380739779123	-0.51048347341444	0.35846796113952
2.04000000000000	0.06770621378662	1.36515496298901	-0.48355739088094	0.34805678411051
2.05000000000000	0.12115052184423	1.31875175008807	-0.45925831650318	0.33795419802369
2.06000000000000	0.17597641839921	1.26667390402843	-0.43756811749307	0.32809863221307
2.07000000000000	0.22977558529407	1.21061766503850	-0.41840940620879	0.31837642383465
2.08000000000000	0.28072366149614	1.15227166729483	-0.40140066924838	0.30837705181350
2.09000000000000	0.32762426433140	1.09309324048526	-0.38613016767120	0.29765093779044
2.10000000000000	0.36965271976067	1.03417420629496	-0.37250079560363	0.28606219264342
2.11000000000000	0.40621411490282	0.97620872914974	-0.36013488034311	0.27336814433646
2.12000000000000	0.43781172318830	0.92022481378185	-0.34899516283692	0.25981252203780
2.13000000000000	0.46419941198926	0.86564194917900	-0.33913349196439	0.24583838249000
2.14000000000000	0.48505901166807	0.81293167812222	-0.33087105243779	0.23231558928604
2.15000000000000	0.49997276435963	0.76117192505071	-0.32474650688738	0.22043272787911
2.16000000000000	0.50903683690636	0.71049482400229	-0.32105724852070	0.21100541072834
2.17000000000000	0.51231727735088	0.66050807989957	-0.32021541367157	0.20480095392142
2.18000000000000	0.51043640464424	0.61116215659749	-0.32246302678336	0.20217829681943
2.19000000000000	0.50471652165538	0.56249216079506	-0.32762954272327	0.20275854154687
2.20000000000000	0.49670240161595	0.51395998879459	-0.33544448320675	0.20588658438537
2.21000000000000	0.48845433605867	0.46572371839995	-0.34526337200144	0.21047736622200
2.22000000000000	0.48263028937889	0.41647288894398	-0.35631447940796	0.21557783563862
2.23000000000000	0.48113235040436	0.36659373670977	-0.36797610019989	0.22061702816937
2.24000000000000	0.48519848847951	0.31486354954697	-0.37939783160124	0.22518972730517
2.25000000000000	0.49577945561552	0.26196280291723	-0.38991168284766	0.22932271152006
2.26000000000000	0.51240245882536	0.20795469906362	-0.39880041059353	0.23311172163508
2.27000000000000	0.53401379388031	0.15333945903599	-0.40536246874930	0.23662793587986
2.28000000000000	0.55914348974437	0.09897374900931	-0.40901779399177	0.23985356769178
2.29000000000000	0.58608542583662	0.04603296092275	-0.40905930687444	0.24245725099027
2.30000000000000	0.61331234567415	-0.00471353290173	-0.40526843025555	0.24429069051571
2.31000000000000	0.64029346991176	-0.05137993350731	-0.39730886907351	0.24483650628341
2.32000000000000	0.66631133447163	-0.09362287772242	-0.38503360685233	0.24359319872232
2.33000000000000	0.69103752255239	-0.12949146459700	-0.36873328258259	0.24029192347731
2.34000000000000	0.71427590424754	-0.15897573104586	-0.34866956676731	0.23469188872670
2.35000000000000	0.73612153440137	-0.18031459700065	-0.32540470007317	0.22682087258067
2.36000000000000	0.75620627059725	-0.19357489433966	-0.29960856875680	0.21693791498571
2.37000000000000	0.77439507822551	-0.19767049635290	-0.27197849495747	0.20545164328199
2.38000000000000	0.79042494718876	-0.19263596847507	-0.24328172520282	0.19281764538905
2.39000000000000	0.80418638148078	-0.17853016736521	-0.21405770474189	0.17938000611841
2.40000000000000	0.81554242557101	-0.15545208907633	-0.18497747301511	0.16558080979802
2.41000000000000	0.82514562501977	-0.12354229310823	-0.15648621395577	0.15167706744289
2.42000000000000	0.83365812983517	-0.08342784788179	-0.12892393136622	0.13782212935053
2.43000000000000	0.84209119235650	-0.03558108897167	-0.10275392429254	0.12430437171721
2.44000000000000	0.85157659364149	0.01881356163274	-0.07838417056967	0.11140953766818
2.45000000000000	0.86305609511037	0.07850658893113	-0.05646283282564	0.09967069106396
2.46000000000000	0.87820781141790	0.14240681469574	-0.03759113494947	0.08972620155782
2.47000000000000	0.89804385511090	0.20899352591042	-0.02258549464464	0.08237041799887
2.48000000000000	0.92338965119075	0.27718116024488	-0.01244097164475	0.07862562273059
2.49000000000000	0.95446295493510	0.34549290254538	-0.00825833898757	0.07943705210236
2.50000000000000	0.99160213880855	0.41308823326102	-0.01081866941052	0.08526139791807
2.51000000000000	1.03458009314211	0.47977112625304	-0.02098073872292	0.09648828924457
2.52000000000000	1.08234802884945	0.54381051492291	-0.03927436710308	0.11297991188297
2.53000000000000	1.13393136569013	0.60572784041877	-0.06625728066516	0.13428148396808
2.54000000000000	1.18771984279988	0.66389442159545	-0.10186842923914	0.15960115787727
2.55000000000000	1.24272584891311	0.71933654592469	-0.14587863204894	0.18780909075645
2.56000000000000	1.29681364755384	0.77090264009520	-0.19776679103966	0.21775062810999
2.57000000000000	1.34811591039099	0.81901534489107	-0.25686521673694	0.24829003032234
2.58000000000000	1.39549880191141	0.86416626628546	-0.32217272333545	0.27852929103826
2.59000000000000	1.43768555813051	0.90685572546115	-0.39272653584034	0.30807630608316
2.60000000000000	1.47377116004850	0.94782322652826	-0.46749067549254	0.33694307471778
2.61000000000000	1.50318810954677	0.98771505317758	-0.54532648252887	0.36542943431453
2.62000000000000	1.52568573510106	1.02597421049064	-0.62490620197341	0.39381015993826
2.63000000000000	1.54187033554163	1.06403807869336	-0.70476833680525	0.42221944667196
2.64000000000000	1.55186627481068	1.10031095365678	-0.78326114912104	0.45042289012457
2.65000000000000	1.55669877414830	1.13564416756302	-0.85856090099457	0.47786327961136
2.66000000000000	1.55720764573369	1.16846654639596	-0.92882825953088	0.50368891250320
2.67000000000000	1.55462404788477	1.19886784204385	-0.99225535386686	0.52693779150791
2.68000000000000	1.54998350035545	1.22608570417046	-1.04716720281672	0.54666776413369
2.69000000000000	1.54355783968630	1.24983477760731	-1.09209294786069	0.56200648921410
2.70000000000000	1.53606590856538	1.27028386244057	-1.12598748672692	0.57251513420655
2.71000000000000	1.52748077357368	1.28736077797839	-1.14809288828876	0.57792984027260
2.72000000000000	1.51755940160467	1.30163030678829	-1.15801476567005	0.57827875797136
2.73000000000000	1.50558867889028	1.31351500491314	-1.15559575681908	0.57374679597419
2.74000000000000	1.49109210090560	1.32323948051068	-1.14114902449784	0.56467622328409
2.75000000000000	1.47349159704122	1.33144269634881	-1.11521435662977	0.55138162435819
2.76000000000000	1.45223848823097	1.33837834373551	-1.07842761882369	0.53414972947095
2.77000000000000	1.42677918294769	1.34407074142368	-1.03157609893742	0.51320600149621
2.78000000000000	1.39703670446400	1.34875725985000	-0.97584619823005	0.48912717206686
2.79000000000000	1.36247579538411	1.35230801305133	-0.91243072076624	0.46249465673559
2.80000000000000	1.32317149972977	1.35440533895764	-0.84274942225324	0.43424086933222
2.81000000000000	1.27932488497305	1.35476313113083	-0.76822522342582	0.40528488791456
2.82000000000000	1.23128702041703	1.35284080063076	-0.69039601726523	0.37660511203754
2.83000000000000	1.17994172588784	1.34862820716390	-0.61081169842850	0.34902478927856
2.84000000000000	1.12622628856606	1.34197542965750	-0.53087153300874	0.32303294694574
2.85000000000000	1.07146762854560	1.33335114426322	-0.45187682359162	0.29876049635174
2.86000000000000	1.01712320014505	1.32298949446060	-0.37521427149324	0.27620255839921
2.87000000000000	0.96494504641963	1.31126424681162	-0.30209182899783	0.25510513077066
2.88000000000000	0.91595656238151	1.29812801684012	-0.23368331089476	0.23499618833951
2.89000000000000	0.87121723933726	1.28307119484734	-0.17107183238153	0.21538272238538
2.90000000000000	0.83156934122283	1.26527612554782	-0.11532640780656	0.19591640209255
2.91000000000000	0.79731039035299	1.24361352324526	-0.06742118498297	0.17629768920787
2.92000000000000	0.76835509814425	1.21681230109229	-0.02809680295989	0.15636767217765
2.93000000000000	0.74454517558606	1.18366232685757	0.00189848185224	0.13627692373017
2.94000000000000	0.72526153231412	1.14315398499686	0.02218160664226	0.11623997808021
2.95000000000000	0.70994677633570	1.09486401608492	0.03258028694510	0.09673965666739
2.96000000000000	0.69806928043861	1.03850765771363	0.03303745576938	0.07844461240526
2.97000000000000	0.68850043323806	0.97428351990589	0.02381266062600	0.06217531472468
2.98000000000000	0.68039952253461	0.90272314743162	0.00539548131162	0.04879772199902
2.99000000000000	0.67272659661985	0.82472375633588	-0.02152128218678	0.03924320011995
3.00000000000000	0.66431058493784	0.74121735288906	-0.05606260034030	0.03440885646056
3.01000000000000	0.65391538607701	0.65282134016328	-0.09733248993044	0.03508411115769
3.02000000000000	0.64033198873130	0.56108314133733	-0.14410074038706	0.04165485586809
3.03000000000000	0.62212043997717	0.46645244797251	-0.19495792716421	0.05400074848350
3.04000000000000	0.59830752688196	0.37054730714276	-0.24856948255210	0.07174626590575
3.05000000000000	0.56817503522972	0.27463385124695	-0.30356696595386	0.09406611055310
3.06000000000000	0.53087343771724	0.17960256250861	-0.35853570089409	0.11979620434386
3.07000000000000	0.48580715803895	0.08656960357953	-0.41233176349433	0.14772862524094
3.08000000000000	0.43318801492623	-0.00352231707973	-0.46402635566194	0.17678428022444
3.09000000000000	0.37386647400244	-0.08991626687147	-0.51311026101598	0.20625097360875
3.10000000000000	0.30913080419249	-0.17135839203737	-0.55924811751607	0.23563002614208
3.11000000000000	0.24064323999774	-0.24785987912172	-0.60242977977554	0.26489175793915
3.12000000000000	0.17107683227635	-0.31796401331577	-0.64287376942959	0.29426621613115
3.13000000000000	0.10307907116119	-0.38212586029732	-0.68094646718585	0.32433130908302
3.14000000000000	0.03961245582839	-0.43903300784513	-0.71693096832131	0.35542985037556
3.15000000000000	-0.01705905052023	-0.48943389805239	-0.75091334179211	0.38770282775455
3.16000000000000	-0.06425761935296	-0.53246524443267	-0.78297447300517	0.42106168513962
3.17000000000000	-0.10015224171743	-0.56908381142948	-0.81302468609742	0.45501101114622
3.18000000000000	-0.12316953817774	-0.59911455192784	-0.84062440427465	0.48848515910946
3.19000000000000	-0.13273728464502	-0.62348739841361	-0.86538008098023	0.52028320891048
3.20000000000000	-0.12885077626774	-0.64306823216610	-0.88696031740800	0.54926987601336
3.21000000000000	-0.11199151405463	-0.65851004488428	-0.90526710415416	0.57456501573294
3.22000000000000	-0.08384096840248	-0.67096988433184	-0.92039103163788	0.59563515933319
3.23000000000000	-0.04637688313733	-0.68092123900310	-0.93266017048141	0.61238217481284
3.24000000000000	-0.00170348654949	-0.68831221437354	-0.94268727076282	0.62508486691560
3.25000000000000	0.04765175309842	-0.69372009039937	-0.95110778456149	0.63425898255446
3.26000000000000	0.09983460913631	-0.69691754303988	-0.95901101623145	0.64101067868431
3.27000000000000	0.15284835505993	-0.69808714666398	-0.96714289541939	0.64628309237223
3.28000000000000	0.20518895478276	-0.69710247750787	-0.97629392068174	0.65121571735561
3.29000000000000	0.25593276871548	-0.69370142028839	-0.98710987153540	0.65686840769085
3.30000000000000	0.30431940699553	-0.68776375056266	-1.00002226235449	0.66416903287481
3.31000000000000	0.34990423565495	-0.67902329870692	-1.01521313487708	0.67377991316984
3.32000000000000	0.39256160961815	-0.66719789376370	-1.03256456845007	0.68593047713050
3.33000000000000	0.43217393205712	-0.65249915199843	-1.05153312633339	0.70036298232776
3.34000000000000	0.46892024062802	-0.63492097214903	-1.07132639125168	0.71638737443275
3.35000000000000	0.50304258003381	-0.61510178518443	-1.09102753275332	0.73308214064862
3.36000000000000	0.53532153906331	-0.59333403634659	-1.10947944209402	0.74927219920342
3.37000000000000	0.56650375944609	-0.56943726501462	-1.12526662922412	0.76360248045058
3.38000000000000	0.59744186889409	-0.54330175689228	-1.13721135707727	0.77506198807865
3.39000000000000	0.62895973672086	-0.51454158900929	-1.14427670972089	0.78300552111010
3.40000000000000	0.66165265093694	-0.48266775579533	-1.14554866560833	0.78705892287757
3.41000000000000	0.69546818482614	-0.44799780549754	-1.14017029172013	0.78710053383948
3.42000000000000	0.73045772358770	-0.40991428681396	-1.12768702640078	0.78330218626189
3.43000000000000	0.76577639842185	-0.36959183977776	-1.10806054132387	0.77621843901690
3.44000000000000	0.80109584655083	-0.32668804666182	-1.08115973227776	0.76623859397057
3.45000000000000	0.83496755064332	-0.28290459455210	-1.04727406074736	0.75398300147207
3.46000000000000	0.86641249281610	-0.23824881057859	-1.00696497882968	0.74006067493318
3.47000000000000	0.89389135568741	-0.19443077595144	-0.96109389192895	0.72512011177070
3.48000000000000	0.91613577543804	-0.15176671542991	-0.91057882523776	0.70955249328808
3.49000000000000	0.93152397138654	-0.11136782016863	-0.85638884152817	0.69344002695376
3.50000000000000	0.93891718084554	-0.07357330742983	-0.79965017412992	0.67673760922652
3.51000000000000	0.93751417439157	-0.03835567766618	-0.74151594869024	0.65921195172327
3.52000000000000	0.92671590977248	-0.00599872530522	-0.68310151525584	0.64058276367944
3.53000000000000	0.90656646503093	0.02455166049009	-0.62560365860530	0.62071909547438
3.54000000000000	0.87759770487025	0.05342782852800	-0.57005056687910	0.59951074653812
3.55000000000000	0.84072790481981	0.08063690283162	-0.51765919932661	0.57731770522407
3.56000000000000	0.79743914274551	0.10764047638796	-0.46953670661641	0.55467425999129
3.57000000000000	0.74942087476642	0.13445205294253	-0.42671889731472	0.53228721480758
3.58000000000000	0.69849028756664	0.16176220318467	-0.39014322961464	0.51099266582617
3.59000000000000	0.64694704882421	0.19007552306727	-0.36059272760639	0.49154660779624
3.60000000000000	0.59703324997305	0.21936844518685	-0.33867993830952	0.47456377959206
3.61000000000000	0.55108952345321	0.25022214410379	-0.32485896416240	0.46045356132437
3.62000000000000	0.51122818201193	0.28212810646542	-0.31938085996791	0.44934617486217
3.63000000000000	0.47963605924725	0.31569413929502	-0.32231579098438	0.44119824810193
3.64000000000000	0.45749047267830	0.35022089832316	-0.33348126389173	0.43567052991238
3.65000000000000	0.44573661456637	0.38635746247028	-0.35277015476273	0.43261365751012
3.66000000000000	0.44427647036584	0.42369024470295	-0.37985099738437	0.43181437379703
3.67000000000000	0.45259979453662	0.46269640413944	-0.41425010562038	0.43321093181340
3.68000000000000	0.46946581315183	0.50353298129429	-0.45547430489706	0.43704932645979
3.69000000000000	0.49311123792669	0.54643179325508	-0.50300384449673	0.44386770100686
3.70000000000000	0.52154282296156	0.59131941412714	-0.55619024364226	0.45437515305464
3.71000000000000	0.55278053996820	0.63756845564800	-0.61416939450642	0.46923277094633
3.72000000000000	0.58495895711546	0.68434537651822	-0.67602376107916	0.48898391549312
3.73000000000000	0.61551725425021	0.72992432343497	-0.74063654708307	0.51383860904201
3.74000000000000	0.64266724229970	0.77257134272280	-0.80679161774478	0.54352510747966
3.75000000000000	0.66465400656609	0.81008901360632	-0.87307973787546	0.57718992664067
3.76000000000000	0.67995234978159	0.84058088207718	-0.93818033747802	0.61358538438786
3.77000000000000	0.68721433830315	0.86213682088172	-1.00064051365166	0.65096076283188
3.78000000000000	0.68574142975118	0.87361696911163	-1.05947294046042	0.68769958211897
3.79000000000000	0.67506986323782	0.87382839548657	-1.11359218495469	0.72195884535486
3.80000000000000	0.65523395595371	0.86260590861357	-1.16230281582843	0.75225397811051
3.81000000000000	0.62669398710815	0.84019448496123	-1.20519490489849	0.77748785723468
3.82000000000000	0.59025409388164	0.80706521163250	-1.24203413146336	0.79690265887344
3.83000000000000	0.54678342292783	0.76479879740380	-1.27282037575958	0.81017893307757
3.84000000000000	0.49757594431444	0.71356429081128	-1.29765675351090	0.81734711774752
3.85000000000000	0.44458412395375	0.65518091945667	-1.31674201599687	0.81875180287709
3.86000000000000	0.38979514692885	0.59066541590071	-1.33037013145711	0.81504700837297
3.87000000000000	0.33485551284954	0.51999835271256	-1.33886079831052	0.80707953530053
3.88000000000000	0.28174097404788	0.44401462000459	-1.34258435022750	0.79585812711762
3.89000000000000	0.23217224801064	0.36334997336794	-1.34187715349391	0.78239418041505
3.90000000000000	0.18767014607004	0.27886891420712	-1.33705009478895	0.76757634020748
3.91000000000000	0.14948101891350	0.19258022862204	-1.32849208615150	0.75230904221151
3.92000000000000	0.11793040659006	0.10543532288807	-1.31650514527137	0.73719577420513
3.93000000000000	0.09373303312079	0.02011603559037	-1.30131462782725	0.72261466374936
3.94000000000000	0.07643364817001	-0.06254732949900	-1.28308345713977	0.70877457888043
3.95000000000000	0.06517446018689	-0.14012070161488	-1.26215020703238	0.69576140143972
3.96000000000000	0.05838127147227	-0.21227430548398	-1.23867648324864	0.68358301617792
3.97000000000000	0.05480820892599	-0.27717947933213	-1.21289728018575	0.67213756208662
3.98000000000000	0.05260310701669	-0.33507899744212	-1.18505955950795	0.66132056533653
3.99000000000000	0.05020072752973	-0.38548198696049	-1.15552076287373	0.65111576709585
4.00000000000000	0.04633110909706	-0.42870640903849	-1.12459720702934	0.64145952712284
4.01000000000000	0.04038179210847	-0.46518497828794	-1.09257856072073	0.63223463815442
4.02000000000000	0.03203250184347	-0.49511127826184	-1.05972437598375	0.62329210360053
4.03000000000000	0.02144489713932	-0.51873670432250	-1.02625289938455	0.61440790479640
4.04000000000000	0.00906573925644	-0.53589297473936	-0.99227727981514	0.60525739886797
4.05000000000000	-0.00425156347422	-0.54620120376593	-0.95775485548102	0.59540625297396
4.06000000000000	-0.01756995132406	-0.54975332389770	-0.92257826342053	0.58443355658920
4.07000000000000	-0.03020811159955	-0.54643925445350	-0.88667159549842	0.57216802609217
4.08000000000000	-0.04145489486819	-0.53670773451416	-0.84990834509095	0.55855308937084
4.09000000000000	-0.05076629648200	-0.52109196296475	-0.81225583882892	0.54385997998112
4.10000000000000	-0.05797622582850	-0.50022135304906	-0.77375208157591	0.52854079586481
4.11000000000000	-0.06311465931625	-0.47484506237931	-0.73444921471059	0.51307885833735
4.12000000000000	-0.06664864704125	-0.44549151303679	-0.69463694855645	0.49813598435610
4.13000000000000	-0.06885913355564	-0.41261371654905	-0.65461702742089	0.48418746385969
4.14000000000000	-0.07004966696878	-0.37645836146953	-0.61485285047029	0.47162781847964
4.15000000000000	-0.07041204814047	-0.33733534997033	-0.57592259620193	0.46064848377560
4.16000000000000	-0.06991443335255	-0.29551581034263	-0.53850540665678	0.45128084653072
4.17000000000000	-0.06833302242495	-0.25124214541766	-0.50343199967874	0.44350699796623
4.18000000000000	-0.06523950300458	-0.20472729596575	-0.47161542621522	0.43726872643581
4.19000000000000	-0.06051907980907	-0.15630947016519	-0.44404795974016	0.43252101801540
4.20000000000000	-0.05373742876050	-0.10612080477202	-0.42161163624891	0.42912905314896
4.21000000000000	-0.04457477067353	-0.05426561521192	-0.40509710745872	0.42690554555152
4.22000000000000	-0.03302243555311	-0.00088421884240	-0.39523651378699	0.42572403502871
4.23000000000000	-0.01897254519838	0.05396156777560	-0.39235880961275	0.42533466644305
4.24000000000000	-0.00224555007296	0.11003240919844	-0.39668564608881	0.42565992950451
4.25000000000000	0.01757812646410	0.16745643003592	-0.40830449979277	0.42691202738899
4.26000000000000	0.04069532000312	0.22588768978062	-0.42711175947712	0.42944786589582
4.27000000000000	0.06794313942028	0.28539089825325	-0.45275130453273	0.43378414651311
4.28000000000000	0.09964595274481	0.34547299941166	-0.48478989451307	0.44045574467082
4.29000000000000	0.13653795976467	0.40612967747027	-0.52261585039330	0.44996429183166
4.30000000000000	0.17862269678959	0.46672681416842	-0.56566200165981	0.46269552679740
4.31000000000000	0.22576332912462	0.52676338313855	-0.61298711711861	0.47856975904317
4.32000000000000	0.27736034771326	0.58555674012662	-0.66379210785629	0.49756088496026
4.33000000000000	0.33241313080682	0.64211860307605	-0.71718827687685	0.51927411517059
4.34000000000000	0.38967762858747	0.69582536532904	-0.77222521136136	0.54316594210834
4.35000000000000	0.44795240755677	0.74586008098394	-0.82801159166157	0.56854986021840
4.36000000000000	0.50593505195829	0.79134388861277	-0.88356242517974	0.59458740459642
4.37000000000000	0.56272737329329	0.83230861618453	-0.93792226662180	0.62042770148820
4.38000000000000	0.61724929382943	0.86805142972134	-0.98998913577243	0.64510913229768
4.39000000000000	0.66949827496203	0.89897514122337	-1.03873064190057	0.66775937691899
4.40000000000000	0.71906671021007	0.92501263130471	-1.08303225343727	0.68755220599976
4.41000000000000	0.76566733245319	0.94593529171451	-1.12171569056969	0.70366601384603
4.42000000000000	0.80917538247229	0.96202803530825	-1.15363463708459	0.71536328268152
4.43000000000000	0.84894087930814	0.97249520164772	-1.17781367358311	0.72212524432777
4.44000000000000	0.88461576880853	0.97809585743297	-1.19332816938810	0.72346733767472
4.45000000000000	0.91515754975267	0.97751709393888	-1.19955916464128	0.71918632091656
4.46000000000000	0.94012439196726	0.97177631015860	-1.19614299435685	0.70920920680617
4.47000000000000	0.95871845415207	0.96026786812198	-1.18319698835235	0.69382864648106
4.48000000000000	0.97090116188464	0.94360255163400	-1.16121171712224	0.67352836901762
4.49000000000000	0.97698395646827	0.92230198677182	-1.13105898718690	0.64907109281051
4.50000000000000	0.97762070273642	0.89701919488402	-1.09414102258353	0.62154904153456
4.51000000000000	0.97403823369496	0.86850750860048	-1.05216430547533	0.59215580331796
4.52000000000000	0.96763176053565	0.83758994229312	-1.00703898084046	0.56218855538408
4.53000000000000	0.95982093242109	0.80451473637471	-0.96085564381307	0.53295664188101
4.54000000000000	0.95245822248177	0.77067559253055	-0.91561955859158	0.50553263492029
4.55000000000000	0.94664136691347	0.73641570859119	-0.87323873155600	0.48088549315372
4.56000000000000	0.94363997450775	0.70339417397538	-0.83530348711405	0.45962747069305
4.57000000000000	0.94396881420789	0.67202603150131	-0.80310659561350	0.44219604324698
4.58000000000000	0.94830836182878	0.64353017348786	-0.77753929261179	0.42871133501435
4.59000000000000	0.95639273565308	0.61839666606768	-0.75908723772707	0.41918484601058
4.60000000000000	0.96779091959992	0.59688118993193	-0.74785690682630	0.41348362614545
4.61000000000000	0.98190410792066	0.57907616433581	-0.74362822156133	0.41141908756974
4.62000000000000	0.99782719393972	0.56451634058981	-0.74585677173135	0.41284555830293
4.63000000000000	1.01493680520821	0.55276624501499	-0.75371201280675	0.41755112356744
4.64000000000000	1.03253519562264	0.54345339500224	-0.76607777432152	0.42520115288945
4.65000000000000	1.05004795930691	0.53654666228676	-0.78155833971057	0.43534705455603
4.66000000000000	1.06681988689680	0.53174089686206	-0.79872845486664	0.44736825387466
4.67000000000000	1.08219386547255	0.52940129898865	-0.81574321611396	0.46020245050828
4.68000000000000	1.09541091924277	0.52920807039098	-0.83081860127670	0.47270709117886
4.69000000000000	1.10554288935428	0.53123275895192	-0.84216785622661	0.48359184384046
4.70000000000000	1.11158471234604	0.53507923373155	-0.84821223242289	0.49175221136523
4.71000000000000	1.11243859524777	0.53967028428759	-0.84765661600360	0.49627471312317
4.72000000000000	1.10736651888277	0.54414178652469	-0.83959202711020	0.49664554972895
4.73000000000000	1.09566194801667	0.54654911796826	-0.82364039195428	0.49283242855264
4.74000000000000	1.07733202970639	0.54628258727790	-0.79997184999362	0.48517283263180
4.75000000000000	1.05258635034631	0.54102830065293	-0.76910813393808	0.47419965564726
4.76000000000000	1.02252924320734	0.53033902979476	-0.73210283422746	0.46063748097164
4.77000000000000	0.98805669248766	0.51240502171816	-0.69033887700786	0.44531063792661
4.78000000000000	0.95074208631230	0.48715464676696	-0.64550158161747	0.42900418862547
4.79000000000000	0.91181434636597	0.45377849386160	-0.59938066119516	0.41235660854286
4.80000000000000	0.87248864325700	0.41191159806019	-0.55380844576070	0.39591574242628
4.81000000000000	0.83386424541075	0.36150803713586	-0.51072564606478	0.38020729537066
4.82000000000000	0.79687624635527	0.30289179935746	-0.47200747687890	0.36577453022953
4.83000000000000	0.76223744543200	0.23624802860224	-0.43931747855357	0.35310681245013
4.84000000000000	0.73099212674282	0.16326370816965	-0.41422642593037	0.34281697950385
4.85000000000000	0.70354987511620	0.08376575642356	-0.39800177970231	0.33545857451643
4.86000000000000	0.68110026680130	0.00034112905512	-0.39198289522770	0.33188000095607
4.87000000000000	0.66402498633119	-0.08687503984203	-0.39687301399151	0.33252117014737
4.88000000000000	0.65298951022770	-0.17566516300872	-0.41316849083012	0.33778545284236
4.89000000000000	0.64800090796632	-0.26519522908371	-0.44108911305989	0.34791313208842
4.90000000000000	0.64900010990177	-0.35369335771259	-0.48057251896384	0.36303897697379
4.91000000000000	0.65556277063017	-0.43963478052013	-0.53112549841495	0.38307415121404
4.92000000000000	0.66698072556281	-0.52178213008156	-0.59200702726092	0.40785922806143
4.93000000000000	0.68262849433433	-0.59826527168138	-0.66217390893178	0.43718558641524
4.94000000000000	0.70152820749290	-0.66818670309948	-0.74038580996005	0.47077302317931
4.95000000000000	0.72297878962148	-0.72977543541916	-0.82491966551074	0.50814173253651
4.96000000000000	0.74622442801006	-0.78230853770655	-0.91412191197077	0.54892325930300
4.97000000000000	0.77057912814512	-0.82460483688320	-1.00587690440155	0.59236631867533
4.98000000000000	0.79535243123862	-0.85614607954852	-1.09798753959521	0.63769074866567
4.99000000000000	0.82024901128840	-0.87654613345795	-1.18834495770081	0.68414407046635
5.00000000000000	0.84507857748822	-0.88598166276093	-1.27488261927488	0.73098925909593
5.01000000000000	0.86993117454672	-0.88464798802230	-1.35572291429434	0.77753290189721
5.02000000000000	0.89455075965719	-0.87311488321321	-1.42915709487506	0.82299621737970
5.03000000000000	0.91959914488226	-0.85249656684388	-1.49382080432637	0.86662195464110
5.04000000000000	0.94483047065712	-0.82362561001718	-1.54853802017291	0.90743371556520
5.05000000000000	0.96996135894275	-0.78812552663931	-1.59255639347704	0.94449427651066
5.06000000000000	0.99441543188379	-0.74687029178069	-1.62520448323010	0.97664229538490
5.07000000000000	1.01727628159494	-0.70153801620008	-1.64626926121319	1.00292264321232
5.08000000000000	1.03773663278774	-0.65269980338186	-1.65582060875007	1.02259228344683
5.09000000000000	1.05443955613962	-0.60142336364649	-1.65424342404758	1.03525344765984
5.10000000000000	1.06604829812875	-0.54796187394762	-1.64210195804788	1.04078780674361
5.11000000000000	1.07146864987995	-0.49241785428126	-1.62038309207920	1.03961593050328
5.12000000000000	1.06970681993794	-0.43461038517854	-1.59025951511849	1.03251120121697
5.13000000000000	1.05991245567709	-0.37426396778850	-1.55300200097763	1.02046631561476
5.14000000000000	1.04152324782183	-0.31123790691412	-1.50985974106544	1.00455085680205
5.15000000000000	1.01386233868069	-0.24603649629919	-1.46240989408674	0.98616092579092
5.16000000000000	0.97774397077614	-0.17793301124123	-1.41208505754705	0.96657847935958
5.17000000000000	0.93358216723570	-0.10822940842017	-1.36012200393286	0.94678469425585
5.18000000000000	0.88263709260832	-0.03667455012502	-1.30791254646622	0.92767224959845
5.19000000000000	0.82642764947604	0.03562435496285	-1.25624311210046	0.90949018649996
5.20000000000000	0.76690303502740	0.10824144904548	-1.20605150030701	0.89236755108157
5.21000000000000	0.70591321962278	0.18055066645461	-1.15787523256478	0.87599360686913
5.22000000000000	0.64506089737460	0.25161576325149	-1.11203936518200	0.85983041852340
5.23000000000000	0.58615511247347	0.32121741860293	-1.06881989370681	0.84347060359003
5.24000000000000	0.52976294403309	0.38853524226547	-1.02833624352890	0.82656832607304
5.25000000000000	0.47706095242292	0.45360319267517	-0.99073495928542	0.80907003070246
5.26000000000000	0.42830301268129	0.51533840125968	-0.95603293231438	0.79110169966796
5.27000000000000	0.38370800911268	0.57378088605494	-0.92430499779424	0.77295645518883
5.28000000000000	0.34296277263189	0.62788914480588	-0.89558652625017	0.75498507581788
5.29000000000000	0.30567380837579	0.67702008291015	-0.86980211486936	0.73741246295513
5.30000000000000	0.27131070317752	0.71998215867976	-0.84681598364065	0.72025902339816
5.31000000000000	0.23934472700038	0.75584379033477	-0.82644728943480	0.70348916003821
5.32000000000000	0.20939401160551	0.78376253617104	-0.80858663886252	0.68702612679242
5.33000000000000	0.18072155336495	0.80293363493246	-0.79298750346366	0.67070270530853
5.34000000000000	0.15308408177685	0.81268268749693	-0.77951720606152	0.65460960954390
5.35000000000000	0.12634785891371	0.81309342933549	-0.76812370074742	0.63903008125914
5.36000000000000	0.10025790699898	0.80429783539670	-0.75876253543047	0.62439319685512
5.37000000000000	0.07476769487969	0.78702608873174	-0.75133824682926	0.61115817398237
5.38000000000000	0.05004036873555	0.76192100155991	-0.74571602431725	0.59973504939002
5.39000000000000	0.02621644311933	0.73023224635062	-0.74163737756947	0.59034990594722
5.40000000000000	0.00344457524547	0.69305013850801	-0.73880973179804	0.58299505153201
5.41000000000000	-0.01769914346542	0.65173101656921	-0.73686468991719	0.57745058803861
5.42000000000000	-0.03627202898775	0.60748126070020	-0.73549411735997	0.57336319975483
5.43000000000000	-0.05169153641017	0.56133144859529	-0.73420859531033	0.57006529133004
5.44000000000000	-0.06309816497133	0.51460650271696	-0.73287798685359	0.56714296452892
5.45000000000000	-0.06979645096847	0.46807567365028	-0.73137212183227	0.56411421505595
5.46000000000000	-0.07093002714974	0.42297197192906	-0.72969445540165	0.56064784175187
5.47000000000000	-0.06612984494242	0.37984897131772	-0.72795305232803	0.55655415479383
5.48000000000000	-0.05572865060920	0.33934874519767	-0.72630048051564	0.55175128747853
5.49000000000000	-0.03995286022251	0.30218257813987	-0.72488002738626	0.54627755317581
5.50000000000000	-0.01915631757277	0.26872298625816	-0.72384900273455	0.54026792602491
5.51000000000000	0.00565861826023	0.23929206871739	-0.72328396248620	0.53386246805202
5.52000000000000	0.03353534881686	0.21434187269227	-0.72302111254702	0.52703583739739
5.53000000000000	0.06354609810786	0.19390629499567	-0.72278482148869	0.51969874783055
5.54000000000000	0.09473868623489	0.17828384689146	-0.72236387924441	0.51180687113745
5.55000000000000	0.12622200434971	0.16753047032101	-0.72143946705471	0.50324658608999
5.56000000000000	0.15700114504726	0.16143123953298	-0.71961411460502	0.49381799355455
5.57000000000000	0.18612397284485	0.15965926016314	-0.71669054078871	0.48355591824059
5.58000000000000	0.21247377834677	0.16130618144372	-0.71266047707624	0.47269094482595
5.59000000000000	0.23488938710427	0.16529906712213	-0.70771193553311	0.46171426373457
5.60000000000000	0.25219220108156	0.17041557529624	-0.70219779309741	0.45127400791659
5.61000000000000	0.26332151233981	0.17524770161640	-0.69671927977566	0.44220343983331
5.62000000000000	0.26767233108529	0.17812805112953	-0.69197770834116	0.43530084306368
5.63000000000000	0.26487106329450	0.17796061055992	-0.68867806435963	0.43112632093771
5.64000000000000	0.25502712702766	0.17352002341484	-0.68738480885534	0.42979921407314
5.65000000000000	0.23896289940423	0.16505530300355	-0.68858838608065	0.43117715027710
5.66000000000000	0.21727633801534	0.15158592064638	-0.69257146287025	0.43467302801452
5.67000000000000	0.19158175807947	0.13434987652714	-0.69947588088529	0.43961600406781
5.68000000000000	0.16332739293930	0.11289975678310	-0.70928174955068	0.44525270806104
5.69000000000000	0.13449201290944	0.08858456826604	-0.72188412481888	0.45102271793900
5.70000000000000	0.10663978509053	0.06145910768671	-0.73708058177026	0.45652764112217
5.71000000000000	0.08142025904515	0.03210792701220	-0.75455810773314	0.46159610569240
5.72000000000000	0.06000281697758	0.00065771640380	-0.77388088250588	0.46620121627622
5.73000000000000	0.04296964165313	-0.03300606294930	-0.79452457176327	0.47043830425655
5.74000000000000	0.03070863016422	-0.06827283439972	-0.81585760169234	0.47447054157964
5.75000000000000	0.02256887897007	-0.10573306142411	-0.83716703119358	0.47846699799809
5.76000000000000	0.01821887675655	-0.14423569461842	-0.85763851187139	0.48246607799653
5.77000000000000	0.01641441830593	-0.18445188151466	-0.87642680641242	0.48640999506438
5.78000000000000	0.01621381836077	-0.22496847954549	-0.89265899776847	0.49007169915310
5.79000000000000	0.01653431386696	-0.26511739378647	-0.90552097388986	0.49312856117704
5.80000000000000	0.01636172734610	-0.30421868311701	-0.91433888560010	0.49530842037312
5.81000000000000	0.01483210551812	-0.34149531387028	-0.91862259535490	0.49641554882614
5.82000000000000	0.01138928099966	-0.37575505430419	-0.91806043132733	0.49631210313987
5.83000000000000	0.00556010646393	-0.40666838934790	-0.91258839720929	0.49514517158121
5.84000000000000	-0.00277468165712	-0.43352294138887	-0.90243750757750	0.49300075245065
5.85000000000000	-0.01364125341079	-0.45661536785885	-0.88790021137712	0.49008792997951
5.86000000000000	-0.02674986505019	-0.47579249498068	-0.86940627155904	0.48644358331273
5.87000000000000	-0.04168667923024	-0.49176967400935	-0.84745882907516	0.48208098661460
5.88000000000000	-0.05761589604321	-0.50461424199225	-0.82267888110043	0.47694294538570
5.89000000000000	-0.07364224245577	-0.51499217348777	-0.79565871806573	0.47093526362752
5.90000000000000	-0.08880835909145	-0.52287248027751	-0.76692474201050	0.46378816348098
5.91000000000000	-0.10213913196442	-0.52834564080442	-0.73704098194233	0.45534685275059
5.92000000000000	-0.11262235592293	-0.53140236284292	-0.70660474594944	0.44557003501210
5.93000000000000	-0.11939698396541	-0.53151360030943	-0.67619508806820	0.43452272443968
5.94000000000000	-0.12180777262476	-0.52839953551528	-0.64638265890610	0.42246671507839
5.95000000000000	-0.11935445815659	-0.52144955566137	-0.61774750321471	0.40982847324569
5.96000000000000	-0.11178448537712	-0.51063837578989	-0.59086333769176	0.39712939649942
5.97000000000000	-0.09892566472396	-0.49523352961898	-0.56621913189526	0.38490229828742
5.98000000000000	-0.08121955487275	-0.47577397048359	-0.54429993369624	0.37368136481600
5.99000000000000	-0.05938856478005	-0.45192541795978	-0.52538262947862	0.36381530431313
6.00000000000000	-0.03458923250365	-0.42451750964058	-0.50977316046527	0.35568192933091
6.01000000000000	-0.00806690358302	-0.39378305924300	-0.49770791684634	0.34960350183888
6.02000000000000	0.01867610324838	-0.36021494879560	-0.48937604525650	0.34591968528368
6.03000000000000	0.04409749964135	-0.32433637757792	-0.48490474380692	0.34494528380650
6.04000000000000	0.06704921705872	-0.28603162757956	-0.48426039747268	0.34678983272841
6.05000000000000	0.08625642592896	-0.24604424349864	-0.48729564323318	0.35144427206501
6.06000000000000	0.10119559586599	-0.20338207875729	-0.49366534034481	0.35856768626207
6.07000000000000	0.11132179390303	-0.15829865874955	-0.50282935679877	0.36761809339347
6.08000000000000	0.11652018953555	-0.11056985712164	-0.51407028397649	0.37783387784927
6.09000000000000	0.11694925773691	-0.05934953481093	-0.52653979861964	0.38838304642857
6.10000000000000	0.11286390872462	-0.00446738205085	-0.53935741634563	0.39851554593498
6.11000000000000	0.10493578131821	0.05412380842832	-0.55171031218956	0.40766530214243
6.12000000000000	0.09360128178931	0.11621256259299	-0.56276232356270	0.41534687017840
6.13000000000000	0.07933513264360	0.18064376857908	-0.57183611459173	0.42127117725492
6.14000000000000	0.06299960946129	0.24715200183016	-0.57840949171628	0.42528363211407
6.15000000000000	0.04518572156673	0.31381096263731	-0.58217734032752	0.42735331947804
6.16000000000000	0.02682148997005	0.38040356213046	-0.58302770091934	0.42755800218765
6.17000000000000	0.00870488203446	0.44521254247661	-0.58108099813026	0.42608678800959
6.18000000000000	-0.00829080321482	0.50858602576085	-0.57673339907055	0.42331951229296
6.19000000000000	-0.02295701719921	0.56947626405503	-0.57062533453472	0.41973171595233
6.20000000000000	-0.03447102150823	0.62837612283741	-0.56341389442417	0.41578965759966
6.21000000000000	-0.04213752634324	0.68497955144816	-0.55591225374469	0.41197890065347
6.22000000000000	-0.04525454444856	0.73943414496752	-0.54894292348449	0.40876700663937
6.23000000000000	-0.04328045442209	0.79183011136721	-0.54324901253905	0.40652437325936
6.24000000000000	-0.03635879853362	0.84198425567080	-0.53950425159186	0.40552575421418
6.25000000000000	-0.02473304408679	0.88989357575689	-0.53824999013676	0.40599959350258
6.26000000000000	-0.00899586986932	0.93509011337104	-0.53990637612646	0.40805444874635
6.27000000000000	0.00985361827281	0.97661676119338	-0.54467390356850	0.41160927066934
6.28000000000000	0.03092667535920	1.01445247062541	-0.55273517649401	0.41665925638390
6.29000000000000	0.05287383140458	1.04763079409998	-0.56403844989202	0.42291256284288
6.30000000000000	0.07453955120616	1.07570873159362	-0.57846940724329	0.43011852528061
6.31000000000000	0.09489279871968	1.09824148204040	-0.59586960927718	0.43806036912101
6.32000000000000	0.11294646553359	1.11490233209986	-0.61597571341728	0.44656182571172
6.33000000000000	0.12804461782218	1.12548867468236	-0.63853784389106	0.45565939086803
6.34000000000000	0.13977774106547	1.12976308352090	-0.66329524999067	0.46553312979457
6.35000000000000	0.14807288926226	1.12727966709734	-0.69001128958488	0.47655469463504
6.36000000000000	0.15283621761652	1.11795467063718	-0.71809667102038	0.48879551343501
6.37000000000000	0.15420315863155	1.10137685117902	-0.74696294835691	0.50229923775638
6.38000000000000	0.15264750421561	1.07756145735697	-0.77581862036049	0.51681660535117
6.39000000000000	0.14851755723369	1.04606677238186	-0.80373180651135	0.53181433689491
6.40000000000000	0.14233728011242	1.00722917790002	-0.82945532320473	0.54630460594483
6.41000000000000	0.13482480655810	0.96126999159257	-0.85183068269567	0.55932119045378
6.42000000000000	0.12681342574075	0.90856147003830	-0.86979095917894	0.56998675324281
6.43000000000000	0.11926466957906	0.84958798959637	-0.88251893593145	0.57772541044007
6.44000000000000	0.11298533056661	0.78519879342747	-0.88938318975039	0.58222866722700
6.45000000000000	0.10849507665108	0.71603687176910	-0.89005947140515	0.58353824649332
6.46000000000000	0.10672335533817	0.64361221025121	-0.88471210065347	0.58220239168655
6.47000000000000	0.10764038573623	0.56807431479493	-0.87366562627240	0.57872076057815
6.48000000000000	0.11098468957800	0.49126615842255	-0.85745172399679	0.57365282683671
6.49000000000000	0.11595018566701	0.41356654148391	-0.83681043180862	0.56745174916511
6.50000000000000	0.12193125082211	0.33672361729842	-0.81263782689400	0.56050527674479
6.51000000000000	0.12776341945170	0.26126630536963	-0.78590858981103	0.55302124665326
6.52000000000000	0.13289887073955	0.18856258725283	-0.75780048108610	0.54525853938575
6.53000000000000	0.13691376623018	0.11938857564177	-0.72953449805880	0.53746594947802
6.54000000000000	0.13960478078602	0.05406620598341	-0.70238629727387	0.52990353971159
6.55000000000000	0.14099803895329	-0.00688354481625	-0.67748528741992	0.52278399372823
6.56000000000000	0.14193423009540	-0.06410285163564	-0.65622736544821	0.51668937660151
6.57000000000000	0.14285794951741	-0.11749314396385	-0.63960357188986	0.51191881232571
6.58000000000000	0.14445725901786	-0.16713250267275	-0.62841679207269	0.50878845729936
6.59000000000000	0.14707526834167	-0.21396842984791	-0.62302704590271	0.50736395038459
6.60000000000000	0.15120132161688	-0.25814405310879	-0.62363647686621	0.50778362470764
6.61000000000000	0.15710065257739	-0.30018973652381	-0.62999373073377	0.50999415853783
6.62000000000000	0.16489938724088	-0.34059207767400	-0.64144328034364	0.51378623162334
6.63000000000000	0.17441665880535	-0.37959691436288	-0.65685182747459	0.51868403861916
6.64000000000000	0.18573899623944	-0.41769956880953	-0.67498368906546	0.52429645371730
6.65000000000000	0.19895855359591	-0.45483978520670	-0.69420362488765	0.52997405998792
6.66000000000000	0.21380317648832	-0.49170216066060	-0.71308984496083	0.53528175946634
6.67000000000000	0.22981537169134	-0.52806260813760	-0.72964783447911	0.53940835681479
6.68000000000000	0.24658084277993	-0.56465475750889	-0.74262309429478	0.54207539873770
6.69000000000000	0.26349140352191	-0.60144720201899	-0.75077873917228	0.54302205355496
6.70000000000000	0.27949602005322	-0.63930766179589	-0.75323385500382	0.54215946030047
6.71000000000000	0.29339893089316	-0.67836706729495	-0.74944781437648	0.53948519984361
6.72000000000000	0.30377350919290	-0.71892197025421	-0.73938112758663	0.53522971413708
6.73000000000000	0.30932138048055	-0.76092648530519	-0.72333143260111	0.52965055554009
6.74000000000000	0.30864337967489	-0.80387623857122	-0.70192045082840	0.52304079630834
6.75000000000000	0.30052211024269	-0.84735624398393	-0.67597772324350	0.51559888652663
6.76000000000000	0.28466815367721	-0.89037574229381	-0.64657460552769	0.50754169624182
6.77000000000000	0.26130123453602	-0.93169822736325	-0.61485383957624	0.49898389753949
6.78000000000000	0.23108026885140	-0.97063458936885	-0.58197867367015	0.48998042289957
6.79000000000000	0.19531208525456	-1.00596734256222	-0.54911946796706	0.48061472374333
6.80000000000000	0.15577352743192	-1.03718633017160	-0.51737807623171	0.47096418303005
6.81000000000000	0.11441254563388	-1.06371125254251	-0.48778413316468	0.46122134394192
6.82000000000000	0.07316372537358	-1.08511210942356	-0.46129177954904	0.45162031223557
6.83000000000000	0.03382369903034	-1.10124321421343	-0.43882318969634	0.44252505150237
6.84000000000000	-0.00213954023627	-1.11197343740343	-0.42115734406988	0.43431394110483
6.85000000000000	-0.03369464669985	-1.11746244840912	-0.40902331992921	0.42742746521707
6.86000000000000	-0.06012384801634	-1.11800551352476	-0.40314792667652	0.42244770981285
6.87000000000000	-0.08100064697707	-1.11355382795463	-0.40417249856159	0.41998578666235
6.88000000000000	-0.09623238041228	-1.10494698381527	-0.41260045795045	0.42059173827762
6.89000000000000	-0.10559690952634	-1.09215577204378	-0.42883388150175	0.42474132407346
6.90000000000000	-0.10916605110601	-1.07587164507225	-0.45294400671746	0.43277854118461
6.91000000000000	-0.10692430445391	-1.05638918019574	-0.48495309195816	0.44478615455436
6.92000000000000	-0.09883266084587	-1.03373581866026	-0.52441298080568	0.46068541431206
6.93000000000000	-0.08510597215463	-1.00795463810049	-0.57064414438972	0.48023735481892
6.94000000000000	-0.06627357286139	-0.97960490190583	-0.62272817367465	0.50307240980162
6.95000000000000	-0.04258130896804	-0.94809061344893	-0.67947947316101	0.52868023658391
6.96000000000000	-0.01513224423781	-0.91452407171626	-0.73942280455776	0.55639568909228
6.97000000000000	0.01545345993260	-0.87827694071651	-0.80089405826634	0.58539609749713
6.98000000000000	0.04797655129104	-0.84076917442158	-0.86211123940830	0.61471360286080
6.99000000000000	0.08188995308659	-0.80145462840287	-0.92117671305207	0.64332117919909
7.00000000000000	0.11616117905644	-0.76166124394980	-0.97631230528794	0.67021564131572
7.01000000000000	0.15046518891214	-0.72093200645335	-1.02583464797207	0.69451619232425
7.02000000000000	0.18417903579889	-0.67999093489278	-1.06823954174148	0.71547350584156
7.03000000000000	0.21699108175406	-0.63897657480057	-1.10230455314021	0.73248907402946
7.04000000000000	0.24862724867739	-0.59801657514486	-1.12710274970920	0.74512113547836
7.05000000000000	0.27866757228954	-0.55764270802230	-1.14204450432374	0.75308230660884
7.06000000000000	0.30709396632203	-0.51776778694621	-1.14684612221379	0.75618923875687
7.07000000000000	0.33379020557215	-0.47889800490855	-1.14154527601365	0.75443592309864
7.08000000000000	0.35862488019126	-0.44214806714332	-1.12662392258152	0.74799732057506
7.09000000000000	0.38193605231845	-0.40693854954325	-1.10284045256565	0.73723360598381
7.10000000000000	0.40383346428079	-0.37426091053437	-1.07120306591853	0.72266192686782
7.11000000000000	0.42481931629056	-0.34389870620982	-1.03293001764435	0.70484619592035
7.12000000000000	0.44523798821915	-0.31620592867614	-0.98937693147996	0.68445250982882
7.13000000000000	0.46546706106409	-0.29160631519019	-0.94189811285426	0.66206090583861
7.14000000000000	0.48574365798135	-0.26989869457932	-0.89179593435019	0.63821165387002
7.15000000000000	0.50606170349418	-0.25123155282975	-0.84017280277945	0.61328498831684
7.16000000000000	0.52622610015175	-0.23535367426461	-0.78797722535883	0.58758125752266
7.17000000000000	0.54569827916058	-0.22218222298863	-0.73598266694433	0.56135366464149
7.18000000000000	0.56371688102900	-0.21144249949347	-0.68463458362914	0.53467468303742
7.19000000000000	0.57936816758205	-0.20299247469373	-0.63410783650877	0.50748989198341
7.20000000000000	0.59160240311110	-0.19672920227813	-0.58445144519884	0.47977227464884
7.21000000000000	0.59931251785972	-0.19298104383235	-0.53567419905005	0.45160872154078
7.22000000000000	0.60185064303346	-0.19179852129418	-0.48756486009183	0.42296451807427
7.23000000000000	0.59871275918121	-0.19339036564523	-0.43994400150441	0.39391768315961
7.24000000000000	0.58977522132031	-0.19808246174686	-0.39285103996499	0.36477076304759
7.25000000000000	0.57555612698951	-0.20556648184610	-0.34645994389197	0.33592195263869
7.26000000000000	0.55659510155084	-0.21614791586923	-0.30110368199900	0.30781053569140
7.27000000000000	0.53419177580460	-0.22891033649730	-0.25728812360012	0.28094171788768
7.28000000000000	0.50937931898791	-0.24384192958045	-0.21579289877793	0.25593507986402
7.29000000000000	0.48368261264119	-0.25980317705913	-0.17753407791637	0.23338466766822
7.30000000000000	0.45824818995384	-0.27663298880964	-0.14352851792101	0.21380669398554
7.31000000000000	0.43432606888225	-0.29328205615453	-0.11491548027398	0.19767371968541
7.32000000000000	0.41292908696094	-0.30948325400964	-0.09245785740021	0.18496954738323
7.33000000000000	0.39483694752980	-0.32489352826994	-0.07706216395092	0.17576052337716
7.34000000000000	0.38054150955952	-0.33952023222980	-0.06937656309743	0.16994264227655
7.35000000000000	0.37014675929454	-0.35357022388504	-0.06983640634366	0.16742779976340
7.36000000000000	0.36359585973426	-0.36703787309728	-0.07856538469124	0.16810555577743
7.37000000000000	0.36025177443878	-0.38075384299857	-0.09534859320487	0.17188736730255
7.38000000000000	0.35931872173821	-0.39468338469356	-0.11967075099889	0.17867623028665
7.39000000000000	0.35968001913434	-0.40874732887489	-0.15068572252796	0.18832539091610
7.40000000000000	0.35974828935341	-0.42357747638130	-0.18718211205010	0.20056125561238
7.41000000000000	0.35818710157971	-0.43864740914492	-0.22747450040227	0.21471390064331
7.42000000000000	0.35342242010094	-0.45426010150762	-0.26982797542221	0.23011344405150
7.43000000000000	0.34418573542270	-0.47031951652086	-0.31234349728606	0.24587222090798
7.44000000000000	0.32956939372691	-0.48654122797921	-0.35303691139164	0.26088611964443
7.45000000000000	0.30896462216827	-0.50346359604603	-0.39004148568077	0.27405030878082
7.46000000000000	0.28249518831023	-0.52038025291747	-0.42171223774424	0.28426496693312
7.47000000000000	0.25017252719887	-0.53825200866429	-0.44677918047615	0.29069316474450
7.48000000000000	0.21303532341396	-0.55622719414065	-0.46442258739589	0.29271894797499
7.49000000000000	0.17215012751264	-0.57560065512185	-0.47431888113600	0.29014377414067
7.50000000000000	0.12897481984588	-0.59552693199264	-0.47655251950864	0.28295312903471
7.51000000000000	0.08489943355815	-0.61613821440679	-0.47173977812087	0.27150718837877
7.52000000000000	0.04144452742204	-0.63734503340791	-0.46094201860253	0.25643728488283
7.53000000000000	0.00025522696844	-0.65881356924305	-0.44543750211174	0.23847493280519
7.54000000000000	-0.03718665293658	-0.68003162766589	-0.42675078865482	0.21852812947760
7.55000000000000	-0.06963548612144	-0.70028064443685	-0.40658786888094	0.19760359899032
7.56000000000000	-0.09581454703714	-0.71830210378535	-0.38666496383750	0.17682092132307
7.57000000000000	-0.11468932801380	-0.73357070322476	-0.36858830698608	0.15714210471929
7.58000000000000	-0.12538414005764	-0.74457444240834	-0.35380865122903	0.13984903989190
7.59000000000000	-0.12761986504285	-0.75095652228578	-0.34372469979643	0.12572524991287
7.60000000000000	-0.12173374902038	-0.75106091395716	-0.33942848612230	0.11606606766813
7.61000000000000	-0.10812308511872	-0.74475392958961	-0.34152372497543	0.11138151933951
7.62000000000000	-0.08784157346531	-0.73162581954892	-0.35037131044249	0.11214198916318
7.63000000000000	-0.06242646182296	-0.71150625668307	-0.36592684703365	0.11846385894470
7.64000000000000	-0.03377097098470	-0.68462261322163	-0.38777199010184	0.13006115900187
7.65000000000000	-0.00387599272080	-0.65140238693943	-0.41505537482093	0.14626438035143
7.66000000000000	0.02516047104011	-0.61221325518748	-0.44670931004225	0.16616602338516
7.67000000000000	0.05116381464662	-0.56789115099872	-0.48147770718846	0.18875965759379
7.68000000000000	0.07247542558353	-0.51868473384167	-0.51792442798665	0.21289766730737
7.69000000000000	0.08760289865976	-0.46536694696722	-0.55454430320198	0.23743554258961
7.70000000000000	0.09522902257869	-0.40820460780891	-0.58992526023074	0.26144137835767
7.71000000000000	0.09497179861065	-0.34757069764936	-0.62267646567597	0.28406981792419
7.72000000000000	0.08669584068852	-0.28405870220653	-0.65158077586576	0.30469982575020
7.73000000000000	0.07082415723702	-0.21799665220647	-0.67552291060162	0.32293734383604
7.74000000000000	0.04804374889902	-0.14971686047289	-0.69362049601986	0.33858627049100
7.75000000000000	0.01916641814799	-0.08001699024279	-0.70517008291298	0.35155597285203
7.76000000000000	-0.01449620990014	-0.00882541641598	-0.70963624843760	0.36184296778635
7.77000000000000	-0.05187526498341	0.06291279865353	-0.70666868937935	0.36943562878673
7.78000000000000	-0.09176848571186	0.13569970600111	-0.69617958354007	0.37446386127628
7.79000000000000	-0.13319634279368	0.20875274873081	-0.67820973758610	0.37692490573577
7.80000000000000	-0.17467030394649	0.28233569968409	-0.65291947766481	0.37677977726218
7.81000000000000	-0.21532397298363	0.35568062832021	-0.62081393504607	0.37406350270859
7.82000000000000	-0.25397970240955	0.42902690294269	-0.58246742192203	0.36870196239150
7.83000000000000	-0.28984546353812	0.50171170167213	-0.53858170604526	0.36050967746713
7.84000000000000	-0.32209240596804	0.57341310398797	-0.48997450257311	0.34937788595372
7.85000000000000	-0.35035279158457	0.64390836750500	-0.43793908719713	0.33550504427990
7.86000000000000	-0.37448913958003	0.71266886272682	-0.38353591021571	0.31892277415350
7.87000000000000	-0.39439865820254	0.77940570339690	-0.32812325274366	0.30000368456386
7.88000000000000	-0.41077453646533	0.84390040335581	-0.27294950234584	0.27908049175096
7.89000000000000	-0.42450475170265	0.90557632646707	-0.21943880092360	0.25679793371967
7.90000000000000	-0.43643302369091	0.96481011023077	-0.16890269324828	0.23386922141583
7.91000000000000	-0.44778894942242	1.02124275685290	-0.12254195860057	0.21106835687130
7.92000000000000	-0.45956954769535	1.07502039923894	-0.08144708234419	0.18925443254869
7.93000000000000	-0.47287552077643	1.12630095248928	-0.04654962501400	0.16925280796318
7.94000000000000	-0.48842365306927	1.17506195310039	-0.01856245356133	0.15179407553940
7.95000000000000	-0.50651388927039	1.22127782759699	0.00202484540920	0.13747856716014
7.96000000000000	-0.52713892605082	1.26433449997005	0.01492072307420	0.12679250567495
7.97000000000000	-0.54990803782236	1.30446961371846	0.02020104717377	0.11992151643351
7.98000000000000	-0.57446083463043	1.34082097883536	0.01799837627646	0.11669664397647
7.99000000000000	-0.59972474623324	1.37356193812043	0.00904349790002	0.11706119546958
8.00000000000000	-0.62479473669063	1.40195893497270	-0.00647692740785	0.12079333477257
8.01000000000000	-0.64864749078782	1.42604557073686	-0.02752758796917	0.12737657388989
8.02000000000000	-0.67007446223246	1.44584231001038	-0.05332593991604	0.13647735915349
8.03000000000000	-0.68801777122948	1.46137294777872	-0.08306324100876	0.14785243523780
8.04000000000000	-0.70152156763902	1.47263031578232	-0.11595554756684	0.16134263501829
8.05000000000000	-0.70986525217011	1.47990251802047	-0.15106920873889	0.17666383946593
8.06000000000000	-0.71267542476701	1.48285791508215	-0.18756316034278	0.19355916382167
8.07000000000000	-0.70980141146755	1.48184498272390	-0.22472350167565	0.21175622658255
8.08000000000000	-0.70157633529208	1.47613755088406	-0.26183145897347	0.23080020450186
8.09000000000000	-0.68847090932662	1.46623909251223	-0.29821128541384	0.25009942912580
8.10000000000000	-0.67156659937248	1.45142779875006	-0.33337404523621	0.26911796939915
8.11000000000000	-0.65190335787932	1.43202532464104	-0.36697551516136	0.28733657587748
8.12000000000000	-0.63087320584725	1.40755527916229	-0.39884140598558	0.30438532222389
8.13000000000000	-0.61004040331918	1.37817547564656	-0.42902738769801	0.32012082695515
8.14000000000000	-0.59094062389990	1.34387905139913	-0.45770352085333	0.33453854206466
8.15000000000000	-0.57503718348563	1.30458476932005	-0.48512920140138	0.34775472064550
8.16000000000000	-0.56346814947859	1.26061092721515	-0.51156101998099	0.35990921168950
8.17000000000000	-0.55706829597988	1.21199516125464	-0.53737458067389	0.37131227646736
8.18000000000000	-0.55630945784840	1.15880991942157	-0.56273374723273	0.38212567038216
8.19000000000000	-0.56095917792440	1.10155264927607	-0.58776038828536	0.39254092943234
8.20000000000000	-0.57024143721296	1.04057164618755	-0.61249812804746	0.40277946726844
8.21000000000000	-0.58328309060253	0.97592457208575	-0.63684876514780	0.41305128486989
8.22000000000000	-0.59863932328602	0.90823461161426	-0.66061492270295	0.42355549249123
8.23000000000000	-0.61485690779372	0.83747503840707	-0.68349996585237	0.43446200216839
8.24000000000000	-0.63020995864558	0.76402374887722	-0.70508443739658	0.44585382175454
8.25000000000000	-0.64353123757426	0.68853514947248	-0.72481421099495	0.45765142548942
8.26000000000000	-0.65389981222660	0.61065521911606	-0.74213835593912	0.46971414924465
8.27000000000000	-0.66035806095016	0.53181516009494	-0.75630874377020	0.48161688902942
8.28000000000000	-0.66290458280438	0.45134629448919	-0.76652285163827	0.49272578825725
8.29000000000000	-0.66118053869352	0.37115566790002	-0.77202624488816	0.50230054054201
8.30000000000000	-0.65582814230802	0.29066363269136	-0.77203156662897	0.50940841498502
8.31000000000000	-0.64691803096897	0.21153133785616	-0.76583924332720	0.51307304475504
8.32000000000000	-0.63497430603418	0.13426965129425	-0.75282345072177	0.51230124921440
8.33000000000000	-0.62055526195432	0.05958499087515	-0.73275495801357	0.50645216857451
8.34000000000000	-0.60435000218060	-0.01168725497529	-0.70559786093863	0.49511593886532
8.35000000000000	-0.58682731946035	-0.07918408385580	-0.67170392171025	0.47832956759027
8.36000000000000	-0.56854783013991	-0.14268407051171	-0.63169428961333	0.45645830190861
8.37000000000000	-0.55009426630494	-0.20097422112873	-0.58667151098410	0.43044221473065
8.38000000000000	-0.53239524913686	-0.25485249380422	-0.53793925428520	0.40142990557416
8.39000000000000	-0.51567112502292	-0.30324004141542	-0.48702088342573	0.37082618960896
8.40000000000000	-0.50070741188370	-0.34715539560279	-0.43551008188638	0.34003000581954
8.41000000000000	-0.48770711341062	-0.38580786121453	-0.38500773490340	0.31040330566820
8.42000000000000	-0.47715775004566	-0.42005288326285	-0.33692393664537	0.28300413217112
8.43000000000000	-0.46909690167381	-0.44972939776738	-0.29245370323887	0.25863303233325
8.44000000000000	-0.46372993436204	-0.47495723609355	-0.25251926021973	0.23777803940768
8.45000000000000	-0.46060249574827	-0.49644759004711	-0.21771475825681	0.22069142179358
8.46000000000000	-0.45951937086185	-0.51424101065550	-0.18835046217252	0.20742639499626
8.47000000000000	-0.46009981254999	-0.52895563792711	-0.16449213710593	0.19793392955934
8.48000000000000	-0.46173170960194	-0.54124716805402	-0.14598221863388	0.19204851127503
8.49000000000000	-0.46385219216490	-0.55167172412246	-0.13248764634378	0.18953816842490
8.50000000000000	-0.46593006498616	-0.56116236892802	-0.12356627903964	0.19008393654768
8.51000000000000	-0.46743244044637	-0.57050942460667	-0.11869749107299	0.19323547685150
8.52000000000000	-0.46781500148340	-0.58028429786330	-0.11739887317806	0.19844827807874
8.53000000000000	-0.46665733315539	-0.59097240571671	-0.11917010981953	0.20513068581294
8.54000000000000	-0.46337814730888	-0.60302381701101	-0.12369051242553	0.21273033689552
8.55000000000000	-0.45738669954640	-0.61674798550035	-0.13079989579452	0.22087377078638
8.56000000000000	-0.44858601598657	-0.63260716172127	-0.14046926661191	0.22933331150035
8.57000000000000	-0.43640112372994	-0.65026685854504	-0.15288279989422	0.23814390267642
8.58000000000000	-0.42084390072781	-0.67057275772651	-0.16833576214049	0.24749079296354
8.59000000000000	-0.40158117140514	-0.69284818608240	-0.18719573689115	0.25766393371825
8.60000000000000	-0.37879083940697	-0.71760604466053	-0.20967454051267	0.26876897787549
8.61000000000000	-0.35239028287297	-0.74380946297551	-0.23593236732290	0.28088958105624
8.62000000000000	-0.32279254910926	-0.77147710495008	-0.26601073790572	0.29393031682297
8.63000000000000	-0.29033166837935	-0.79950202332391	-0.29966895901297	0.30755721173115
8.64000000000000	-0.25500102567207	-0.82732809867023	-0.33632713991941	0.32129297539616
8.65000000000000	-0.21736404720965	-0.85397571904639	-0.37542645801129	0.33480842352555
8.66000000000000	-0.17775049060922	-0.87852306806890	-0.41615299084977	0.34777147970289
8.67000000000000	-0.13642875470055	-0.90012638997961	-0.45752960628974	0.35992997987590
8.68000000000000	-0.09388210060488	-0.91868029127671	-0.49837240552458	0.37106304503867
8.69000000000000	-0.04997729620626	-0.93306274991004	-0.53754725035790	0.38113861898208
8.70000000000000	-0.00507122198197	-0.94364903436568	-0.57388636462852	0.39018320717226
8.71000000000000	0.04091599218441	-0.94952407028610	-0.60616839141824	0.39810168703054
8.72000000000000	0.08744151971539	-0.95080953317791	-0.63326653785863	0.40477600000372
8.73000000000000	0.13468975267911	-0.94726270445776	-0.65412182216463	0.40985128430821
8.74000000000000	0.18215605914030	-0.93863966061275	-0.66804408194288	0.41305826076524
8.75000000000000	0.22940007583441	-0.92478014249542	-0.67451750430183	0.41397501238877
8.76000000000000	0.27585686317993	-0.90535854369385	-0.67326284562669	0.41209787955469
8.77000000000000	0.32085850969838	-0.88082537128308	-0.66452588850366	0.40720689004025
8.78000000000000	0.36390428777097	-0.85106331310758	-0.64883403869043	0.39917784514417
8.79000000000000	0.40412580967974	-0.81718934909975	-0.62698141918554	0.38807879141531
8.80000000000000	0.44090214011700	-0.77942214592919	-0.59998053666791	0.37414656743668
8.81000000000000	0.47348880714318	-0.73923180367319	-0.56911819758549	0.35798333081662
8.82000000000000	0.50134933156069	-0.69784730231944	-0.53558719328755	0.34021029177189
8.83000000000000	0.52396302299420	-0.65644920670136	-0.50046059583422	0.32148917943078
8.84000000000000	0.54075262140726	-0.61596238194332	-0.46486102250665	0.30263852440159
8.85000000000000	0.55137269528347	-0.57733203589662	-0.42958174112568	0.28427479761253
8.86000000000000	0.55564079221745	-0.54117233135799	-0.39513639271762	0.26678845352890
8.87000000000000	0.55351303790597	-0.50815831033361	-0.36176763090507	0.25026779268341
8.88000000000000	0.54520831695415	-0.47815395821927	-0.32954638006127	0.23466884080041
8.89000000000000	0.53149073009856	-0.45159471811330	-0.29830954278342	0.21963050558178
8.90000000000000	0.51317877606042	-0.42819148671129	-0.26789981736624	0.20484482418238
8.91000000000000	0.49134587938616	-0.40821458944881	-0.23826374810349	0.19004112647389
8.92000000000000	0.46716452774331	-0.39148886000326	-0.20919610583386	0.17487719410992
8.93000000000000	0.44180722661943	-0.37828351300220	-0.18087070887637	0.15928636033532
8.94000000000000	0.41647330815564	-0.36871864378267	-0.15353230001923	0.14327445424430
8.95000000000000	0.39213043117002	-0.36288884359134	-0.12754790129532	0.12693333358428
8.96000000000000	0.36938289646783	-0.36088789649445	-0.10342389039399	0.11044088814638
8.97000000000000	0.34881052171560	-0.36265799986966	-0.08165961438231	0.09399324671692
8.98000000000000	0.33069386891477	-0.36806324616408	-0.06274097442602	0.07780758026232
8.99000000000000	0.31500239566161	-0.37672566973346	-0.04710813613937	0.06216967494137
9.00000000000000	0.30129494640128	-0.38816924770547	-0.03523140207087	0.04758960210078
9.01000000000000	0.28915948643461	-0.40181701996450	-0.02729329282127	0.03447621932381
9.02000000000000	0.27757138201717	-0.41730300975161	-0.02314723786258	0.02316912881966
9.03000000000000	0.26560598701702	-0.43418911077206	-0.02255930645264	0.01409066943992
9.04000000000000	0.25200474395059	-0.45231652644737	-0.02505668136940	0.00758877654872
9.05000000000000	0.23546735822191	-0.47173021459379	-0.02977412780108	0.00367615620078
9.06000000000000	0.21468839615357	-0.49265282795016	-0.03560438605521	0.00213566035615
9.07000000000000	0.18835102009670	-0.51573061326126	-0.04107089028042	0.00239883783277
9.08000000000000	0.15565214095399	-0.54098887676084	-0.04513306268936	0.00406587688835
9.09000000000000	0.11583518900415	-0.56948273836509	-0.04630418045624	0.00629942586623
9.10000000000000	0.06912600441865	-0.60117339964492	-0.04338333871163	0.00833768099463
9.11000000000000	0.01565407613797	-0.63679444196925	-0.03550158716556	0.00951778708498
9.12000000000000	-0.04332614812170	-0.67584094590934	-0.02224176783819	0.00943307423866
9.13000000000000	-0.10625987221933	-0.71814700766923	-0.00343882064734	0.00773213743630
9.14000000000000	-0.17132442842860	-0.76318696619278	0.02060244948189	0.00425714803809
9.15000000000000	-0.23641035345731	-0.81012898999951	0.04917559576671	-0.00092742622288
9.16000000000000	-0.29919856777510	-0.85794243394827	0.08114904491730	-0.00758683167868
9.17000000000000	-0.35776455041975	-0.90577927632692	0.11516485555261	-0.01543978879591
9.18000000000000	-0.41028659013620	-0.95198151029830	0.14960731341932	-0.02402181228883
9.19000000000000	-0.45564224321828	-0.99631150257864	0.18281719963325	-0.03293091220990
9.20000000000000	-0.49265944370638	-1.03690249116327	0.21295599057429	-0.04150531004912
9.21000000000000	-0.52112851380525	-1.07380836427989	0.23841969652330	-0.04924574741391
9.22000000000000	-0.54076669830402	-1.10594041154066	0.25766143883070	-0.05551701991323
9.23000000000000	-0.55196645463637	-1.13355350681892	0.26942989102854	-0.05977534792132
9.24000000000000	-0.55513482170618	-1.15630438766374	0.27281893826225	-0.06153595997876
9.25000000000000	-0.55104355047632	-1.17443032738311	0.26728097689318	-0.06042677998600
9.26000000000000	-0.54057045251501	-1.18800400609791	0.25271134756957	-0.05629099562078
9.27000000000000	-0.52482170477830	-1.19684237314091	0.22942608858424	-0.04917205177896
9.28000000000000	-0.50497756745767	-1.20118377502476	0.19817742050597	-0.03932071163569
9.29000000000000	-0.48231388393430	-1.20048406794977	0.16006172460531	-0.02724976570151
9.30000000000000	-0.45851419544919	-1.19497947246310	0.11633328548050	-0.01343057090511
9.31000000000000	-0.43499739226329	-1.18438110352976	0.06850450248207	0.00146872328258
9.32000000000000	-0.41317098507466	-1.16872011163603	0.01813567696004	0.01684448107707
9.33000000000000	-0.39443883644289	-1.14855298999787	-0.03324673046406	0.03216573240376
9.34000000000000	-0.37978404903025	-1.12427015705593	-0.08422126894047	0.04699562318949
9.35000000000000	-0.36980558252891	-1.09633647596758	-0.13351190602854	0.06099270763892
9.36000000000000	-0.36467708327956	-1.06554216883421	-0.18002553261732	0.07396717975430
9.37000000000000	-0.36389434637955	-1.03214053690845	-0.22288015256368	0.08580567881448
9.38000000000000	-0.36673128424603	-0.99713617965379	-0.26139149252851	0.09652874301120
9.39000000000000	-0.37187550594345	-0.96040126636813	-0.29508265642934	0.10619179552314
9.40000000000000	-0.37793075363225	-0.92257524274789	-0.32362588050334	0.11489526499598
9.41000000000000	-0.38327406657097	-0.88348061773447	-0.34675638262767	0.12258630350682
9.42000000000000	-0.38666128293177	-0.84357147169821	-0.36431622489812	0.12918195654860
9.43000000000000	-0.38677543183982	-0.80248661761939	-0.37617674020563	0.13448415165136
9.44000000000000	-0.38277665963081	-0.76029123102520	-0.38231914962998	0.13832422357218
9.45000000000000	-0.37419430968420	-0.71681497194179	-0.38279439021980	0.14058478279332
9.46000000000000	-0.36095338025014	-0.67180826113145	-0.37776348776872	0.14127030981840
9.47000000000000	-0.34333855540132	-0.62530615003139	-0.36748851784434	0.14052692180229
9.48000000000000	-0.32176928246222	-0.57717833671260	-0.35232854646369	0.13855378692012
9.49000000000000	-0.29690827938712	-0.52765007306802	-0.33282286355608	0.13570018175707
9.50000000000000	-0.26927498324988	-0.47650189923972	-0.30949617769041	0.13215383325046
9.51000000000000	-0.23981196912260	-0.42454175048620	-0.28298351444773	0.12809910970085
9.52000000000000	-0.20898630614525	-0.37150506797115	-0.25398266801717	0.12358340689028
9.53000000000000	-0.17772740681305	-0.31825060750393	-0.22326894621070	0.11863906588165
9.54000000000000	-0.14674360554308	-0.26458706525580	-0.19171701064759	0.11327458190426
9.55000000000000	-0.11696251868013	-0.21111089234462	-0.16024467473544	0.10752710794718
9.56000000000000	-0.08914487051266	-0.15803613280725	-0.12980286035437	0.10149732382280
9.57000000000000	-0.06397203185446	-0.10540810366172	-0.10133975560817	0.09535804749652
9.58000000000000	-0.04205067862448	-0.05384010293291	-0.07574853543419	0.08936838651651
9.59000000000000	-0.02310809255769	-0.00229048006431	-0.05383624230565	0.08382699790556
9.60000000000000	-0.00744083295469	0.04807001594467	-0.03621924344471	0.07903959151660
9.61000000000000	0.00591284783411	0.09847504309446	-0.02335025077957	0.07527656523737
9.62000000000000	0.01760924351200	0.14825635359895	-0.01535859930455	0.07266480808598
9.63000000000000	0.02872728852387	0.19753615238127	-0.01221420274509	0.07132611333391
9.64000000000000	0.04046392612775	0.24627975293933	-0.01371496959052	0.07141212091697
9.65000000000000	0.05398814583436	0.29436949264197	-0.01953622404644	0.07313389952551
9.66000000000000	0.06996933120482	0.34164279214357	-0.02915157177264	0.07667430651294
9.67000000000000	0.08906311836207	0.38808765569980	-0.04214349814054	0.08244784758226
9.68000000000000	0.11131052942572	0.43299416494913	-0.05800814796399	0.09079338554600
9.69000000000000	0.13663396379047	0.47683725766542	-0.07613223700890	0.10184212335578
9.70000000000000	0.16432212438032	0.51873500104183	-0.09590325675239	0.11553050767851
9.71000000000000	0.19390488506040	0.55921842357157	-0.11670218326875	0.13157773698730
9.72000000000000	0.22420886876323	0.59745877835128	-0.13789132525006	0.14945552086206
9.73000000000000	0.25427025131060	0.63395166776384	-0.15886156188980	0.16852566757338
9.74000000000000	0.28303147696410	0.66825822784243	-0.17920156743568	0.18822541717131
9.75000000000000	0.30934842369745	0.70046538294329	-0.19855272490506	0.20797681436355
9.76000000000000	0.33199654857162	0.73056793513449	-0.21659190406383	0.22716732739077
9.77000000000000	0.34980191734064	0.75860207904267	-0.23314684015660	0.24527653811058
9.78000000000000	0.36196330326631	0.78471573197605	-0.24807396824492	0.26174914124629
9.79000000000000	0.36785487481389	0.80898198784894	-0.26121836086202	0.27600374099142
9.80000000000000	0.36705980095296	0.83161992129885	-0.27242545860773	0.28748494581557
9.81000000000000	0.35943257629073	0.85275546824260	-0.28152100706031	0.29572517070872
9.82000000000000	0.34550521832168	0.87276016328152	-0.28842783951995	0.30045131205669
9.83000000000000	0.32588152870473	0.89166695476855	-0.29300485087307	0.30152406401762
9.84000000000000	0.30149375572395	0.90973164192718	-0.29507090390230	0.29897286080986
9.85000000000000	0.27319136185545	0.92681146361029	-0.29462542768203	0.29299253219917
9.86000000000000	0.24255624703278	0.94276985286139	-0.29157514524872	0.28423345526473
9.87000000000000	0.21066476752287	0.95750836979552	-0.28600721948842	0.27331044642855
9.88000000000000	0.17850382489800	0.97039777845298	-0.27805708784046	0.26110029660394
9.89000000000000	0.14695935517285	0.98132344707494	-0.26792344065238	0.24847807664516
9.90000000000000	0.11681224563529	0.98952504562848	-0.25591728163889	0.23628872951451
9.91000000000000	0.08861186377665	0.99495681230916	-0.24234199049375	0.22519509631600
9.92000000000000	0.06246827580435	0.99740326403397	-0.22754154560630	0.21565081467866
9.93000000000000	0.03814788716619	0.99660591507225	-0.21190882810222	0.20791916359353
9.94000000000000	0.01549837494186	0.99256263419061	-0.19573563000040	0.20195004691122
9.95000000000000	-0.00573175679415	0.98516786708728	-0.17937920993245	0.19744827429050
9.96000000000000	-0.02650407131508	0.97431090800707	-0.16296503465005	0.19411156256707
9.97000000000000	-0.04730439621153	0.96021927083686	-0.14704238635475	0.19157985554936
9.98000000000000	-0.06875967842801	0.94205975240514	-0.13170175543804	0.18942114343800
9.99000000000000	-0.09122611847503	0.92018161836523	-0.11729757214138	0.18745609865804
10.00000000000000	-0.11556972703513	0.89342004393652	-0.10423284252622	0.18576476533820
